docs/source/tutorials/flow_direction_and_accumulation/data/SRTMGL3_39.91977980500126_-105.73022019499874_40.380220194998735_-105.26977980500126.asc
ncols        553
nrows        553
xllcorner    -105.730416666684
yllcorner    39.919583333338
cellsize     0.000833333333
NODATA_value 0
[rows 0 to 37 of 553, columns 168 to 251 of 553]
2914 2967 2994 3019 3037 3045 3046 3046 3031 3010 2994 2984 2962 2932 2900 2877 2857 2838 2817 2797 2766 2747 2730 2696 2651 2615 2582 2563 2548 2540 2542 2545 2543 2539 2536 2517 2493 2479 2484 2499 2505 2498 2483 2459 2433 2420 2419 2431 2454 2470 2475 2473 2463 2447 2439 2438 2432 2414 2386 2360 2340 2335 2335 2337 2343 2351 2347 2343 2340 2338 2337 2338 2338 2340 2342 2339 2335 2331 2327 2322 2320 2315 2308 2311
2875 2926 2966 3007 3024 3027 3025 3025 3012 2986 2958 2938 2913 2889 2866 2849 2830 2805 2783 2765 2740 2719 2707 2687 2655 2619 2604 2590 2574 2566 2569 2569 2563 2557 2542 2529 2518 2515 2522 2531 2534 2529 2512 2490 2466 2455 2453 2453 2452 2458 2472 2474 2467 2458 2464 2478 2482 2465 2420 2387 2357 2344 2334 2329 2333 2338 2332 2328 2327 2327 2330 2331 2334 2340 2344 2343 2338 2334 2330 2326 2322 2317 2307 2307
2849 2900 2945 2974 3000 3002 2984 2972 2962 2937 2910 2887 2863 2843 2825 2807 2792 2771 2749 2721 2698 2683 2669 2662 2656 2645 2629 2617 2607 2599 2596 2594 2580 2565 2563 2562 2558 2554 2550 2555 2560 2553 2540 2524 2508 2496 2484 2474 2468 2467 2472 2468 2459 2446 2447 2467 2489 2481 2444 2404 2369 2351 2338 2328 2322 2322 2319 2317 2319 2318 2318 2323 2327 2332 2341 2335 2329 2329 2329 2325 2322 2316 2306 2302
2820 2864 2913 2937 2948 2953 2938 2922 2910 2887 2866 2844 2825 2802 2779 2760 2752 2736 2710 2681 2661 2648 2635 2634 2640 2641 2638 2632 2628 2622 2621 2613 2593 2579 2588 2599 2596 2584 2576 2572 2574 2572 2566 2558 2544 2527 2509 2497 2496 2491 2482 2470 2458 2442 2429 2430 2441 2444 2431 2400 2367 2351 2343 2337 2327 2321 2320 2320 2319 2317 2314 2313 2314 2316 2320 2316 2317 2323 2322 2324 2322 2312 2302 2299
2784 2814 2846 2887 2896 2897 2888 2878 2871 2854 2828 2806 2791 2767 2738 2716 2708 2697 2671 2643 2624 2608 2601 2603 2606 2607 2609 2613 2619 2617 2627 2624 2608 2602 2614 2631 2630 2611 2596 2588 2585 2578 2574 2567 2564 2554 2538 2533 2531 2523 2505 2488 2473 2455 2440 2420 2408 2405 2396 2379 2364 2358 2353 2347 2338 2331 2333 2334 2329 2323 2318 2314 2313 2312 2310 2308 2311 2311 2310 2306 2307 2303 2299 2299
2742 2764 2784 2807 2833 2852 2841 2834 2825 2814 2793 2768 2747 2730 2705 2680 2664 2652 2631 2607 2587 2571 2568 2572 2572 2575 2575 2591 2600 2602 2618 2630 2625 2618 2617 2631 2640 2636 2613 2587 2573 2565 2555 2554 2565 2570 2565 2555 2539 2524 2510 2498 2487 2474 2458 2434 2417 2405 2394 2386 2382 2373 2363 2353 2349 2352 2353 2346 2344 2338 2331 2324 2323 2326 2330 2335 2330 2310 2304 2303 2303 2302 2300 2311
2703 2721 2739 2754 2771 2785 2783 2783 2781 2771 2755 2732 2710 2689 2669 2653 2634 2615 2600 2577 2556 2544 2543 2542 2541 2540 2545 2563 2577 2594 2620 2638 2619 2592 2581 2591 2612 2631 2612 2570 2541 2534 2528 2531 2544 2563 2575 2565 2540 2515 2491 2484 2479 2471 2472 2460 2443 2430 2420 2410 2396 2385 2373 2365 2365 2364 2356 2351 2349 2346 2344 2348 2351 2354 2355 2348 2341 2327 2317 2309 2303 2299 2304 2338
2664 2681 2698 2708 2716 2725 2731 2733 2735 2734 2724 2706 2686 2664 2645 2627 2609 2586 2565 2548 2536 2524 2519 2518 2519 2517 2518 2532 2549 2580 2614 2624 2598 2561 2541 2544 2564 2581 2581 2545 2516 2502 2500 2505 2522 2546 2574 2577 2556 2521 2481 2465 2457 2452 2460 2455 2439 2433 2431 2422 2408 2394 2383 2373 2370 2364 2356 2354 2354 2353 2354 2354 2354 2350 2349 2347 2341 2331 2324 2313 2304 2302 2312 2351
2633 2648 2655 2660 2665 2675 2681 2689 2693 2689 2683 2675 2665 2651 2636 2621 2600 2577 2555 2537 2523 2505 2497 2498 2499 2500 2498 2506 2524 2550 2575 2586 2579 2542 2514 2506 2514 2526 2531 2512 2491 2481 2478 2486 2503 2529 2558 2575 2566 2529 2492 2463 2446 2433 2429 2429 2421 2421 2422 2419 2415 2405 2391 2379 2373 2369 2365 2363 2359 2360 2355 2350 2345 2338 2335 2334 2332 2326 2319 2311 2303 2304 2323 2345
2601 2611 2618 2623 2626 2634 2641 2642 2646 2647 2641 2644 2650 2647 2634 2620 2599 2578 2554 2530 2509 2496 2484 2481 2484 2486 2485 2485 2498 2514 2526 2540 2538 2514 2491 2480 2482 2486 2482 2472 2468 2465 2465 2471 2487 2514 2541 2556 2552 2525 2491 2464 2446 2432 2421 2412 2408 2405 2408 2405 2407 2408 2397 2384 2375 2372 2368 2365 2366 2363 2359 2351 2348 2338 2328 2321 2319 2316 2310 2309 2304 2306 2318 2332
2574 2579 2586 2593 2597 2602 2606 2607 2604 2606 2612 2623 2636 2640 2632 2618 2598 2572 2544 2516 2497 2485 2478 2469 2469 2469 2468 2469 2475 2483 2490 2493 2493 2483 2473 2464 2462 2458 2455 2454 2451 2452 2458 2459 2465 2486 2512 2524 2519 2500 2485 2472 2452 2440 2427 2415 2398 2390 2387 2386 2392 2397 2392 2381 2371 2363 2360 2356 2352 2351 2355 2348 2338 2325 2314 2307 2307 2306 2305 2304 2303 2310 2324 2339
2556 2558 2564 2571 2572 2575 2575 2573 2575 2579 2588 2597 2607 2615 2607 2591 2572 2554 2532 2509 2494 2482 2474 2461 2457 2455 2454 2455 2458 2463 2464 2464 2464 2459 2454 2449 2448 2447 2443 2441 2440 2443 2447 2446 2439 2450 2469 2480 2474 2462 2450 2449 2449 2442 2436 2420 2396 2386 2380 2376 2378 2382 2381 2375 2365 2359 2356 2350 2345 2343 2348 2341 2329 2314 2309 2307 2306 2308 2310 2320 2324 2325 2332 2337
2543 2543 2548 2555 2556 2556 2553 2556 2557 2559 2563 2565 2567 2569 2561 2552 2537 2525 2512 2499 2489 2483 2473 2463 2455 2454 2448 2446 2447 2447 2448 2446 2442 2443 2440 2439 2438 2436 2432 2431 2431 2432 2431 2426 2424 2429 2430 2438 2435 2423 2419 2420 2429 2444 2441 2420 2396 2382 2372 2366 2366 2374 2375 2371 2363 2356 2351 2347 2341 2334 2335 2327 2316 2309 2309 2310 2311 2317 2328 2341 2347 2352 2360 2362
2532 2531 2533 2536 2538 2539 2537 2542 2541 2537 2537 2535 2535 2534 2530 2524 2517 2509 2505 2492 2482 2478 2468 2459 2449 2445 2442 2439 2437 2433 2431 2433 2431 2431 2429 2428 2423 2422 2424 2424 2423 2423 2420 2414 2412 2411 2412 2407 2402 2400 2400 2402 2413 2428 2430 2425 2402 2379 2367 2363 2364 2371 2371 2366 2355 2348 2343 2337 2330 2323 2320 2315 2312 2311 2312 2316 2326 2338 2346 2351 2360 2366 2374 2384
2529 2527 2525 2526 2525 2524 2525 2525 2527 2528 2523 2525 2525 2517 2511 2507 2501 2498 2494 2486 2482 2475 2464 2454 2446 2438 2438 2432 2427 2422 2420 2423 2420 2419 2419 2420 2415 2414 2415 2414 2415 2414 2412 2408 2406 2401 2398 2399 2389 2386 2387 2391 2401 2406 2402 2401 2394 2379 2364 2359 2359 2357 2359 2355 2347 2340 2334 2329 2323 2315 2313 2312 2313 2318 2321 2331 2342 2350 2357 2365 2376 2384 2391 2402
2521 2522 2523 2522 2522 2520 2516 2513 2513 2516 2511 2510 2508 2503 2497 2491 2489 2487 2486 2482 2479 2473 2465 2457 2450 2441 2433 2427 2423 2419 2416 2413 2413 2409 2407 2407 2406 2405 2406 2405 2403 2403 2402 2401 2399 2393 2387 2383 2380 2376 2375 2379 2386 2388 2385 2380 2378 2370 2358 2355 2351 2347 2346 2344 2338 2331 2326 2323 2318 2312 2313 2313 2319 2329 2337 2347 2354 2365 2380 2396 2410 2419 2423 2433
2514 2514 2513 2515 2514 2516 2515 2513 2507 2505 2504 2499 2496 2496 2492 2484 2481 2476 2476 2474 2472 2470 2470 2466 2456 2447 2436 2430 2424 2418 2414 2409 2406 2402 2399 2398 2400 2399 2398 2396 2395 2394 2393 2393 2389 2385 2381 2376 2375 2373 2369 2367 2368 2372 2380 2374 2366 2361 2352 2347 2342 2340 2340 2335 2332 2326 2322 2321 2319 2317 2321 2328 2334 2342 2351 2360 2370 2386 2405 2433 2460 2470 2473 2477
2520 2516 2512 2510 2503 2503 2506 2506 2505 2501 2497 2495 2492 2495 2501 2497 2485 2478 2472 2467 2463 2464 2466 2466 2466 2460 2446 2434 2427 2420 2414 2406 2401 2397 2396 2396 2394 2392 2391 2388 2388 2386 2384 2380 2379 2377 2372 2371 2368 2364 2361 2357 2356 2356 2362 2364 2356 2349 2341 2339 2335 2331 2328 2324 2323 2321 2320 2322 2330 2337 2339 2341 2346 2354 2362 2374 2383 2403 2436 2478 2511 2541 2548 2539
2535 2530 2527 2521 2511 2504 2498 2498 2504 2506 2498 2492 2491 2498 2499 2495 2486 2478 2469 2466 2458 2455 2455 2461 2473 2471 2455 2441 2429 2419 2411 2405 2399 2395 2390 2385 2380 2380 2381 2381 2379 2376 2375 2372 2368 2366 2362 2358 2358 2355 2350 2346 2347 2344 2344 2343 2342 2336 2333 2334 2330 2327 2325 2323 2324 2324 2331 2345 2362 2370 2364 2359 2360 2366 2376 2393 2405 2429 2464 2508 2550 2588 2610 2605
2546 2540 2533 2530 2524 2518 2509 2499 2496 2496 2496 2493 2491 2493 2492 2486 2479 2471 2462 2458 2453 2448 2447 2454 2456 2455 2448 2437 2426 2415 2407 2403 2397 2390 2384 2379 2377 2377 2375 2373 2368 2366 2366 2361 2359 2357 2354 2351 2348 2346 2345 2340 2340 2337 2337 2335 2336 2330 2330 2331 2327 2325 2323 2324 2330 2334 2346 2359 2373 2375 2373 2375 2374 2382 2403 2426 2451 2470 2501 2541 2577 2602 2621 2626
2541 2540 2538 2533 2529 2522 2514 2507 2498 2490 2489 2487 2485 2485 2482 2476 2471 2468 2465 2462 2458 2450 2444 2441 2436 2434 2433 2424 2414 2405 2401 2397 2391 2385 2379 2378 2373 2372 2369 2365 2362 2361 2358 2354 2355 2353 2352 2348 2342 2341 2340 2336 2335 2333 2332 2330 2332 2331 2329 2327 2325 2325 2326 2327 2336 2345 2352 2356 2363 2372 2376 2380 2387 2398 2423 2454 2487 2514 2523 2547 2574 2597 2619 2635
2531 2529 2529 2527 2527 2525 2519 2511 2508 2504 2503 2502 2497 2497 2495 2494 2494 2490 2482 2471 2467 2459 2449 2443 2439 2433 2427 2422 2414 2409 2401 2394 2389 2384 2379 2376 2370 2367 2364 2361 2359 2356 2354 2355 2352 2351 2346 2342 2338 2336 2336 2334 2332 2332 2331 2330 2331 2333 2332 2330 2329 2330 2336 2341 2345 2352 2359 2366 2372 2376 2380 2384 2394 2412 2434 2463 2496 2535 2560 2575 2598 2634 2660 2672
2524 2524 2519 2520 2525 2525 2524 2518 2512 2509 2511 2516 2517 2521 2523 2526 2525 2518 2509 2497 2484 2470 2457 2452 2445 2438 2429 2424 2414 2409 2401 2396 2391 2386 2384 2382 2376 2370 2362 2358 2356 2355 2352 2352 2350 2345 2341 2338 2337 2336 2335 2336 2342 2344 2342 2342 2340 2342 2344 2344 2342 2341 2344 2348 2354 2364 2374 2385 2396 2394 2392 2392 2401 2419 2445 2478 2511 2565 2602 2620 2632 2660 2685 2696
2505 2504 2503 2507 2513 2518 2521 2521 2518 2515 2519 2531 2543 2553 2556 2564 2560 2557 2542 2525 2508 2493 2475 2463 2452 2443 2435 2429 2419 2410 2403 2396 2394 2389 2390 2391 2385 2380 2372 2364 2357 2353 2351 2350 2347 2341 2339 2338 2337 2339 2346 2353 2357 2357 2356 2352 2351 2351 2351 2354 2350 2349 2352 2353 2362 2375 2391 2413 2420 2415 2406 2404 2410 2427 2454 2488 2526 2583 2636 2666 2676 2685 2697 2707
2490 2485 2484 2488 2496 2501 2505 2509 2512 2519 2526 2541 2567 2590 2601 2610 2608 2600 2583 2569 2544 2523 2501 2487 2470 2453 2440 2431 2420 2407 2398 2393 2392 2390 2390 2388 2385 2379 2374 2369 2360 2351 2347 2345 2343 2340 2341 2342 2344 2349 2362 2367 2369 2367 2364 2362 2359 2357 2355 2358 2361 2359 2359 2362 2366 2375 2395 2420 2436 2437 2426 2419 2419 2433 2462 2495 2540 2587 2640 2687 2703 2704 2708 2708
2483 2478 2472 2473 2476 2481 2489 2492 2501 2513 2529 2553 2586 2616 2639 2654 2653 2648 2631 2606 2576 2551 2529 2510 2489 2472 2453 2432 2417 2405 2394 2390 2387 2387 2388 2382 2379 2374 2371 2364 2355 2348 2347 2348 2351 2350 2349 2356 2365 2372 2378 2380 2379 2377 2376 2374 2372 2368 2362 2363 2365 2367 2367 2375 2377 2383 2394 2410 2434 2455 2456 2444 2435 2448 2478 2505 2544 2584 2634 2668 2681 2686 2687 2685
2473 2467 2465 2466 2466 2469 2476 2481 2489 2508 2530 2559 2592 2624 2658 2688 2694 2694 2676 2639 2609 2586 2566 2541 2517 2498 2475 2451 2428 2413 2401 2390 2383 2379 2375 2373 2370 2368 2363 2358 2353 2348 2351 2361 2366 2367 2366 2365 2372 2377 2382 2382 2383 2384 2383 2381 2381 2376 2372 2369 2370 2373 2375 2383 2387 2390 2398 2413 2440 2472 2484 2481 2468 2464 2483 2509 2537 2571 2608 2632 2636 2640 2639 2641
2462 2460 2461 2460 2461 2463 2466 2472 2483 2502 2527 2557 2584 2615 2653 2687 2685 2674 2665 2642 2614 2591 2575 2565 2553 2535 2508 2482 2460 2440 2419 2395 2383 2377 2370 2368 2364 2359 2353 2352 2352 2349 2355 2364 2370 2374 2377 2377 2379 2381 2384 2385 2384 2384 2384 2384 2384 2382 2379 2375 2377 2380 2384 2389 2391 2398 2404 2415 2444 2481 2511 2512 2511 2500 2503 2518 2541 2564 2582 2589 2593 2596 2593 2591
2457 2458 2457 2457 2458 2458 2458 2462 2473 2492 2511 2539 2565 2595 2633 2665 2665 2653 2638 2622 2598 2573 2551 2546 2552 2551 2532 2507 2486 2466 2439 2410 2390 2378 2371 2362 2356 2354 2353 2353 2352 2354 2371 2383 2390 2396 2396 2393 2391 2390 2391 2391 2389 2388 2388 2387 2388 2387 2384 2382 2386 2390 2394 2394 2399 2405 2411 2421 2438 2470 2507 2523 2525 2525 2529 2536 2548 2548 2555 2554 2554 2563 2559 2555
2454 2454 2457 2454 2453 2452 2453 2455 2463 2477 2493 2516 2545 2575 2608 2654 2657 2636 2613 2599 2584 2562 2532 2518 2522 2524 2521 2515 2496 2476 2449 2421 2399 2381 2368 2359 2356 2354 2355 2359 2373 2391 2413 2427 2435 2434 2427 2418 2412 2405 2402 2400 2395 2393 2392 2391 2390 2390 2388 2388 2391 2394 2399 2406 2409 2418 2426 2431 2444 2462 2485 2508 2528 2531 2532 2528 2531 2522 2518 2519 2530 2552 2547 2526
2447 2447 2448 2446 2447 2447 2448 2450 2455 2462 2478 2497 2523 2549 2574 2617 2640 2618 2594 2571 2558 2548 2525 2498 2487 2489 2492 2495 2484 2465 2441 2416 2395 2377 2362 2359 2363 2361 2375 2393 2416 2432 2447 2461 2473 2469 2459 2444 2440 2431 2420 2412 2403 2399 2399 2399 2397 2395 2393 2394 2400 2403 2413 2422 2436 2447 2453 2454 2457 2464 2479 2501 2526 2525 2507 2498 2493 2490 2483 2481 2492 2512 2515 2495
2446 2443 2443 2443 2443 2443 2444 2446 2449 2452 2463 2477 2496 2515 2540 2566 2601 2598 2576 2546 2526 2523 2512 2487 2462 2458 2458 2462 2461 2452 2438 2407 2382 2369 2362 2364 2369 2379 2396 2413 2434 2456 2478 2491 2498 2501 2492 2471 2463 2452 2439 2428 2417 2414 2411 2408 2405 2401 2401 2405 2410 2420 2436 2452 2474 2486 2490 2488 2486 2486 2493 2500 2501 2492 2480 2473 2470 2466 2459 2455 2462 2470 2471 2461
2444 2444 2445 2444 2444 2442 2444 2443 2443 2444 2452 2460 2468 2482 2497 2526 2555 2570 2552 2522 2494 2481 2478 2464 2441 2429 2431 2436 2437 2435 2427 2395 2372 2366 2368 2377 2387 2404 2418 2431 2451 2480 2502 2519 2526 2529 2522 2505 2489 2475 2461 2445 2433 2429 2422 2419 2416 2413 2415 2426 2434 2444 2462 2481 2516 2537 2535 2525 2524 2530 2526 2510 2493 2480 2467 2460 2452 2446 2444 2441 2438 2438 2438 2433
2443 2445 2445 2443 2444 2444 2445 2444 2443 2442 2445 2449 2452 2454 2463 2479 2506 2532 2519 2488 2464 2448 2439 2432 2421 2411 2409 2413 2410 2399 2392 2376 2368 2369 2385 2399 2413 2428 2445 2459 2472 2498 2525 2549 2567 2567 2558 2541 2526 2508 2487 2468 2453 2446 2437 2435 2432 2424 2426 2440 2449 2455 2465 2483 2516 2543 2554 2546 2542 2548 2539 2518 2495 2478 2465 2453 2444 2435 2433 2429 2422 2421 2420 2417
2444 2446 2446 2444 2445 2447 2450 2449 2446 2443 2443 2444 2444 2441 2438 2443 2454 2470 2475 2460 2440 2429 2421 2414 2405 2397 2394 2387 2381 2376 2373 2374 2375 2389 2409 2426 2439 2456 2474 2489 2501 2519 2547 2578 2606 2615 2604 2583 2570 2553 2529 2503 2479 2464 2453 2446 2446 2442 2432 2439 2453 2456 2462 2476 2497 2520 2532 2530 2521 2516 2510 2497 2480 2466 2457 2448 2438 2433 2429 2421 2415 2413 2408 2405
2450 2454 2454 2456 2456 2461 2463 2461 2459 2459 2460 2455 2448 2440 2430 2422 2420 2425 2435 2428 2415 2407 2409 2414 2420 2410 2393 2380 2376 2377 2374 2382 2393 2414 2438 2459 2477 2490 2506 2521 2530 2546 2570 2592 2619 2644 2646 2634 2625 2608 2576 2542 2517 2493 2474 2462 2452 2447 2438 2437 2442 2447 2456 2467 2482 2494 2504 2505 2498 2492 2483 2471 2461 2452 2446 2438 2432 2425 2422 2415 2410 2405 2400 2398
2478 2479 2482 2482 2484 2484 2485 2481 2477 2475 2473 2468 2467 2460 2444 2426 2415 2412 2408 2403 2399 2395 2395 2402 2407 2400 2386 2376 2376 2379 2388 2407 2426 2431 2450 2480 2498 2512 2531 2552 2566 2578 2594 2618 2642 2673 2695 2695 2681 2652 2614 2576 2549 2519 2493 2475 2460 2447 2442 2440 2443 2446 2453 2463 2473 2483 2488 2486 2482 2474 2465 2457 2451 2444 2434 2431 2424 2415 2411 2406 2401 2397 2394 2392
2512 2513 2512 2509 2508 2502 2503 2496 2488 2482 2475 2475 2476 2463 2444 2428 2415 2412 2405 2400 2397 2391 2387 2386 2386 2383 2379 2379 2391 2409 2427 2445 2453 2456 2462 2485 2509 2527 2544 2561 2578 2596 2618 2655 2683 2708 2731 2740 2725 2684 2632 2589 2561 2536 2513 2488 2470 2457 2452 2447 2449 2453 2461 2468 2477 2485 2485 2480 2472 2464 2454 2451 2443 2435 2428 2422 2414 2408 2405 2400 2394 2393 2389 2388
