docs/source/tutorials/flow_direction_and_accumulation/data/SRTMGL3_39.91977980500126_-105.73022019499874_40.380220194998735_-105.26977980500126.asc
ncols        553
nrows        553
xllcorner    -105.730416666684
yllcorner    39.919583333338
cellsize     0.000833333333
NODATA_value 0
[rows 266 to 303 of 553, columns 252 to 335 of 553]
3207 3189 3175 3156 3128 3101 3076 3049 3021 2998 2979 2957 2931 2914 2901 2883 2857 2833 2808 2793 2786 2786 2785 2782 2773 2757 2739 2717 2699 2679 2665 2651 2642 2641 2638 2635 2627 2616 2604 2596 2592 2593 2597 2604 2606 2606 2599 2590 2574 2556 2539 2518 2501 2477 2465 2472 2477 2473 2467 2473 2464 2452 2448 2456 2468 2477 2474 2452 2427 2408 2386 2380 2394 2404 2411 2407 2409 2404 2386 2359 2355 2360 2375 2394
3197 3183 3164 3143 3118 3089 3068 3043 3015 2993 2968 2944 2914 2891 2872 2856 2838 2817 2800 2789 2782 2784 2781 2776 2767 2747 2725 2707 2687 2672 2658 2658 2660 2658 2649 2634 2618 2604 2598 2591 2585 2590 2602 2612 2608 2602 2597 2592 2582 2568 2550 2533 2518 2496 2467 2453 2455 2449 2444 2451 2442 2429 2428 2443 2458 2460 2444 2424 2404 2389 2381 2392 2416 2431 2438 2434 2425 2413 2400 2395 2382 2375 2393 2416
3193 3172 3149 3129 3107 3080 3056 3037 3014 2990 2967 2941 2910 2882 2854 2837 2823 2808 2793 2784 2777 2775 2768 2757 2743 2725 2707 2692 2675 2670 2676 2676 2672 2658 2643 2623 2607 2601 2595 2587 2579 2576 2581 2595 2596 2589 2583 2577 2569 2562 2544 2529 2510 2486 2467 2481 2495 2484 2456 2443 2442 2436 2422 2425 2433 2438 2422 2398 2385 2386 2395 2423 2452 2472 2482 2469 2447 2428 2423 2419 2404 2389 2394 2413
3184 3159 3137 3115 3086 3063 3035 3015 2989 2966 2944 2923 2898 2867 2847 2830 2818 2805 2792 2781 2771 2764 2757 2743 2725 2707 2694 2688 2685 2685 2688 2680 2667 2647 2627 2613 2611 2620 2613 2598 2583 2571 2565 2569 2572 2568 2567 2561 2551 2543 2528 2510 2488 2475 2493 2509 2513 2506 2493 2488 2480 2462 2441 2426 2414 2419 2405 2391 2394 2413 2436 2470 2497 2517 2522 2502 2475 2461 2452 2435 2420 2424 2415 2417
3170 3145 3122 3098 3068 3046 3017 2995 2967 2944 2922 2900 2880 2860 2842 2830 2816 2802 2790 2784 2774 2767 2759 2747 2728 2716 2712 2708 2705 2698 2690 2673 2655 2637 2626 2624 2628 2626 2614 2600 2586 2575 2563 2552 2545 2546 2549 2547 2538 2527 2506 2488 2490 2497 2514 2519 2512 2508 2504 2503 2495 2476 2463 2437 2409 2404 2394 2393 2419 2454 2477 2503 2522 2533 2537 2525 2512 2501 2481 2457 2452 2453 2441 2439
3159 3133 3109 3078 3060 3039 3011 2989 2961 2938 2912 2893 2873 2858 2842 2832 2816 2804 2795 2784 2775 2765 2757 2750 2745 2750 2743 2730 2717 2704 2689 2668 2653 2641 2643 2643 2635 2625 2615 2602 2592 2584 2569 2553 2543 2533 2533 2532 2528 2513 2492 2497 2509 2513 2517 2512 2505 2500 2500 2495 2484 2468 2450 2427 2400 2394 2405 2433 2461 2494 2510 2525 2534 2540 2548 2544 2536 2522 2503 2492 2492 2482 2460 2463
3157 3130 3104 3079 3060 3037 3022 2992 2966 2942 2919 2899 2878 2860 2845 2834 2822 2809 2796 2788 2779 2776 2776 2777 2774 2767 2749 2730 2714 2697 2681 2664 2658 2662 2668 2659 2641 2628 2619 2607 2598 2584 2567 2554 2542 2533 2523 2521 2516 2505 2491 2500 2515 2514 2512 2507 2496 2490 2486 2476 2470 2459 2444 2413 2402 2418 2460 2487 2502 2521 2536 2544 2546 2554 2564 2563 2554 2539 2527 2530 2527 2508 2483 2484
3161 3139 3117 3089 3071 3048 3027 3009 2983 2959 2935 2914 2893 2872 2853 2839 2830 2821 2809 2800 2796 2795 2794 2783 2776 2761 2741 2722 2702 2688 2676 2670 2673 2682 2677 2668 2652 2636 2625 2613 2601 2588 2571 2557 2548 2537 2526 2515 2504 2500 2512 2525 2525 2518 2508 2498 2486 2474 2468 2453 2446 2439 2426 2408 2405 2442 2485 2519 2532 2545 2558 2563 2563 2575 2580 2575 2564 2556 2558 2556 2546 2528 2511 2511
3164 3146 3131 3111 3089 3074 3054 3026 3000 2975 2956 2931 2909 2888 2869 2853 2840 2828 2820 2812 2806 2799 2792 2782 2770 2754 2735 2715 2699 2687 2682 2685 2692 2696 2695 2687 2673 2658 2641 2626 2618 2606 2588 2568 2550 2540 2525 2513 2510 2521 2531 2532 2524 2516 2503 2490 2481 2468 2458 2442 2432 2418 2408 2412 2431 2462 2503 2535 2550 2558 2570 2577 2581 2584 2588 2586 2581 2576 2576 2573 2563 2542 2534 2551
3160 3150 3136 3120 3101 3085 3066 3035 3009 2984 2958 2938 2921 2902 2883 2863 2848 2836 2826 2816 2804 2794 2784 2774 2759 2742 2722 2712 2702 2700 2702 2708 2708 2708 2705 2699 2683 2667 2648 2637 2626 2611 2589 2565 2546 2529 2517 2516 2528 2542 2541 2533 2523 2513 2498 2484 2474 2469 2466 2454 2440 2418 2413 2444 2474 2490 2516 2541 2558 2568 2577 2581 2587 2590 2596 2596 2595 2596 2595 2592 2580 2563 2565 2576
3131 3127 3118 3106 3092 3085 3071 3047 3018 2989 2962 2940 2923 2906 2892 2875 2859 2841 2829 2814 2804 2796 2783 2769 2754 2740 2726 2723 2723 2725 2724 2721 2716 2706 2698 2688 2671 2655 2643 2628 2612 2596 2576 2556 2540 2536 2543 2545 2547 2550 2547 2539 2524 2510 2498 2485 2481 2478 2474 2461 2446 2423 2414 2439 2474 2487 2500 2518 2543 2558 2576 2587 2591 2595 2600 2601 2605 2613 2611 2610 2599 2589 2593 2604
3080 3084 3087 3086 3082 3075 3064 3038 3013 2986 2964 2944 2927 2911 2901 2885 2868 2850 2836 2820 2805 2799 2786 2773 2759 2749 2743 2742 2736 2731 2722 2714 2707 2696 2684 2671 2655 2643 2631 2616 2597 2577 2564 2551 2549 2558 2562 2560 2559 2558 2550 2537 2523 2511 2505 2496 2490 2488 2483 2472 2460 2440 2421 2424 2444 2456 2469 2494 2521 2544 2573 2590 2598 2602 2602 2604 2610 2613 2615 2617 2615 2613 2618 2624
3033 3040 3048 3051 3050 3041 3028 3013 3001 2986 2972 2958 2943 2924 2912 2897 2877 2858 2841 2830 2814 2802 2792 2778 2766 2758 2749 2742 2734 2721 2712 2702 2696 2688 2679 2666 2654 2642 2626 2612 2598 2575 2561 2555 2559 2565 2567 2560 2555 2553 2545 2536 2529 2522 2518 2509 2500 2493 2483 2468 2457 2450 2437 2423 2433 2457 2472 2481 2501 2525 2551 2578 2596 2605 2605 2612 2619 2622 2621 2623 2623 2626 2631 2636
2998 3003 3010 3014 3013 3003 2993 2982 2973 2964 2953 2940 2926 2913 2901 2890 2870 2846 2825 2809 2793 2786 2777 2768 2761 2751 2739 2733 2723 2714 2704 2697 2694 2693 2687 2670 2658 2641 2627 2617 2606 2590 2569 2563 2564 2569 2565 2554 2545 2543 2542 2542 2540 2536 2529 2522 2509 2494 2475 2456 2443 2434 2428 2430 2437 2463 2485 2496 2497 2503 2527 2560 2591 2602 2604 2612 2623 2626 2629 2629 2629 2629 2631 2635
2969 2973 2973 2974 2973 2969 2964 2954 2947 2936 2921 2907 2895 2883 2874 2862 2843 2822 2804 2785 2769 2761 2760 2752 2744 2740 2731 2723 2711 2706 2699 2697 2694 2692 2688 2673 2659 2647 2635 2623 2605 2585 2575 2574 2570 2560 2550 2544 2540 2540 2542 2550 2551 2551 2542 2527 2509 2491 2469 2445 2433 2434 2442 2455 2457 2466 2486 2507 2521 2519 2520 2536 2567 2589 2608 2623 2629 2630 2631 2630 2628 2628 2628 2630
2936 2939 2941 2941 2941 2938 2937 2934 2929 2918 2905 2893 2877 2864 2850 2830 2812 2798 2784 2769 2759 2752 2743 2743 2739 2734 2725 2715 2706 2705 2704 2702 2697 2688 2675 2661 2650 2646 2635 2614 2591 2583 2585 2586 2572 2546 2526 2519 2526 2530 2531 2538 2546 2548 2529 2503 2484 2469 2452 2436 2438 2451 2467 2475 2482 2487 2501 2521 2539 2552 2554 2551 2553 2574 2600 2621 2628 2626 2625 2626 2625 2623 2622 2627
2904 2909 2914 2919 2921 2922 2921 2918 2909 2900 2888 2875 2862 2846 2828 2809 2793 2779 2767 2755 2748 2741 2730 2726 2725 2723 2717 2708 2700 2700 2704 2702 2692 2676 2660 2646 2638 2626 2619 2613 2607 2603 2610 2599 2562 2528 2500 2492 2499 2508 2503 2495 2501 2500 2479 2456 2447 2447 2444 2444 2457 2468 2481 2499 2511 2524 2538 2558 2579 2593 2598 2593 2585 2582 2592 2614 2622 2622 2621 2624 2625 2621 2619 2622
2883 2886 2896 2905 2910 2903 2899 2897 2885 2874 2860 2849 2833 2821 2809 2791 2777 2764 2756 2750 2739 2726 2715 2709 2704 2700 2699 2697 2690 2689 2695 2687 2675 2662 2648 2638 2635 2635 2632 2628 2633 2638 2634 2601 2558 2514 2482 2474 2475 2479 2470 2464 2464 2458 2456 2461 2470 2481 2485 2485 2493 2498 2511 2530 2545 2564 2583 2594 2604 2611 2614 2613 2611 2605 2602 2608 2613 2609 2609 2608 2607 2608 2610 2608
2866 2869 2881 2890 2894 2880 2868 2863 2853 2842 2833 2820 2809 2796 2788 2775 2764 2755 2748 2740 2724 2709 2698 2690 2685 2682 2678 2676 2678 2680 2678 2667 2659 2652 2648 2652 2658 2656 2655 2651 2653 2656 2629 2595 2542 2497 2484 2497 2495 2489 2483 2478 2476 2482 2499 2515 2533 2542 2540 2533 2528 2530 2536 2559 2585 2598 2617 2626 2626 2626 2625 2624 2620 2616 2618 2615 2613 2609 2605 2597 2590 2584 2586 2587
2857 2860 2867 2876 2878 2862 2842 2829 2819 2812 2807 2797 2788 2781 2767 2758 2748 2743 2739 2727 2711 2697 2687 2682 2679 2675 2671 2666 2664 2666 2662 2656 2658 2663 2673 2683 2687 2683 2667 2657 2651 2629 2596 2552 2511 2486 2507 2540 2549 2533 2527 2524 2524 2542 2559 2576 2590 2588 2583 2571 2566 2565 2572 2585 2607 2629 2641 2643 2643 2643 2638 2635 2632 2630 2628 2625 2620 2618 2616 2610 2602 2584 2566 2560
2848 2847 2847 2850 2844 2826 2809 2797 2792 2789 2785 2787 2782 2772 2758 2745 2737 2731 2726 2716 2704 2690 2682 2679 2673 2668 2666 2663 2659 2656 2657 2659 2670 2687 2703 2704 2696 2684 2660 2648 2635 2599 2556 2513 2496 2516 2549 2583 2594 2578 2562 2554 2559 2576 2588 2600 2610 2608 2603 2603 2604 2609 2616 2620 2623 2638 2650 2658 2659 2654 2650 2645 2643 2643 2636 2634 2634 2630 2627 2625 2613 2594 2570 2548
2819 2821 2820 2817 2806 2789 2776 2762 2758 2758 2761 2773 2775 2770 2754 2742 2732 2724 2715 2706 2692 2682 2676 2672 2669 2669 2667 2660 2659 2657 2662 2672 2685 2695 2699 2692 2673 2657 2638 2628 2611 2567 2520 2504 2527 2569 2610 2633 2634 2618 2601 2592 2589 2603 2612 2614 2618 2625 2630 2633 2637 2645 2655 2656 2656 2656 2659 2661 2662 2657 2653 2652 2654 2655 2649 2646 2643 2641 2635 2627 2611 2585 2564 2556
2793 2790 2786 2783 2778 2764 2748 2736 2726 2726 2728 2735 2750 2755 2747 2739 2730 2718 2712 2701 2689 2680 2677 2677 2675 2675 2672 2672 2672 2671 2670 2677 2686 2686 2670 2651 2633 2611 2600 2598 2580 2549 2507 2517 2562 2611 2650 2673 2665 2653 2640 2638 2628 2633 2638 2639 2642 2648 2650 2658 2664 2672 2679 2677 2673 2673 2671 2669 2665 2660 2659 2660 2661 2660 2654 2651 2649 2641 2632 2619 2596 2573 2567 2586
2798 2787 2779 2766 2753 2745 2733 2727 2718 2716 2713 2715 2724 2730 2729 2731 2723 2712 2705 2696 2687 2685 2685 2686 2688 2686 2684 2685 2686 2684 2678 2680 2677 2663 2627 2607 2581 2560 2550 2547 2535 2519 2527 2577 2616 2659 2687 2700 2700 2693 2676 2669 2662 2665 2663 2665 2672 2674 2679 2684 2690 2695 2696 2690 2685 2681 2679 2675 2669 2667 2663 2658 2653 2647 2642 2638 2634 2626 2617 2598 2580 2577 2597 2612
2821 2818 2803 2778 2757 2744 2733 2725 2721 2717 2714 2714 2712 2710 2711 2708 2706 2701 2695 2689 2688 2697 2701 2704 2707 2704 2701 2697 2697 2689 2678 2668 2653 2625 2589 2559 2543 2528 2521 2520 2522 2529 2556 2596 2641 2674 2688 2687 2691 2693 2691 2687 2685 2689 2690 2690 2690 2693 2700 2708 2713 2710 2703 2695 2689 2681 2676 2672 2670 2665 2657 2651 2643 2638 2631 2628 2621 2614 2600 2586 2585 2603 2618 2621
2831 2825 2809 2791 2772 2754 2741 2729 2720 2718 2717 2717 2717 2714 2709 2707 2703 2700 2692 2686 2695 2708 2719 2723 2724 2722 2722 2719 2707 2694 2674 2647 2616 2584 2551 2527 2527 2533 2542 2561 2566 2572 2589 2616 2644 2660 2670 2682 2695 2702 2702 2699 2700 2702 2703 2706 2702 2704 2711 2719 2718 2706 2694 2687 2682 2674 2670 2666 2661 2655 2650 2646 2639 2638 2635 2626 2616 2599 2589 2592 2605 2620 2627 2627
2825 2818 2810 2796 2778 2762 2745 2732 2725 2725 2725 2722 2721 2713 2711 2707 2705 2702 2697 2698 2711 2723 2732 2735 2735 2736 2736 2720 2700 2684 2656 2622 2586 2548 2531 2534 2560 2584 2600 2614 2621 2622 2632 2645 2651 2656 2665 2683 2693 2703 2712 2714 2713 2709 2709 2710 2706 2704 2705 2708 2713 2702 2686 2682 2677 2670 2665 2661 2659 2656 2653 2653 2647 2643 2636 2624 2612 2605 2614 2624 2627 2627 2628 2627
2822 2813 2806 2802 2788 2771 2752 2745 2738 2729 2719 2713 2713 2711 2707 2704 2703 2703 2702 2711 2720 2729 2737 2742 2738 2728 2714 2698 2685 2671 2633 2595 2560 2536 2540 2563 2605 2640 2656 2665 2669 2674 2675 2677 2680 2679 2676 2678 2685 2694 2707 2718 2713 2708 2708 2706 2703 2699 2691 2687 2688 2680 2675 2675 2674 2667 2662 2659 2660 2659 2658 2656 2655 2648 2636 2629 2629 2634 2638 2638 2634 2631 2633 2632
2829 2818 2807 2795 2784 2771 2753 2743 2737 2727 2718 2712 2708 2706 2701 2696 2690 2688 2687 2690 2695 2703 2712 2714 2710 2702 2685 2671 2663 2649 2623 2582 2548 2542 2563 2602 2644 2677 2691 2697 2702 2704 2705 2708 2709 2706 2702 2699 2700 2704 2706 2708 2707 2705 2706 2705 2702 2698 2690 2686 2682 2673 2672 2672 2674 2680 2681 2671 2665 2665 2664 2660 2656 2649 2643 2648 2648 2651 2649 2645 2638 2638 2636 2633
2838 2825 2812 2798 2779 2763 2747 2735 2725 2719 2714 2708 2708 2701 2686 2672 2662 2654 2648 2645 2648 2656 2660 2656 2653 2648 2639 2630 2620 2604 2589 2564 2546 2561 2598 2641 2672 2695 2705 2709 2712 2715 2718 2721 2724 2726 2724 2720 2722 2728 2727 2719 2712 2705 2699 2698 2696 2691 2686 2680 2676 2675 2678 2677 2679 2686 2690 2681 2672 2667 2666 2663 2660 2658 2658 2659 2658 2658 2652 2646 2642 2642 2640 2639
2829 2823 2815 2800 2780 2758 2740 2729 2722 2717 2714 2708 2700 2684 2666 2646 2632 2622 2618 2615 2613 2619 2615 2607 2603 2596 2589 2581 2572 2567 2557 2551 2557 2578 2623 2666 2685 2693 2696 2699 2698 2702 2711 2718 2723 2727 2728 2726 2726 2727 2719 2712 2702 2695 2692 2687 2684 2682 2680 2670 2665 2668 2677 2679 2680 2680 2681 2682 2678 2674 2673 2671 2670 2671 2674 2669 2665 2661 2655 2652 2650 2650 2648 2647
2801 2798 2794 2783 2773 2760 2751 2739 2735 2724 2703 2686 2668 2651 2634 2624 2621 2613 2610 2608 2605 2602 2597 2592 2586 2580 2574 2568 2563 2561 2558 2560 2572 2607 2642 2663 2672 2676 2677 2681 2687 2694 2703 2710 2713 2717 2721 2720 2713 2711 2706 2701 2697 2688 2678 2675 2681 2682 2674 2661 2659 2667 2672 2673 2677 2677 2675 2678 2680 2680 2679 2679 2680 2679 2678 2673 2672 2667 2662 2658 2656 2656 2655 2657
2753 2753 2749 2747 2747 2747 2744 2736 2719 2696 2669 2646 2631 2621 2618 2618 2616 2614 2615 2611 2605 2600 2595 2594 2585 2588 2580 2577 2569 2568 2578 2588 2598 2615 2632 2642 2648 2654 2660 2670 2680 2685 2691 2696 2699 2703 2708 2709 2705 2707 2708 2705 2699 2693 2680 2666 2666 2669 2662 2654 2659 2669 2673 2675 2677 2675 2673 2678 2684 2686 2683 2683 2681 2680 2681 2678 2677 2675 2671 2669 2664 2663 2661 2661
2688 2693 2697 2695 2694 2689 2682 2675 2663 2645 2632 2624 2620 2616 2618 2618 2621 2632 2641 2630 2618 2608 2609 2607 2599 2601 2599 2598 2600 2607 2619 2627 2632 2637 2640 2645 2646 2650 2657 2667 2674 2677 2680 2682 2686 2692 2700 2706 2708 2706 2705 2698 2689 2684 2677 2670 2658 2651 2645 2649 2666 2672 2674 2672 2671 2673 2675 2676 2677 2678 2678 2677 2679 2684 2688 2688 2683 2682 2679 2677 2673 2667 2661 2655
2649 2646 2648 2648 2648 2644 2639 2635 2631 2627 2625 2626 2623 2628 2636 2645 2659 2675 2680 2672 2648 2632 2622 2628 2634 2641 2643 2646 2649 2657 2672 2677 2677 2674 2674 2674 2673 2671 2671 2672 2672 2672 2671 2672 2673 2679 2690 2699 2699 2695 2690 2677 2671 2669 2667 2665 2658 2645 2637 2653 2664 2668 2674 2676 2675 2672 2668 2671 2671 2667 2664 2662 2668 2677 2681 2683 2683 2680 2678 2676 2671 2665 2660 2654
2645 2638 2640 2636 2634 2633 2631 2631 2631 2631 2632 2642 2653 2672 2690 2701 2707 2708 2700 2688 2667 2656 2658 2670 2680 2686 2691 2696 2698 2698 2703 2704 2706 2704 2697 2689 2682 2679 2677 2675 2672 2671 2664 2660 2657 2660 2667 2669 2668 2664 2658 2653 2650 2646 2646 2648 2641 2629 2635 2645 2652 2660 2674 2684 2687 2687 2683 2675 2672 2668 2656 2647 2654 2667 2672 2677 2679 2676 2673 2668 2666 2664 2658 2657
2648 2644 2642 2638 2636 2638 2640 2640 2643 2653 2668 2696 2720 2737 2737 2731 2723 2711 2698 2682 2676 2685 2693 2703 2708 2711 2712 2711 2710 2711 2713 2711 2708 2704 2699 2693 2686 2680 2677 2672 2667 2667 2665 2663 2659 2658 2655 2648 2640 2638 2633 2630 2628 2624 2625 2625 2622 2619 2624 2631 2637 2645 2663 2676 2680 2677 2677 2677 2674 2670 2659 2643 2642 2653 2658 2668 2670 2665 2663 2660 2659 2657 2654 2651
2662 2656 2649 2647 2651 2662 2672 2679 2689 2707 2732 2747 2751 2748 2740 2735 2723 2709 2698 2697 2702 2707 2712 2722 2728 2729 2727 2723 2719 2716 2712 2709 2708 2704 2700 2695 2692 2687 2681 2678 2676 2673 2672 2668 2666 2667 2664 2660 2647 2636 2633 2634 2632 2626 2620 2613 2612 2611 2610 2611 2612 2618 2634 2647 2654 2657 2658 2662 2663 2664 2659 2648 2634 2632 2638 2648 2654 2653 2651 2650 2653 2655 2651 2643
