docs/source/tutorials/flow_direction_and_accumulation/data/SRTMGL3_39.91977980500126_-105.73022019499874_40.380220194998735_-105.26977980500126.asc
ncols        553
nrows        553
xllcorner    -105.730416666684
yllcorner    39.919583333338
cellsize     0.000833333333
NODATA_value 0
[rows 418 to 455 of 553, columns 0 to 83 of 553]
3187 3194 3199 3203 3206 3208 3206 3203 3198 3187 3178 3176 3180 3181 3180 3182 3194 3208 3218 3227 3235 3244 3251 3260 3267 3270 3278 3288 3294 3303 3311 3320 3335 3360 3397 3428 3455 3482 3485 3465 3434 3410 3412 3415 3422 3442 3476 3509 3538 3553 3513 3462 3434 3423 3419 3424 3428 3428 3426 3413 3381 3338 3312 3283 3246 3219 3196 3180 3172 3175 3178 3189 3215 3244 3273 3295 3335 3373 3406 3449 3491 3562 3624 3677
3181 3193 3203 3213 3218 3219 3217 3216 3214 3210 3198 3187 3184 3184 3180 3184 3188 3191 3197 3206 3214 3224 3230 3237 3245 3253 3258 3266 3276 3290 3293 3302 3315 3335 3355 3384 3417 3450 3474 3486 3467 3439 3435 3449 3469 3491 3520 3546 3552 3531 3483 3454 3447 3442 3438 3431 3431 3427 3422 3403 3365 3335 3324 3299 3254 3227 3210 3195 3188 3189 3197 3207 3226 3257 3280 3305 3337 3369 3398 3445 3491 3548 3609 3662
3181 3193 3202 3211 3222 3230 3233 3235 3228 3224 3221 3209 3193 3188 3184 3187 3187 3187 3187 3194 3201 3206 3213 3219 3225 3235 3242 3250 3258 3273 3284 3292 3304 3322 3339 3358 3377 3407 3438 3465 3485 3491 3489 3506 3529 3547 3570 3575 3544 3504 3471 3464 3463 3460 3450 3438 3434 3428 3407 3378 3348 3334 3323 3305 3276 3254 3229 3214 3204 3199 3208 3222 3239 3262 3286 3303 3330 3357 3390 3428 3474 3531 3591 3642
3182 3195 3206 3214 3221 3232 3241 3248 3250 3247 3242 3235 3223 3214 3209 3205 3202 3198 3193 3191 3196 3199 3202 3204 3210 3215 3221 3232 3241 3251 3264 3277 3287 3306 3320 3338 3354 3372 3395 3419 3448 3483 3510 3534 3561 3586 3612 3586 3525 3492 3481 3485 3494 3498 3478 3454 3434 3412 3382 3358 3343 3337 3328 3315 3300 3284 3259 3240 3219 3211 3218 3229 3246 3270 3289 3302 3323 3342 3383 3418 3457 3494 3539 3578
3183 3196 3207 3216 3225 3235 3246 3258 3263 3265 3265 3264 3254 3247 3242 3235 3230 3224 3217 3211 3205 3205 3206 3209 3213 3212 3210 3218 3229 3238 3249 3260 3270 3286 3304 3321 3340 3359 3377 3387 3409 3446 3481 3521 3560 3590 3605 3578 3522 3500 3520 3534 3549 3559 3529 3472 3438 3403 3375 3359 3341 3334 3323 3312 3302 3292 3273 3252 3234 3225 3225 3240 3256 3278 3297 3307 3314 3334 3375 3405 3431 3459 3487 3528
3185 3197 3207 3215 3225 3235 3246 3258 3270 3278 3281 3282 3278 3272 3266 3261 3257 3251 3242 3237 3232 3223 3220 3220 3215 3216 3221 3222 3228 3240 3245 3253 3264 3273 3290 3305 3325 3345 3368 3380 3394 3422 3458 3495 3539 3568 3585 3574 3538 3533 3554 3574 3586 3582 3539 3483 3429 3403 3378 3363 3345 3328 3319 3311 3302 3291 3273 3257 3245 3237 3236 3245 3262 3281 3310 3325 3326 3335 3362 3384 3409 3430 3460 3493
3184 3193 3202 3211 3221 3234 3245 3253 3265 3280 3290 3295 3290 3285 3288 3287 3287 3280 3272 3272 3268 3254 3245 3241 3233 3227 3230 3232 3238 3247 3255 3260 3268 3281 3293 3299 3313 3331 3356 3383 3401 3419 3435 3469 3511 3552 3585 3596 3587 3594 3611 3622 3627 3579 3531 3472 3445 3411 3375 3353 3338 3329 3320 3310 3307 3298 3277 3260 3248 3243 3251 3255 3269 3294 3322 3343 3350 3349 3353 3365 3385 3409 3435 3465
3185 3190 3203 3214 3227 3240 3248 3255 3266 3279 3289 3301 3303 3303 3305 3310 3316 3314 3310 3308 3296 3283 3269 3261 3256 3247 3248 3250 3250 3253 3261 3266 3275 3285 3299 3311 3320 3330 3355 3386 3404 3420 3431 3453 3491 3547 3589 3621 3636 3631 3624 3615 3593 3546 3506 3463 3436 3403 3369 3348 3343 3335 3330 3329 3339 3333 3301 3266 3257 3252 3256 3265 3278 3303 3335 3356 3368 3374 3369 3369 3380 3397 3431 3471
3185 3193 3205 3217 3235 3245 3255 3264 3270 3280 3288 3301 3310 3314 3319 3323 3329 3336 3338 3336 3326 3310 3293 3278 3269 3268 3271 3268 3266 3264 3266 3266 3280 3289 3300 3312 3324 3335 3355 3381 3403 3421 3436 3455 3491 3539 3584 3615 3632 3618 3590 3560 3535 3506 3474 3449 3419 3388 3372 3363 3356 3351 3352 3357 3371 3365 3334 3295 3272 3266 3269 3276 3287 3307 3332 3357 3379 3392 3392 3392 3405 3412 3437 3484
3184 3196 3204 3217 3235 3249 3261 3270 3278 3288 3292 3300 3312 3322 3333 3341 3346 3351 3356 3358 3356 3339 3318 3303 3297 3295 3293 3288 3279 3269 3268 3272 3280 3286 3293 3299 3311 3332 3353 3381 3410 3427 3444 3462 3499 3537 3570 3609 3620 3588 3550 3520 3492 3467 3447 3423 3404 3392 3387 3384 3375 3373 3373 3381 3386 3382 3357 3337 3316 3298 3292 3290 3300 3319 3343 3366 3385 3397 3405 3408 3427 3447 3467 3493
3182 3195 3205 3215 3233 3254 3268 3276 3287 3298 3305 3309 3324 3338 3349 3363 3369 3370 3376 3382 3381 3365 3347 3333 3322 3318 3315 3310 3301 3287 3276 3274 3275 3278 3282 3289 3302 3328 3357 3395 3428 3451 3462 3479 3516 3540 3570 3597 3598 3563 3522 3489 3464 3442 3422 3403 3400 3405 3401 3397 3392 3394 3390 3388 3387 3382 3365 3359 3359 3337 3320 3321 3333 3355 3372 3384 3393 3400 3405 3427 3454 3478 3495 3515
3185 3193 3202 3214 3235 3252 3267 3278 3292 3310 3323 3336 3347 3350 3351 3354 3356 3359 3368 3382 3399 3404 3397 3376 3351 3334 3328 3319 3314 3308 3299 3285 3282 3284 3287 3313 3346 3377 3399 3417 3443 3465 3483 3501 3524 3545 3574 3583 3567 3525 3493 3478 3458 3430 3411 3403 3407 3411 3407 3405 3405 3402 3396 3389 3383 3375 3368 3372 3378 3371 3366 3376 3397 3419 3421 3419 3412 3409 3415 3447 3468 3487 3505 3517
3182 3189 3194 3207 3229 3248 3265 3278 3292 3310 3325 3337 3343 3336 3332 3329 3339 3349 3355 3368 3392 3409 3426 3433 3419 3383 3358 3343 3337 3320 3307 3298 3296 3312 3329 3352 3375 3391 3403 3419 3436 3463 3488 3512 3532 3556 3578 3579 3539 3494 3464 3455 3447 3430 3417 3416 3413 3406 3405 3406 3406 3400 3395 3389 3380 3374 3378 3394 3411 3413 3411 3428 3476 3511 3494 3470 3446 3424 3429 3452 3469 3490 3511 3525
3184 3183 3184 3196 3214 3233 3247 3257 3272 3282 3295 3308 3315 3310 3306 3311 3325 3338 3346 3362 3390 3410 3433 3458 3473 3457 3431 3399 3366 3338 3322 3308 3310 3325 3340 3363 3382 3392 3402 3419 3436 3455 3486 3514 3538 3564 3585 3577 3529 3476 3451 3440 3439 3432 3425 3416 3408 3403 3405 3406 3403 3402 3399 3388 3385 3385 3395 3415 3428 3430 3447 3488 3534 3556 3534 3504 3471 3443 3445 3457 3463 3475 3494 3515
3184 3180 3176 3183 3202 3216 3226 3233 3244 3253 3265 3279 3283 3284 3288 3299 3315 3329 3342 3358 3386 3411 3433 3464 3491 3506 3494 3458 3418 3375 3351 3334 3330 3337 3350 3364 3378 3391 3402 3420 3432 3449 3482 3519 3544 3564 3585 3586 3557 3509 3476 3455 3450 3444 3431 3416 3404 3404 3411 3416 3417 3419 3415 3406 3396 3403 3413 3427 3438 3452 3484 3523 3570 3579 3552 3524 3501 3476 3468 3465 3479 3484 3496 3517
3183 3176 3168 3171 3192 3209 3216 3222 3225 3236 3247 3259 3269 3273 3281 3293 3312 3326 3341 3362 3387 3415 3438 3469 3498 3523 3536 3518 3481 3447 3412 3376 3356 3347 3352 3364 3370 3379 3387 3398 3412 3434 3470 3523 3558 3579 3595 3604 3598 3581 3536 3510 3487 3467 3446 3423 3414 3416 3422 3430 3437 3442 3444 3442 3434 3439 3452 3460 3467 3483 3522 3563 3609 3604 3569 3543 3533 3531 3528 3523 3525 3531 3543 3560
3178 3167 3163 3160 3183 3208 3223 3229 3230 3235 3246 3258 3267 3274 3287 3300 3312 3329 3351 3369 3394 3422 3449 3473 3497 3525 3549 3563 3555 3527 3501 3469 3403 3376 3364 3370 3374 3378 3377 3381 3396 3420 3449 3508 3563 3593 3613 3628 3645 3641 3616 3582 3547 3522 3494 3464 3443 3434 3437 3445 3450 3455 3461 3475 3485 3503 3512 3516 3528 3543 3574 3614 3647 3636 3601 3580 3586 3592 3591 3584 3591 3594 3608 3627
3172 3164 3155 3151 3171 3202 3231 3242 3245 3250 3261 3270 3286 3296 3305 3313 3324 3339 3356 3372 3411 3440 3459 3475 3496 3519 3536 3556 3571 3583 3566 3530 3467 3411 3384 3379 3379 3376 3375 3374 3384 3408 3437 3484 3544 3607 3647 3670 3683 3690 3672 3641 3604 3578 3548 3514 3483 3461 3459 3457 3454 3462 3479 3496 3521 3549 3563 3571 3582 3604 3638 3665 3687 3676 3645 3627 3636 3655 3663 3664 3657 3663 3674 3681
3165 3156 3146 3147 3171 3202 3236 3253 3262 3271 3282 3295 3311 3324 3322 3323 3335 3347 3366 3397 3434 3456 3470 3485 3490 3511 3526 3542 3560 3576 3587 3578 3527 3470 3429 3411 3406 3386 3374 3374 3378 3393 3432 3472 3522 3587 3654 3700 3724 3734 3721 3693 3661 3628 3586 3557 3526 3502 3492 3487 3485 3492 3504 3530 3564 3598 3616 3628 3642 3661 3686 3698 3704 3694 3683 3680 3693 3710 3718 3719 3718 3715 3708 3696
3164 3148 3138 3146 3169 3197 3229 3253 3269 3288 3306 3321 3334 3332 3321 3318 3332 3353 3380 3414 3430 3442 3455 3468 3476 3491 3507 3523 3544 3564 3583 3596 3573 3527 3472 3436 3412 3393 3387 3390 3392 3401 3448 3488 3528 3594 3662 3716 3761 3771 3766 3745 3716 3676 3641 3618 3591 3572 3546 3532 3530 3531 3545 3573 3610 3635 3637 3642 3643 3646 3651 3653 3653 3656 3656 3666 3676 3680 3681 3686 3696 3704 3702 3669
3157 3141 3133 3151 3171 3197 3224 3250 3274 3292 3308 3316 3317 3309 3304 3305 3319 3341 3372 3386 3390 3400 3418 3432 3447 3460 3493 3517 3539 3559 3576 3589 3583 3534 3475 3429 3405 3397 3401 3404 3415 3425 3447 3490 3537 3608 3664 3716 3773 3795 3779 3757 3733 3712 3695 3683 3654 3634 3619 3603 3604 3605 3615 3625 3630 3620 3607 3602 3597 3596 3597 3596 3597 3598 3601 3607 3615 3624 3630 3630 3637 3652 3656 3632
3144 3132 3127 3148 3172 3196 3221 3243 3263 3280 3293 3299 3291 3279 3281 3285 3291 3307 3325 3339 3346 3347 3363 3395 3431 3464 3495 3526 3544 3564 3586 3590 3564 3525 3485 3438 3419 3410 3415 3430 3447 3459 3458 3483 3535 3584 3654 3716 3767 3790 3755 3729 3715 3703 3698 3691 3685 3675 3668 3654 3651 3643 3631 3625 3612 3592 3574 3562 3554 3548 3547 3544 3542 3541 3545 3545 3556 3560 3568 3576 3584 3594 3596 3589
3126 3124 3121 3143 3167 3183 3205 3224 3241 3251 3260 3263 3257 3252 3251 3254 3256 3271 3292 3312 3323 3329 3333 3358 3415 3458 3488 3519 3543 3567 3587 3585 3539 3512 3496 3467 3443 3431 3443 3464 3478 3480 3478 3498 3524 3574 3661 3733 3770 3761 3722 3698 3690 3684 3683 3683 3684 3686 3673 3659 3648 3628 3614 3606 3594 3569 3544 3525 3515 3510 3504 3502 3501 3497 3492 3492 3495 3502 3507 3512 3520 3536 3542 3529
3115 3115 3116 3135 3154 3160 3172 3186 3201 3210 3218 3225 3223 3223 3225 3232 3237 3251 3272 3303 3323 3333 3348 3363 3392 3432 3470 3500 3528 3554 3573 3570 3536 3505 3503 3494 3484 3481 3476 3484 3488 3493 3494 3515 3554 3602 3663 3738 3769 3761 3716 3689 3684 3681 3684 3683 3689 3687 3670 3643 3629 3598 3576 3572 3560 3543 3532 3513 3499 3488 3478 3470 3471 3470 3469 3461 3459 3458 3460 3469 3475 3486 3490 3481
3106 3104 3107 3120 3132 3139 3143 3151 3162 3173 3189 3202 3206 3212 3226 3240 3250 3263 3280 3297 3318 3337 3361 3378 3391 3410 3439 3473 3511 3540 3560 3569 3560 3523 3495 3485 3500 3516 3536 3523 3511 3512 3518 3544 3591 3635 3688 3746 3786 3787 3736 3696 3685 3683 3687 3691 3687 3670 3617 3592 3574 3551 3543 3543 3539 3538 3533 3523 3514 3498 3479 3466 3460 3457 3457 3446 3439 3431 3428 3432 3437 3449 3455 3453
3095 3097 3101 3110 3121 3126 3129 3138 3148 3164 3184 3204 3218 3228 3241 3255 3260 3273 3285 3295 3310 3344 3369 3388 3401 3409 3419 3449 3488 3527 3538 3541 3532 3496 3465 3463 3490 3510 3544 3570 3548 3528 3532 3558 3606 3662 3727 3783 3823 3842 3777 3725 3698 3688 3685 3677 3646 3595 3560 3547 3540 3537 3534 3529 3532 3533 3523 3509 3495 3487 3476 3464 3457 3451 3450 3441 3427 3413 3405 3405 3412 3418 3424 3432
3089 3091 3091 3102 3115 3121 3128 3142 3160 3181 3204 3220 3233 3246 3261 3269 3279 3287 3298 3308 3316 3343 3367 3391 3408 3419 3426 3437 3466 3501 3517 3516 3487 3461 3436 3438 3460 3486 3538 3571 3589 3583 3572 3584 3637 3703 3756 3806 3849 3831 3779 3743 3707 3685 3671 3648 3603 3565 3541 3530 3524 3528 3532 3525 3518 3513 3503 3491 3480 3467 3460 3452 3444 3436 3431 3426 3413 3401 3399 3396 3396 3397 3402 3406
3082 3088 3092 3097 3104 3116 3132 3162 3188 3207 3219 3230 3245 3261 3281 3294 3306 3317 3327 3341 3356 3375 3398 3432 3450 3460 3457 3458 3464 3487 3503 3477 3451 3436 3418 3411 3432 3460 3534 3571 3619 3645 3644 3649 3701 3756 3808 3848 3869 3835 3774 3741 3713 3687 3651 3615 3582 3555 3527 3517 3517 3521 3522 3514 3503 3493 3485 3474 3463 3449 3442 3441 3439 3429 3419 3416 3407 3399 3388 3382 3382 3387 3392 3394
3087 3091 3092 3097 3100 3110 3130 3161 3192 3208 3219 3227 3238 3252 3269 3287 3308 3329 3353 3377 3403 3429 3455 3477 3495 3512 3515 3508 3473 3458 3449 3428 3427 3421 3412 3410 3432 3463 3536 3568 3617 3660 3695 3726 3763 3802 3832 3858 3874 3862 3833 3773 3753 3721 3688 3629 3588 3553 3529 3512 3512 3515 3513 3499 3487 3474 3463 3460 3456 3442 3428 3426 3425 3422 3424 3417 3408 3401 3392 3386 3377 3380 3384 3380
3090 3092 3094 3099 3103 3106 3119 3144 3168 3181 3195 3202 3215 3236 3259 3283 3307 3332 3360 3388 3416 3447 3478 3505 3533 3556 3564 3531 3450 3415 3401 3399 3409 3400 3399 3416 3444 3485 3521 3559 3613 3658 3705 3742 3771 3803 3829 3858 3877 3883 3881 3832 3803 3755 3718 3670 3618 3565 3527 3506 3504 3513 3513 3491 3484 3476 3457 3445 3435 3429 3424 3419 3423 3425 3427 3423 3414 3405 3396 3386 3380 3376 3372 3364
3092 3095 3096 3100 3101 3102 3114 3130 3148 3164 3177 3192 3210 3232 3254 3281 3309 3339 3373 3405 3434 3462 3491 3518 3547 3568 3575 3538 3442 3387 3370 3373 3390 3383 3384 3407 3434 3483 3522 3574 3618 3657 3710 3740 3769 3799 3826 3855 3876 3892 3857 3804 3756 3714 3701 3669 3615 3583 3541 3512 3499 3503 3502 3483 3472 3459 3449 3439 3431 3427 3430 3441 3448 3443 3440 3437 3428 3410 3395 3381 3379 3373 3359 3351
3092 3094 3093 3097 3095 3100 3112 3129 3144 3162 3178 3198 3217 3241 3260 3283 3310 3345 3386 3419 3446 3471 3498 3519 3541 3556 3566 3530 3434 3374 3344 3342 3354 3350 3359 3379 3401 3445 3505 3557 3602 3647 3691 3728 3757 3788 3819 3846 3867 3840 3787 3748 3705 3679 3659 3642 3600 3571 3542 3517 3502 3498 3490 3475 3463 3457 3456 3451 3444 3441 3450 3462 3463 3467 3474 3467 3443 3410 3381 3366 3357 3349 3338 3326
3086 3083 3080 3084 3089 3098 3113 3132 3150 3170 3189 3210 3231 3254 3273 3293 3311 3345 3393 3433 3455 3474 3491 3505 3525 3540 3552 3539 3436 3375 3326 3312 3314 3307 3317 3341 3365 3403 3471 3523 3566 3612 3658 3699 3737 3768 3803 3827 3833 3764 3710 3694 3665 3642 3630 3626 3617 3588 3540 3510 3498 3496 3490 3480 3469 3465 3466 3475 3477 3479 3486 3488 3499 3512 3522 3500 3467 3417 3367 3339 3329 3326 3323 3316
3074 3076 3077 3078 3081 3088 3107 3131 3152 3167 3188 3217 3243 3265 3288 3307 3323 3356 3395 3432 3449 3459 3471 3484 3505 3523 3538 3545 3446 3383 3323 3312 3303 3291 3296 3318 3347 3375 3428 3484 3534 3575 3621 3665 3704 3738 3765 3798 3772 3701 3670 3650 3617 3603 3603 3601 3605 3596 3557 3531 3518 3510 3506 3491 3482 3490 3493 3498 3505 3510 3530 3546 3571 3590 3579 3523 3485 3459 3369 3327 3313 3311 3309 3305
3062 3065 3067 3069 3073 3083 3104 3123 3140 3159 3183 3215 3249 3276 3300 3316 3334 3354 3382 3407 3426 3441 3455 3470 3490 3511 3529 3545 3487 3401 3339 3326 3325 3297 3282 3289 3323 3350 3393 3446 3501 3545 3591 3628 3674 3716 3750 3765 3733 3677 3649 3632 3604 3596 3596 3596 3598 3588 3570 3560 3549 3545 3542 3519 3510 3515 3527 3538 3560 3574 3603 3618 3633 3646 3626 3548 3519 3502 3380 3336 3332 3327 3324 3320
3060 3061 3063 3066 3073 3083 3099 3120 3137 3157 3182 3210 3240 3264 3287 3307 3329 3348 3371 3392 3411 3430 3446 3462 3478 3499 3524 3544 3543 3457 3329 3324 3317 3293 3269 3281 3297 3327 3370 3421 3468 3515 3567 3611 3662 3705 3735 3757 3737 3673 3645 3623 3610 3606 3604 3606 3608 3602 3589 3586 3585 3580 3564 3553 3565 3583 3624 3624 3628 3628 3634 3633 3630 3628 3609 3557 3529 3490 3407 3372 3373 3377 3378 3372
3065 3066 3066 3066 3075 3085 3102 3125 3146 3166 3186 3213 3237 3261 3288 3317 3342 3360 3376 3391 3405 3428 3445 3463 3476 3494 3511 3527 3513 3436 3324 3304 3279 3256 3251 3263 3279 3315 3356 3404 3455 3498 3557 3605 3660 3697 3734 3763 3749 3660 3629 3612 3611 3615 3620 3614 3613 3608 3600 3598 3604 3595 3584 3592 3627 3652 3644 3623 3604 3587 3587 3579 3575 3573 3565 3544 3521 3484 3434 3408 3406 3409 3408 3399
3065 3066 3070 3069 3074 3087 3105 3134 3157 3178 3206 3231 3253 3279 3308 3334 3356 3379 3389 3400 3414 3431 3447 3461 3476 3487 3487 3484 3445 3371 3300 3275 3250 3225 3228 3244 3271 3309 3346 3390 3444 3511 3564 3620 3663 3705 3747 3775 3738 3639 3622 3611 3613 3627 3637 3636 3625 3616 3613 3609 3614 3614 3631 3652 3647 3621 3594 3569 3557 3547 3539 3538 3533 3534 3531 3523 3506 3470 3436 3418 3413 3413 3407 3387
