docs/source/tutorials/flow_direction_and_accumulation/data/SRTMGL3_39.91977980500126_-105.73022019499874_40.380220194998735_-105.26977980500126.asc
ncols        553
nrows        553
xllcorner    -105.730416666684
yllcorner    39.919583333338
cellsize     0.000833333333
NODATA_value 0
[rows 456 to 493 of 553, columns 168 to 251 of 553]
3243 3205 3169 3141 3111 3086 3066 3053 3042 3033 3032 3037 3043 3047 3045 3045 3054 3069 3083 3091 3094 3097 3094 3087 3080 3075 3063 3050 3032 3012 2989 2969 2963 2959 2962 2966 2973 2981 2991 2998 2997 2995 2994 2993 2988 2982 2971 2960 2950 2942 2931 2916 2896 2875 2857 2846 2849 2859 2870 2869 2863 2845 2828 2804 2777 2751 2730 2720 2727 2732 2732 2728 2732 2740 2742 2732 2729 2723 2707 2691 2673 2655 2636 2620
3247 3207 3172 3140 3114 3090 3068 3052 3042 3033 3027 3025 3026 3027 3028 3029 3035 3051 3059 3061 3066 3074 3077 3080 3083 3081 3075 3062 3045 3021 2992 2977 2969 2961 2967 2979 2994 3004 3012 3009 3003 2998 2996 2990 2983 2976 2967 2958 2951 2943 2926 2911 2896 2889 2884 2887 2892 2901 2902 2889 2873 2854 2834 2808 2782 2750 2726 2708 2720 2727 2723 2718 2718 2726 2728 2720 2718 2705 2686 2669 2654 2640 2621 2611
3229 3200 3169 3139 3110 3085 3066 3055 3045 3039 3031 3023 3021 3016 3015 3016 3025 3032 3032 3026 3025 3033 3038 3044 3048 3049 3048 3042 3035 3024 3006 2982 2969 2965 2971 2988 3008 3015 3012 3005 2994 2987 2983 2979 2978 2978 2969 2961 2954 2941 2927 2920 2922 2921 2917 2919 2918 2916 2907 2896 2877 2849 2826 2800 2775 2753 2728 2702 2705 2714 2715 2712 2709 2707 2714 2713 2704 2683 2664 2649 2633 2624 2611 2601
3195 3174 3153 3128 3102 3083 3065 3060 3054 3048 3041 3029 3023 3017 3013 3012 3011 3010 3004 2998 2996 2998 3000 3003 3007 3010 3008 3008 3015 3020 3007 2979 2965 2969 2978 2997 3018 3016 3006 2995 2985 2982 2981 2981 2978 2975 2968 2961 2952 2949 2950 2947 2950 2949 2949 2942 2935 2926 2910 2891 2870 2841 2820 2791 2765 2742 2719 2691 2688 2696 2698 2697 2688 2684 2695 2696 2686 2668 2648 2633 2618 2609 2599 2592
3155 3138 3122 3107 3092 3080 3069 3062 3060 3054 3045 3037 3028 3022 3013 3010 3005 3003 2994 2989 2987 2984 2979 2979 2979 2979 2981 2983 2991 2999 2993 2977 2965 2971 2983 3007 3015 3011 3003 2996 2987 2982 2982 2979 2974 2971 2967 2964 2963 2965 2964 2961 2961 2960 2952 2945 2937 2925 2910 2890 2866 2843 2820 2797 2773 2750 2725 2694 2676 2671 2672 2671 2665 2661 2669 2668 2657 2644 2630 2615 2604 2599 2594 2586
3127 3117 3107 3095 3084 3076 3069 3062 3059 3054 3049 3044 3034 3026 3020 3020 3016 3013 3012 3015 3012 2997 2984 2975 2975 2974 2973 2969 2970 2970 2970 2967 2967 2973 2983 2998 3005 3012 3008 3003 2995 2987 2980 2972 2965 2963 2964 2966 2967 2967 2965 2960 2953 2946 2936 2928 2922 2918 2906 2889 2867 2849 2827 2805 2782 2759 2731 2695 2668 2661 2656 2652 2648 2644 2642 2644 2633 2621 2611 2607 2599 2592 2588 2582
3118 3112 3107 3098 3088 3082 3073 3064 3057 3053 3053 3047 3040 3036 3033 3030 3027 3028 3033 3039 3032 3013 2996 2983 2984 2987 2984 2983 2981 2981 2974 2973 2975 2977 2988 3000 3007 3011 3009 3000 2992 2981 2973 2967 2960 2957 2956 2956 2952 2949 2945 2941 2932 2922 2911 2905 2899 2896 2887 2867 2845 2828 2809 2786 2763 2737 2707 2679 2655 2652 2649 2646 2641 2637 2634 2629 2625 2619 2613 2608 2600 2597 2591 2584
3124 3116 3112 3104 3096 3088 3078 3064 3056 3053 3051 3051 3050 3049 3048 3048 3048 3049 3050 3050 3037 3011 2988 2985 2991 3000 3002 3001 2999 2995 2993 2994 2996 3004 3013 3016 3016 3015 3010 2999 2988 2979 2971 2964 2957 2951 2943 2935 2925 2920 2918 2912 2909 2898 2886 2876 2867 2864 2853 2830 2808 2786 2767 2747 2724 2700 2676 2654 2646 2644 2643 2642 2637 2632 2629 2624 2622 2619 2613 2607 2602 2596 2588 2582
3124 3121 3119 3112 3102 3089 3073 3059 3052 3049 3051 3053 3055 3056 3059 3062 3062 3060 3053 3046 3023 2992 2989 3000 3016 3027 3028 3025 3024 3023 3026 3030 3032 3033 3035 3030 3027 3022 3014 3007 2993 2983 2972 2963 2953 2943 2930 2920 2909 2901 2894 2887 2877 2867 2855 2841 2829 2820 2807 2792 2768 2744 2723 2707 2688 2670 2650 2640 2637 2635 2632 2633 2630 2630 2625 2620 2616 2614 2609 2601 2595 2591 2586 2582
3135 3133 3126 3114 3099 3085 3071 3060 3051 3044 3045 3046 3045 3048 3051 3054 3048 3042 3036 3019 3002 2994 3004 3024 3041 3055 3061 3059 3058 3061 3066 3069 3065 3060 3052 3046 3037 3029 3020 3007 2996 2986 2975 2963 2952 2939 2933 2921 2910 2900 2893 2880 2867 2859 2841 2817 2791 2773 2766 2755 2735 2711 2687 2672 2658 2643 2635 2630 2628 2627 2625 2623 2622 2621 2621 2616 2612 2605 2601 2598 2594 2589 2584 2579
3139 3132 3120 3105 3096 3086 3075 3063 3048 3038 3032 3032 3033 3034 3034 3033 3023 3015 3003 2994 2999 3010 3024 3041 3063 3081 3089 3094 3094 3095 3094 3088 3079 3071 3059 3052 3044 3033 3023 3010 2998 2989 2978 2966 2961 2959 2952 2943 2934 2920 2904 2887 2867 2850 2824 2800 2770 2739 2724 2711 2698 2683 2661 2645 2634 2625 2623 2623 2621 2620 2619 2617 2615 2613 2612 2610 2607 2603 2599 2594 2590 2585 2582 2575
3125 3119 3109 3103 3091 3080 3069 3060 3049 3037 3029 3023 3024 3023 3017 3011 3002 2996 2999 3007 3015 3029 3048 3063 3083 3095 3107 3110 3107 3095 3086 3075 3062 3052 3046 3040 3030 3021 3015 3007 3002 2993 2984 2973 2966 2957 2945 2934 2926 2914 2897 2881 2861 2839 2812 2778 2747 2724 2696 2675 2662 2652 2640 2629 2621 2615 2619 2618 2618 2613 2611 2610 2608 2607 2605 2603 2599 2597 2595 2590 2587 2583 2577 2570
3111 3111 3106 3097 3084 3070 3059 3049 3040 3032 3025 3015 3009 3008 3000 2999 2999 3003 3015 3026 3037 3053 3074 3096 3107 3108 3110 3106 3094 3078 3061 3048 3036 3024 3015 3009 3002 2998 2998 2993 2983 2972 2962 2951 2935 2919 2907 2893 2886 2877 2866 2851 2832 2810 2789 2766 2746 2721 2691 2664 2645 2635 2628 2619 2617 2616 2616 2615 2612 2610 2608 2603 2601 2599 2597 2592 2591 2591 2587 2585 2582 2579 2575 2571
3097 3093 3089 3080 3066 3054 3049 3042 3034 3028 3016 3007 3003 3000 3000 3010 3020 3029 3040 3046 3056 3074 3091 3109 3118 3112 3103 3093 3079 3063 3042 3024 3007 2994 2979 2973 2974 2976 2973 2962 2945 2933 2923 2911 2893 2876 2861 2848 2837 2830 2817 2803 2790 2775 2752 2735 2717 2694 2668 2651 2637 2630 2625 2620 2621 2619 2616 2615 2615 2611 2608 2607 2616 2617 2611 2597 2589 2585 2581 2578 2575 2573 2570 2569
3092 3084 3080 3076 3061 3049 3043 3036 3028 3019 3010 3002 3002 3001 3006 3019 3033 3048 3060 3064 3074 3087 3102 3113 3115 3108 3095 3082 3068 3054 3033 3013 2992 2972 2959 2951 2948 2944 2931 2920 2904 2890 2876 2866 2853 2833 2821 2809 2791 2781 2770 2756 2741 2734 2717 2697 2682 2666 2657 2652 2646 2641 2638 2642 2643 2636 2630 2623 2619 2618 2618 2620 2623 2625 2622 2611 2606 2600 2593 2588 2581 2573 2565 2561
3088 3078 3070 3067 3059 3049 3042 3035 3026 3019 3010 3003 3004 3007 3009 3017 3030 3047 3059 3069 3081 3093 3102 3110 3107 3101 3092 3084 3066 3044 3022 3000 2980 2966 2951 2939 2930 2918 2906 2888 2877 2867 2849 2835 2822 2812 2797 2782 2768 2754 2743 2732 2719 2710 2702 2689 2682 2685 2691 2683 2676 2674 2673 2676 2669 2657 2645 2633 2632 2636 2637 2635 2630 2630 2626 2619 2619 2619 2617 2611 2599 2587 2573 2564
3081 3074 3068 3062 3058 3051 3043 3030 3020 3011 3006 3005 3005 3010 3013 3017 3025 3036 3048 3061 3076 3090 3101 3107 3107 3103 3094 3086 3066 3041 3018 3003 2987 2968 2953 2941 2931 2919 2908 2891 2877 2868 2854 2841 2829 2820 2806 2795 2780 2768 2764 2756 2743 2734 2728 2722 2721 2731 2726 2715 2710 2711 2708 2697 2680 2664 2648 2651 2653 2649 2643 2638 2636 2633 2633 2633 2630 2630 2623 2609 2591 2582 2578 2576
3074 3067 3062 3056 3053 3050 3040 3025 3015 3009 3008 3007 3007 3008 3013 3019 3029 3037 3047 3058 3073 3092 3106 3113 3112 3108 3098 3085 3069 3044 3025 3012 2999 2986 2972 2955 2943 2933 2923 2911 2897 2892 2884 2870 2859 2853 2844 2834 2816 2807 2799 2785 2778 2775 2764 2761 2763 2758 2751 2750 2748 2740 2726 2707 2686 2669 2658 2662 2664 2660 2651 2644 2640 2635 2637 2635 2628 2624 2620 2607 2598 2605 2602 2597
3069 3063 3056 3050 3047 3041 3035 3027 3019 3015 3012 3007 3009 3010 3016 3022 3028 3038 3046 3059 3076 3089 3104 3117 3122 3118 3107 3090 3071 3052 3038 3026 3017 3010 2999 2979 2967 2955 2944 2936 2933 2927 2918 2907 2897 2888 2875 2860 2844 2824 2811 2808 2812 2808 2802 2798 2792 2785 2782 2781 2773 2754 2733 2711 2692 2678 2667 2670 2669 2663 2657 2651 2645 2639 2637 2631 2626 2622 2617 2606 2603 2614 2617 2613
3066 3061 3057 3053 3052 3045 3038 3036 3032 3032 3030 3025 3022 3015 3024 3033 3037 3043 3048 3056 3069 3081 3096 3108 3126 3128 3112 3090 3074 3064 3053 3047 3042 3037 3027 3008 2990 2973 2963 2961 2957 2947 2937 2926 2912 2896 2880 2866 2856 2842 2838 2847 2848 2840 2833 2832 2830 2825 2819 2809 2788 2761 2736 2715 2696 2686 2678 2677 2675 2669 2662 2655 2650 2644 2640 2635 2631 2622 2613 2608 2610 2619 2623 2621
3068 3064 3064 3067 3066 3067 3065 3064 3055 3054 3057 3054 3046 3033 3027 3035 3046 3056 3060 3057 3064 3069 3078 3092 3106 3114 3111 3092 3082 3079 3076 3074 3067 3057 3044 3028 3011 2994 2984 2976 2969 2954 2937 2922 2909 2896 2888 2878 2870 2867 2873 2870 2865 2859 2861 2864 2860 2851 2842 2825 2798 2773 2748 2728 2709 2697 2692 2686 2680 2676 2671 2661 2655 2649 2643 2639 2635 2629 2628 2630 2627 2628 2635 2630
3077 3079 3083 3091 3095 3096 3099 3091 3080 3075 3073 3070 3059 3048 3042 3048 3061 3070 3074 3066 3056 3056 3059 3068 3081 3096 3100 3096 3099 3101 3102 3093 3077 3065 3055 3040 3023 3006 2997 2986 2972 2951 2931 2919 2911 2907 2903 2903 2901 2896 2891 2886 2882 2883 2883 2877 2866 2854 2843 2827 2810 2787 2764 2744 2728 2713 2706 2701 2698 2688 2679 2672 2663 2657 2648 2644 2643 2650 2652 2649 2644 2640 2638 2632
3084 3091 3099 3110 3121 3123 3122 3116 3104 3093 3088 3081 3068 3058 3051 3057 3067 3073 3068 3061 3050 3042 3040 3044 3056 3066 3080 3093 3106 3110 3104 3094 3082 3067 3057 3044 3026 3012 3003 2993 2979 2962 2950 2940 2935 2938 2935 2930 2924 2916 2908 2904 2901 2898 2889 2879 2866 2853 2842 2833 2816 2797 2771 2748 2740 2733 2727 2719 2710 2699 2689 2681 2672 2663 2654 2651 2653 2659 2658 2657 2653 2647 2637 2629
3106 3110 3119 3130 3142 3151 3146 3134 3118 3099 3090 3081 3064 3055 3053 3059 3067 3064 3055 3045 3033 3020 3017 3022 3036 3048 3068 3082 3095 3103 3101 3091 3079 3067 3052 3037 3019 2999 2987 2980 2980 2974 2964 2962 2964 2966 2957 2949 2942 2937 2928 2925 2913 2901 2890 2878 2864 2857 2853 2846 2829 2802 2782 2767 2756 2746 2738 2724 2712 2703 2695 2686 2677 2670 2662 2657 2656 2658 2657 2656 2650 2640 2632 2621
3138 3136 3142 3150 3159 3165 3155 3142 3125 3105 3091 3075 3060 3041 3036 3037 3044 3042 3035 3026 3010 2994 2991 2999 3018 3041 3059 3071 3080 3087 3088 3079 3071 3055 3036 3023 3004 2983 2966 2963 2967 2962 2957 2953 2951 2951 2948 2947 2946 2946 2940 2927 2913 2901 2888 2877 2867 2858 2855 2841 2822 2800 2782 2767 2753 2742 2732 2722 2712 2703 2695 2685 2676 2670 2665 2658 2656 2656 2654 2648 2642 2634 2625 2615
3169 3170 3169 3170 3173 3168 3156 3145 3129 3112 3098 3081 3060 3041 3029 3023 3020 3017 3014 3005 2990 2975 2971 2980 3000 3022 3035 3049 3058 3064 3069 3067 3055 3040 3021 3006 2991 2974 2956 2941 2939 2935 2930 2924 2920 2917 2917 2920 2921 2920 2916 2909 2898 2888 2876 2864 2856 2843 2832 2818 2802 2784 2769 2755 2743 2732 2722 2714 2704 2697 2687 2677 2667 2662 2657 2655 2652 2646 2644 2641 2636 2628 2616 2609
3175 3181 3192 3187 3177 3167 3153 3140 3123 3108 3097 3077 3056 3041 3030 3024 3026 3030 3018 3004 2988 2964 2958 2961 2974 2993 3007 3020 3029 3036 3047 3054 3044 3027 3014 2998 2983 2965 2946 2923 2914 2911 2904 2896 2891 2886 2882 2883 2884 2883 2884 2886 2881 2873 2869 2859 2847 2834 2821 2808 2794 2777 2761 2745 2731 2720 2715 2708 2702 2693 2684 2675 2665 2655 2648 2644 2639 2634 2629 2625 2623 2618 2608 2599
3164 3173 3183 3176 3166 3159 3146 3135 3120 3106 3093 3078 3062 3048 3041 3043 3051 3052 3034 3015 2994 2974 2955 2949 2956 2967 2981 2991 2997 3006 3021 3033 3034 3024 3010 2991 2975 2953 2933 2913 2896 2886 2883 2875 2867 2860 2853 2849 2846 2846 2852 2859 2863 2859 2854 2843 2832 2822 2808 2796 2785 2770 2754 2741 2725 2714 2708 2701 2692 2684 2678 2672 2662 2654 2645 2634 2626 2623 2618 2615 2608 2604 2596 2590
3152 3159 3161 3157 3151 3145 3136 3128 3116 3104 3093 3080 3071 3062 3060 3071 3074 3064 3044 3031 3010 2991 2966 2944 2938 2942 2950 2958 2965 2974 2991 3013 3023 3014 3002 2981 2965 2944 2922 2900 2884 2876 2874 2868 2860 2851 2840 2833 2823 2814 2814 2825 2832 2832 2823 2817 2810 2804 2785 2770 2763 2754 2743 2730 2720 2711 2706 2696 2685 2678 2668 2660 2654 2647 2636 2625 2619 2613 2604 2604 2598 2592 2584 2579
3141 3143 3139 3135 3132 3128 3123 3119 3112 3104 3096 3082 3072 3068 3076 3088 3090 3080 3064 3049 3028 3004 2974 2950 2932 2924 2923 2926 2933 2948 2969 2992 3005 3003 2991 2978 2958 2937 2916 2893 2874 2869 2873 2866 2855 2846 2838 2838 2827 2806 2792 2792 2793 2790 2787 2785 2781 2773 2756 2742 2735 2729 2723 2716 2708 2702 2698 2690 2679 2668 2661 2655 2645 2633 2624 2620 2619 2617 2613 2607 2599 2603 2611 2614
3131 3124 3120 3119 3116 3112 3109 3106 3100 3094 3082 3079 3075 3075 3075 3074 3074 3068 3061 3051 3033 3011 2984 2956 2938 2921 2913 2906 2910 2920 2939 2960 2976 2986 2978 2965 2948 2932 2917 2891 2868 2852 2852 2855 2850 2838 2827 2826 2821 2809 2796 2784 2774 2765 2757 2751 2749 2744 2733 2719 2708 2700 2694 2692 2686 2681 2678 2674 2667 2659 2646 2641 2639 2636 2639 2638 2638 2637 2634 2627 2630 2645 2648 2642
3131 3123 3114 3109 3104 3099 3096 3092 3089 3084 3088 3093 3094 3094 3089 3080 3071 3060 3054 3045 3035 3020 2997 2973 2949 2929 2911 2899 2893 2895 2905 2926 2939 2948 2952 2956 2946 2929 2908 2887 2862 2840 2823 2824 2830 2826 2812 2799 2797 2796 2796 2790 2783 2772 2760 2748 2737 2722 2712 2703 2698 2691 2682 2676 2670 2667 2664 2659 2651 2651 2652 2656 2660 2654 2652 2651 2649 2649 2648 2644 2647 2655 2657 2652
3129 3123 3116 3110 3102 3096 3093 3090 3087 3092 3102 3107 3109 3107 3101 3093 3080 3067 3060 3056 3046 3030 3015 2997 2968 2945 2923 2906 2891 2879 2880 2895 2904 2908 2915 2928 2930 2922 2908 2884 2858 2829 2802 2793 2800 2808 2806 2786 2771 2767 2776 2778 2777 2775 2770 2761 2747 2735 2723 2710 2705 2696 2689 2684 2676 2670 2666 2658 2655 2661 2665 2667 2665 2660 2657 2654 2649 2647 2647 2647 2644 2648 2655 2654
3132 3125 3116 3111 3105 3100 3096 3092 3089 3097 3106 3106 3104 3098 3092 3088 3086 3082 3078 3074 3063 3048 3030 3009 2985 2960 2941 2923 2901 2881 2867 2863 2863 2869 2872 2886 2896 2898 2893 2880 2860 2828 2798 2773 2769 2780 2789 2779 2757 2739 2746 2752 2757 2758 2761 2759 2746 2730 2720 2714 2705 2697 2690 2686 2677 2669 2667 2666 2666 2666 2665 2666 2665 2660 2655 2650 2640 2633 2633 2633 2628 2640 2652 2654
3131 3127 3118 3112 3107 3104 3100 3095 3093 3097 3104 3102 3098 3088 3082 3079 3084 3092 3095 3088 3076 3057 3040 3021 2998 2973 2954 2938 2919 2899 2878 2864 2850 2840 2837 2846 2857 2863 2866 2862 2852 2831 2803 2774 2754 2749 2759 2758 2749 2726 2715 2722 2733 2736 2733 2727 2717 2703 2697 2699 2697 2697 2698 2694 2689 2685 2682 2679 2677 2675 2679 2675 2666 2658 2654 2652 2645 2635 2623 2612 2613 2630 2644 2651
3131 3128 3120 3112 3110 3106 3104 3101 3106 3107 3109 3107 3103 3088 3077 3070 3069 3082 3091 3089 3077 3061 3046 3028 3010 2990 2968 2949 2929 2912 2896 2886 2876 2860 2837 2821 2819 2828 2838 2830 2819 2809 2792 2771 2749 2727 2729 2739 2739 2720 2693 2699 2707 2702 2698 2694 2690 2677 2672 2679 2690 2697 2703 2702 2698 2693 2689 2685 2687 2688 2684 2676 2666 2657 2649 2643 2637 2629 2623 2614 2599 2612 2627 2635
3130 3126 3119 3115 3113 3106 3103 3099 3106 3113 3113 3111 3106 3092 3079 3067 3059 3059 3067 3077 3076 3065 3049 3034 3019 3000 2981 2959 2937 2922 2908 2896 2889 2879 2859 2830 2801 2795 2799 2788 2778 2766 2758 2749 2735 2718 2705 2711 2716 2700 2678 2669 2667 2662 2659 2660 2662 2652 2647 2660 2670 2680 2687 2689 2692 2692 2690 2686 2683 2679 2675 2671 2664 2660 2650 2641 2629 2619 2613 2605 2590 2594 2611 2622
3127 3125 3119 3115 3112 3105 3099 3099 3103 3105 3102 3099 3096 3095 3085 3069 3054 3047 3047 3052 3058 3055 3045 3034 3022 3004 2986 2965 2944 2926 2911 2899 2884 2874 2859 2830 2804 2780 2764 2753 2745 2732 2725 2718 2710 2701 2690 2687 2681 2673 2665 2657 2659 2652 2645 2645 2639 2632 2629 2635 2643 2651 2657 2670 2683 2692 2691 2685 2678 2671 2664 2661 2660 2657 2650 2640 2626 2615 2604 2596 2587 2582 2593 2603
