docs/source/tutorials/overland_flow/soil_infiltration_green_ampt/bijou_gully_subset_5m_edit_dx_filled.asc
ncols 105
nrows 77
xllcorner 0.0
yllcorner 0.0
cellsize 4.988744589
[rows 0 to 16 of 77, columns 37 to 73 of 105]
1.724719970703125000e+03 1.724499755859375000e+03 1.724476074218750000e+03 1.724367675781250000e+03 1.724272216796875000e+03 1.724234252929687500e+03 1.724101318359375000e+03 1.724091674804687500e+03 1.724037963867187500e+03 1.723995239257812500e+03 1.723965209960937500e+03 1.723886474609375000e+03 1.723832763671875000e+03 1.723794433593750000e+03 1.723742065429687500e+03 1.723678955078125000e+03 1.723694824218750000e+03 1.723676269531250000e+03 1.723632934570312500e+03 1.723625976562500000e+03 1.723627197265625000e+03 1.723604370117187500e+03 1.723624755859375000e+03 1.723627807617187500e+03 1.723629638671875000e+03 1.723666015625000000e+03 1.723681640625000000e+03 1.723687622070312500e+03 1.723699829101562500e+03 1.723741699218750000e+03 1.723803100585937500e+03 1.723811157226562500e+03 1.723898681640625000e+03 1.723946899414062500e+03 1.724020874023437500e+03 1.724083618164062500e+03 1.724093017578125000e+03
1.724765991210937500e+03 1.724552490234375000e+03 1.724472167968750000e+03 1.724372802734375000e+03 1.724313232421875000e+03 1.724225830078125000e+03 1.724131835937500000e+03 1.724109985351562500e+03 1.724061035156250000e+03 1.724023681640625000e+03 1.723945434570312500e+03 1.723914550781250000e+03 1.723918701171875000e+03 1.723831665039062500e+03 1.723786987304687500e+03 1.723748657226562500e+03 1.723726318359375000e+03 1.723712036132812500e+03 1.723682128906250000e+03 1.723659912109375000e+03 1.723648559570312500e+03 1.723630981445312500e+03 1.723650512695312500e+03 1.723669677734375000e+03 1.723677246093750000e+03 1.723699584960937500e+03 1.723711914062500000e+03 1.723720947265625000e+03 1.723775878906250000e+03 1.723763916015625000e+03 1.723853393554687500e+03 1.723900634765625000e+03 1.723966430664062500e+03 1.724035522460937500e+03 1.724104980468750000e+03 1.724115112304687500e+03 1.724197143554687500e+03
1.724827026367187500e+03 1.724578125000000000e+03 1.724521850585937500e+03 1.724369995117187500e+03 1.724312866210937500e+03 1.724241943359375000e+03 1.724171997070312500e+03 1.724112670898437500e+03 1.724088989257812500e+03 1.724004760742187500e+03 1.723969482421875000e+03 1.723932250976562500e+03 1.723900512695312500e+03 1.723874633789062500e+03 1.723861450195312500e+03 1.723829833984375000e+03 1.723825561523437500e+03 1.723744995117187500e+03 1.723703979492187500e+03 1.723709716796875000e+03 1.723716918945312500e+03 1.723728637695312500e+03 1.723694458007812500e+03 1.723715454101562500e+03 1.723739624023437500e+03 1.723720092773437500e+03 1.723753906250000000e+03 1.723777954101562500e+03 1.723811157226562500e+03 1.723852172851562500e+03 1.723865112304687500e+03 1.723950805664062500e+03 1.724016479492187500e+03 1.724063110351562500e+03 1.724144653320312500e+03 1.724187133789062500e+03 1.724222045898437500e+03
1.724853027343750000e+03 1.724587890625000000e+03 1.724536621093750000e+03 1.724373413085937500e+03 1.724328002929687500e+03 1.724284179687500000e+03 1.724176879882812500e+03 1.724140380859375000e+03 1.724066162109375000e+03 1.724029907226562500e+03 1.723985107421875000e+03 1.723975952148437500e+03 1.723915893554687500e+03 1.723917602539062500e+03 1.723917358398437500e+03 1.723949096679687500e+03 1.723889526367187500e+03 1.723804077148437500e+03 1.723782714843750000e+03 1.723759643554687500e+03 1.723756713867187500e+03 1.723743408203125000e+03 1.723769165039062500e+03 1.723745605468750000e+03 1.723750000000000000e+03 1.723793579101562500e+03 1.723804565429687500e+03 1.723821533203125000e+03 1.723861206054687500e+03 1.723917602539062500e+03 1.723937011718750000e+03 1.723966796875000000e+03 1.724048095703125000e+03 1.724117553710937500e+03 1.724156127929687500e+03 1.724249877929687500e+03 1.724274658203125000e+03
1.724929931640625000e+03 1.724581542968750000e+03 1.724512817382812500e+03 1.724406616210937500e+03 1.724349609375000000e+03 1.724290039062500000e+03 1.724233398437500000e+03 1.724157592773437500e+03 1.724086303710937500e+03 1.724044677734375000e+03 1.724008666992187500e+03 1.723988281250000000e+03 1.723982177734375000e+03 1.723965209960937500e+03 1.723983642578125000e+03 1.723976318359375000e+03 1.723942260742187500e+03 1.723890258789062500e+03 1.723868164062500000e+03 1.723813842773437500e+03 1.723802490234375000e+03 1.723801391601562500e+03 1.723809570312500000e+03 1.723781860351562500e+03 1.723836425781250000e+03 1.723832763671875000e+03 1.723868408203125000e+03 1.723871093750000000e+03 1.723930175781250000e+03 1.723953735351562500e+03 1.724003540039062500e+03 1.724056640625000000e+03 1.724130859375000000e+03 1.724172851562500000e+03 1.724222900390625000e+03 1.724280151367187500e+03 1.724304321289062500e+03
1.724947998046875000e+03 1.724627929687500000e+03 1.724611328125000000e+03 1.724475219726562500e+03 1.724373535156250000e+03 1.724336303710937500e+03 1.724253051757812500e+03 1.724170288085937500e+03 1.724119995117187500e+03 1.724066406250000000e+03 1.724065307617187500e+03 1.724061401367187500e+03 1.724021240234375000e+03 1.724012207031250000e+03 1.724063232421875000e+03 1.724021362304687500e+03 1.724015380859375000e+03 1.723954223632812500e+03 1.723916259765625000e+03 1.723884765625000000e+03 1.723866455078125000e+03 1.723877563476562500e+03 1.723848876953125000e+03 1.723849731445312500e+03 1.723866699218750000e+03 1.723885986328125000e+03 1.723886474609375000e+03 1.723932983398437500e+03 1.723960327148437500e+03 1.723993530273437500e+03 1.724075073242187500e+03 1.724110961914062500e+03 1.724178222656250000e+03 1.724202636718750000e+03 1.724279052734375000e+03 1.724323242187500000e+03 1.724415161132812500e+03
1.725163452148437500e+03 1.724627929687500227e+03 1.724662231445312500e+03 1.724467285156250000e+03 1.724393066406250000e+03 1.724300537109375000e+03 1.724231445312500000e+03 1.724195434570312500e+03 1.724151977539062500e+03 1.724130981445312500e+03 1.724101684570312500e+03 1.724102416992187500e+03 1.724059448242187500e+03 1.724072998046875000e+03 1.724077148437500000e+03 1.724069213867187500e+03 1.724032226562500000e+03 1.724011230468750000e+03 1.723965332031250000e+03 1.723920410156250000e+03 1.723929199218750000e+03 1.723898315429687500e+03 1.723914672851562500e+03 1.723912719726562500e+03 1.723966674804687500e+03 1.723978881835937500e+03 1.723991699218750000e+03 1.723982421875000000e+03 1.724062988281250000e+03 1.724066162109375000e+03 1.724140747070312500e+03 1.724188964843750000e+03 1.724230590820312500e+03 1.724283203125000000e+03 1.724356445312500000e+03 1.724422607421875000e+03 1.724458129882812500e+03
1.724903320312500000e+03 1.724639526367187500e+03 1.724594482421875000e+03 1.724495117187500000e+03 1.724421875000000000e+03 1.724332275390625000e+03 1.724269287109375000e+03 1.724207763671875000e+03 1.724153686523437500e+03 1.724130981445312727e+03 1.724139526367187500e+03 1.724122070312500000e+03 1.724117553710937500e+03 1.724144775390625000e+03 1.724102294921875000e+03 1.724101806640625000e+03 1.724080688476562500e+03 1.724074951171875000e+03 1.724057006835937500e+03 1.724026977539062500e+03 1.724046142578125000e+03 1.724015869140625000e+03 1.724015991210937500e+03 1.724002929687500000e+03 1.724027221679687500e+03 1.724031250000000000e+03 1.724057617187500000e+03 1.724034423828125000e+03 1.724066894531250000e+03 1.724142700195312500e+03 1.724167968750000000e+03 1.724177124023437500e+03 1.724273559570312500e+03 1.724322021484375000e+03 1.724422973632812500e+03 1.724471191406250000e+03 1.724510742187500000e+03
1.724807739257812500e+03 1.724687255859375000e+03 1.724632812500000000e+03 1.724564575195312500e+03 1.724465087890625000e+03 1.724376220703125000e+03 1.724347534179687500e+03 1.724276245117187500e+03 1.724233032226562500e+03 1.724176513671875000e+03 1.724186645507812500e+03 1.724208618164062500e+03 1.724182128906250000e+03 1.724235839843750000e+03 1.724213256835937500e+03 1.724213500976562500e+03 1.724183715820312500e+03 1.724134399414062500e+03 1.724126464843750000e+03 1.724123291015625000e+03 1.724093383789062500e+03 1.724108398437500000e+03 1.724090454101562500e+03 1.724098388671875000e+03 1.724088134765625000e+03 1.724116699218750000e+03 1.724081787109375000e+03 1.724143188476562500e+03 1.724166748046875000e+03 1.724204345703125000e+03 1.724240600585937500e+03 1.724259765625000000e+03 1.724316040039062500e+03 1.724397705078125000e+03 1.724461425781250000e+03 1.724555908203125000e+03 1.724629760742187500e+03
1.724766235351562500e+03 1.724706909179687500e+03 1.724612060546875000e+03 1.724525146484375000e+03 1.724486694335937500e+03 1.724385498046875000e+03 1.724358398437500000e+03 1.724329345703125000e+03 1.724262573242187500e+03 1.724231323242187500e+03 1.724238525390625000e+03 1.724225952148437500e+03 1.724252685546875000e+03 1.724265502929687500e+03 1.724247680664062500e+03 1.724264526367187500e+03 1.724262695312500000e+03 1.724244140625000000e+03 1.724254394531250000e+03 1.724200683593750000e+03 1.724229003906250000e+03 1.724164672851562500e+03 1.724156005859375000e+03 1.724128051757812500e+03 1.724139892578125000e+03 1.724152221679687500e+03 1.724168701171875000e+03 1.724245849609375000e+03 1.724296508789062500e+03 1.724366210937500000e+03 1.724408569335937500e+03 1.724484985351562500e+03 1.724536010742187500e+03 1.724677001953125000e+03 1.724772216796875000e+03 1.724914428710937500e+03 1.725041137695312500e+03
1.724772705078125000e+03 1.724778320312500000e+03 1.724625000000000000e+03 1.724515502929687500e+03 1.724446533203125000e+03 1.724445434570312500e+03 1.724377441406250000e+03 1.724339355468750000e+03 1.724331420898437500e+03 1.724299194335937500e+03 1.724293823242187500e+03 1.724291992187500000e+03 1.724299194335937500e+03 1.724284545898437500e+03 1.724232788085937500e+03 1.724251586914062500e+03 1.724259643554687500e+03 1.724323364257812500e+03 1.724299804687500000e+03 1.724330566406250000e+03 1.724346313476562500e+03 1.724349121093750000e+03 1.724377929687500000e+03 1.724371826171875000e+03 1.724458862304687500e+03 1.724497924804687500e+03 1.724526245117187500e+03 1.724592895507812500e+03 1.724709350585937500e+03 1.724866455078125000e+03 1.724925659179687500e+03 1.725018188476562500e+03 1.725081176757812500e+03 1.725089477539062500e+03 1.725139526367187500e+03 1.725176147460937500e+03 1.725236694335937500e+03
1.724833007812500000e+03 1.724803710937500000e+03 1.724699584960937500e+03 1.724551269531250000e+03 1.724493408203125000e+03 1.724469116210937500e+03 1.724428466796875000e+03 1.724391601562500000e+03 1.724419555664062500e+03 1.724375854492187500e+03 1.724415039062500000e+03 1.724424682617187500e+03 1.724396118164062500e+03 1.724324096679687500e+03 1.724222045898437500e+03 1.724048095703125000e+03 1.724220336914062500e+03 1.724447875976562500e+03 1.724446655273437500e+03 1.724558227539062500e+03 1.724680175781250000e+03 1.724765136718750000e+03 1.724774902343750000e+03 1.724843750000000000e+03 1.724945434570312500e+03 1.724928466796875000e+03 1.724967651367187500e+03 1.724898803710937500e+03 1.724879638671875000e+03 1.724870239257812500e+03 1.724785888671875000e+03 1.724873901367187500e+03 1.724768554687500000e+03 1.724786132812500000e+03 1.724864746093750000e+03 1.724864746093750227e+03 1.724884399414062500e+03
1.724764770507812500e+03 1.724814697265625000e+03 1.724817993164062500e+03 1.724757568359375000e+03 1.724490844726562727e+03 1.724490844726562500e+03 1.724551391601562500e+03 1.724682495117187500e+03 1.724612792968750000e+03 1.724614868164062500e+03 1.724629394531250000e+03 1.724630126953125000e+03 1.724422241210937500e+03 1.723903564453125000e+03 1.723237304687500000e+03 1.722809448242187500e+03 1.723260253906250000e+03 1.723801147460937500e+03 1.723519775390625000e+03 1.724007202148437500e+03 1.724565917968750000e+03 1.724797241210937500e+03 1.724733398437500000e+03 1.724705322265625000e+03 1.724761962890625000e+03 1.724742919921875000e+03 1.724664672851562500e+03 1.724635620117188637e+03 1.724635620117188409e+03 1.724635620117188182e+03 1.724645996093750000e+03 1.724688110351562500e+03 1.724736206054687500e+03 1.724761840820312500e+03 1.724816040039062500e+03 1.724880493164062500e+03 1.724927246093750000e+03
1.724705810546875000e+03 1.724806762695312500e+03 1.724884277343750000e+03 1.724762207031250000e+03 1.724824340820312500e+03 1.724802978515625000e+03 1.724766113281250000e+03 1.724759399414062500e+03 1.724607421875000000e+03 1.724518432617187500e+03 1.724540649414062500e+03 1.724443603515625000e+03 1.723932250976562500e+03 1.722523681640625000e+03 1.721859008789062500e+03 1.721660644531250000e+03 1.722054809570312500e+03 1.722201904296875000e+03 1.721895629882812500e+03 1.722799560546875000e+03 1.723956420898437500e+03 1.724334228515625000e+03 1.724508300781250000e+03 1.724576660156250000e+03 1.724634033203125000e+03 1.724674438476562500e+03 1.724689208984375000e+03 1.724635620117188409e+03 1.724635620117188182e+03 1.724635620117187955e+03 1.724635620117188182e+03 1.724661987304687500e+03 1.724714233398437500e+03 1.724750732421875000e+03 1.724843017578125000e+03 1.724892944335937500e+03 1.724958007812500000e+03
1.724650024414062500e+03 1.724644775390625000e+03 1.724783569335937500e+03 1.724618286132812500e+03 1.724386596679687500e+03 1.724209838867187500e+03 1.724214599609375000e+03 1.724357055664062500e+03 1.724266479492187500e+03 1.724114746093750000e+03 1.724080566406250000e+03 1.724057373046875000e+03 1.723574340820312500e+03 1.721647705078125000e+03 1.721121459960937500e+03 1.720500122070312500e+03 1.720911743164062500e+03 1.720680541992187500e+03 1.720554443359375000e+03 1.721754882812500000e+03 1.723096801757812500e+03 1.723917236328125000e+03 1.724202026367187500e+03 1.724411621093750000e+03 1.724605957031250000e+03 1.724707885742187500e+03 1.724690307617187500e+03 1.724644531250000000e+03 1.724635620117187955e+03 1.724635620117187727e+03 1.724649169921875000e+03 1.724679565429687500e+03 1.724763793945312500e+03 1.724751220703125000e+03 1.724716796875000000e+03 1.724759033203125000e+03 1.724816162109375000e+03
1.724579956054687500e+03 1.724505859375000000e+03 1.724326660156250000e+03 1.724099487304687500e+03 1.724116943359375000e+03 1.724017456054687500e+03 1.723974853515625000e+03 1.723924316406250000e+03 1.723748168945312500e+03 1.723664062500000000e+03 1.723669433593750000e+03 1.723693481445312500e+03 1.723264648437500000e+03 1.721342529296875000e+03 1.720489013671875000e+03 1.719376098632812500e+03 1.719676147460937500e+03 1.718955322265625000e+03 1.720108154296875000e+03 1.721203002929687500e+03 1.722251708984375000e+03 1.723506958007812500e+03 1.723885864257812500e+03 1.724189819335937500e+03 1.724519653320312500e+03 1.724740356445312500e+03 1.724704711914062500e+03 1.724687255859375000e+03 1.724645385742187500e+03 1.724635620117187500e+03 1.724608154296875000e+03 1.724549926757812500e+03 1.724523315429687500e+03 1.724559570312500000e+03 1.724562133789062500e+03 1.724552978515625000e+03 1.724600341796875000e+03
1.724434936523437500e+03 1.724273681640625000e+03 1.723941528320312500e+03 1.723577026367187500e+03 1.723612915039062500e+03 1.723434204101562500e+03 1.723385742187500000e+03 1.723396606445312500e+03 1.723267211914062500e+03 1.723083129882812500e+03 1.723250122070312500e+03 1.723413940429687500e+03 1.722891113281250000e+03 1.721157470703125000e+03 1.720192504882812500e+03 1.718027343750000000e+03 1.717751098632812500e+03 1.718059326171875000e+03 1.719803466796875000e+03 1.720725830078125000e+03 1.721546997070312500e+03 1.722922973632812500e+03 1.723353637695312500e+03 1.723979003906250000e+03 1.724238037109375000e+03 1.724503540039062500e+03 1.724570800781250000e+03 1.724579711914062500e+03 1.724613891601562500e+03 1.724573120117187500e+03 1.724532226562500000e+03 1.724242553710937500e+03 1.723835815429687500e+03 1.724224975585937500e+03 1.724288452148437500e+03 1.724221801757812500e+03 1.724250610351562500e+03
