docs/source/tutorials/overland_flow/soil_infiltration_green_ampt/bijou_gully_subset_5m_edit_dx_filled.asc
ncols 105
nrows 77
xllcorner 0.0
yllcorner 0.0
cellsize 4.988744589
[rows 34 to 50 of 77, columns 0 to 36 of 105]
1.727112915039062500e+03 1.726926879882812500e+03 1.726826171875000000e+03 1.726739501953125000e+03 1.726683837890625000e+03 1.726576782226562500e+03 1.726503540039062500e+03 1.726414428710937500e+03 1.726357910156250000e+03 1.726328735351562500e+03 1.726230102539062500e+03 1.726314697265625000e+03 1.726370849609375000e+03 1.726588256835937500e+03 1.726490966796875000e+03 1.726266723632812500e+03 1.726172241210937500e+03 1.726033081054687500e+03 1.725914550781250000e+03 1.725684814453125000e+03 1.724690185546875000e+03 1.722613281250000000e+03 1.722405395507812500e+03 1.723834960937500000e+03 1.724406738281250000e+03 1.723524536132812500e+03 1.723524291992187500e+03 1.722943115234375000e+03 1.721632812500000000e+03 1.720910888671875000e+03 1.720729614257812500e+03 1.718889770507812500e+03 1.716238891601562500e+03 1.714736938476562500e+03 1.711891845703125000e+03 1.707712890625000000e+03 1.704426147460937500e+03
1.727096313476562500e+03 1.726960327148437500e+03 1.726840332031250000e+03 1.726769409179687500e+03 1.726689697265625000e+03 1.726616821289062500e+03 1.726530151367187500e+03 1.726445190429687500e+03 1.726368286132812500e+03 1.726341918945312500e+03 1.726304687500000000e+03 1.726344482421875000e+03 1.726448974609375000e+03 1.726675048828125000e+03 1.726510498046875000e+03 1.726287719726562500e+03 1.726220214843750000e+03 1.726049316406250000e+03 1.725836669921875000e+03 1.725217285156250000e+03 1.724047607421875000e+03 1.721772949218750000e+03 1.721625732421875000e+03 1.721830322265625000e+03 1.721969726562500000e+03 1.722154052734375000e+03 1.721499755859375000e+03 1.721635375976562500e+03 1.722170776367187500e+03 1.721516967773437500e+03 1.720996459960937500e+03 1.719719238281250000e+03 1.718615844726562500e+03 1.717519531250000000e+03 1.715041870117187500e+03 1.711651611328125000e+03 1.706180786132812500e+03
1.727099731445312500e+03 1.727018676757812500e+03 1.726922851562500000e+03 1.726804565429687500e+03 1.726732788085937500e+03 1.726617797851562500e+03 1.726562988281250000e+03 1.726519653320312500e+03 1.726444213867187500e+03 1.726367797851562500e+03 1.726343750000000000e+03 1.726361816406250000e+03 1.726471435546875000e+03 1.726833007812500000e+03 1.726591796875000000e+03 1.726294433593750000e+03 1.726136718750000000e+03 1.725994018554687500e+03 1.725513427734375000e+03 1.723831542968750000e+03 1.722592773437500000e+03 1.721184936523437500e+03 1.720587646484375000e+03 1.720865234375000000e+03 1.720622314453125000e+03 1.720897216796875000e+03 1.720346557617187500e+03 1.720301391601562500e+03 1.721413940429687500e+03 1.721582153320312500e+03 1.721380493164062500e+03 1.720759277343750000e+03 1.720359252929687500e+03 1.717757568359375000e+03 1.714201416015625000e+03 1.711738769531250000e+03 1.708524291992187500e+03
1.727168334960937500e+03 1.727064575195312500e+03 1.726937988281250000e+03 1.726871704101562500e+03 1.726773315429687500e+03 1.726708740234375000e+03 1.726614501953125000e+03 1.726545043945312500e+03 1.726482055664062500e+03 1.726397949218750000e+03 1.726404174804687500e+03 1.726415771484375000e+03 1.726482910156250000e+03 1.726806274414062500e+03 1.726610107421875000e+03 1.726336059570312500e+03 1.726203125000000000e+03 1.725808227539062500e+03 1.724657104492187500e+03 1.723056152343750000e+03 1.721718994140625000e+03 1.720478881835937500e+03 1.719377685546875227e+03 1.719477539062500000e+03 1.718638916015625000e+03 1.719229736328125000e+03 1.718793945312500000e+03 1.719181762695312500e+03 1.720352783203125000e+03 1.721096923828125000e+03 1.721093627929687500e+03 1.720514770507812500e+03 1.719766235351562500e+03 1.718016967773437500e+03 1.714996948242187500e+03 1.712298217773437500e+03 1.709766113281250000e+03
1.727225708007812500e+03 1.727114501953125000e+03 1.727010375976562500e+03 1.726930053710937500e+03 1.726791137695312500e+03 1.726735961914062500e+03 1.726679931640625000e+03 1.726628784179687500e+03 1.726534912109375000e+03 1.726476928710937500e+03 1.726439819335937500e+03 1.726476440429687500e+03 1.726521118164062500e+03 1.726822387695312500e+03 1.726564453125000000e+03 1.726388549804687500e+03 1.726219238281250000e+03 1.726076293945312500e+03 1.725669921875000000e+03 1.723844116210937500e+03 1.722243652343750000e+03 1.720974121093750000e+03 1.719377685546875000e+03 1.717150268554687500e+03 1.716267456054687500e+03 1.716896118164062500e+03 1.715410400390625000e+03 1.716442993164062500e+03 1.718860961914062500e+03 1.720385009765625000e+03 1.720432739257812500e+03 1.719931762695312500e+03 1.718879638671875000e+03 1.717195678710937500e+03 1.714920776367187500e+03 1.712736938476562500e+03 1.711305053710937500e+03
1.727240478515625000e+03 1.727145263671875000e+03 1.727042480468750000e+03 1.726953735351562500e+03 1.726866210937500000e+03 1.726791870117187500e+03 1.726725830078125000e+03 1.726624023437500000e+03 1.726560058593750000e+03 1.726464721679687500e+03 1.726459960937500000e+03 1.726520751953125000e+03 1.726572387695312500e+03 1.726788330078125000e+03 1.726547729492187500e+03 1.726412353515625000e+03 1.726273559570312500e+03 1.726085449218750000e+03 1.725662841796875000e+03 1.724554443359375000e+03 1.722405517578125000e+03 1.720676513671875000e+03 1.719017211914062500e+03 1.716702148437500000e+03 1.714805297851562727e+03 1.714805297851562500e+03 1.713394042968750000e+03 1.714253540039062500e+03 1.716205932617187500e+03 1.719351318359375000e+03 1.720354980468750000e+03 1.718772460937500000e+03 1.718185668945312500e+03 1.716460693359375000e+03 1.714391967773437500e+03 1.712730590820312500e+03 1.711663208007812500e+03
1.727263427734375000e+03 1.727177001953125000e+03 1.727071777343750000e+03 1.726978027343750000e+03 1.726886962890625000e+03 1.726805786132812500e+03 1.726753417968750000e+03 1.726674926757812500e+03 1.726615722656250000e+03 1.726503662109375000e+03 1.726511596679687500e+03 1.726585083007812500e+03 1.726619873046875000e+03 1.726848510742187500e+03 1.726598022460937500e+03 1.726421386718750000e+03 1.726318603515625000e+03 1.726136108398437500e+03 1.725894897460937500e+03 1.724803466796875000e+03 1.722255493164062500e+03 1.720709106445312500e+03 1.719426879882812500e+03 1.717267333984375000e+03 1.715039794921875000e+03 1.712584228515625000e+03 1.711896362304687727e+03 1.711896362304687500e+03 1.713066040039062500e+03 1.716807983398437500e+03 1.719696777343750000e+03 1.718195312500000000e+03 1.716721191406250000e+03 1.715377807617187500e+03 1.713911987304687500e+03 1.712713500976562500e+03 1.711062744140625000e+03
1.727303588867187500e+03 1.727183349609375000e+03 1.727120483398437500e+03 1.727019409179687500e+03 1.726984008789062500e+03 1.726862792968750000e+03 1.726765991210937500e+03 1.726688354492187500e+03 1.726627685546875000e+03 1.726537353515625000e+03 1.726557861328125000e+03 1.726588378906250000e+03 1.726697509765625000e+03 1.726790527343750000e+03 1.726596435546875000e+03 1.726379760742187500e+03 1.726266479492187500e+03 1.726144531250000000e+03 1.725922363281250000e+03 1.725558349609375000e+03 1.724085937500000000e+03 1.722436889648437500e+03 1.721130126953125000e+03 1.719607910156250000e+03 1.716585571289062500e+03 1.714749267578125000e+03 1.713139526367187500e+03 1.711228759765625227e+03 1.711228759765625000e+03 1.714283569335937500e+03 1.717000732421875000e+03 1.716719116210937500e+03 1.715498168945312500e+03 1.714381835937500000e+03 1.713384155273437500e+03 1.712433959960937500e+03 1.711709350585937500e+03
1.727327880859375000e+03 1.727205200195312500e+03 1.727171875000000000e+03 1.727105834960937500e+03 1.727003417968750000e+03 1.726903564453125000e+03 1.726841186523437500e+03 1.726740356445312500e+03 1.726624755859375000e+03 1.726589477539062500e+03 1.726627807617187500e+03 1.726648315429687500e+03 1.726811767578125000e+03 1.726855712890625000e+03 1.726550292968750000e+03 1.726417236328125000e+03 1.726273681640625000e+03 1.726122314453125000e+03 1.726022338867187500e+03 1.725863891601562500e+03 1.725530151367187500e+03 1.724297363281250000e+03 1.722224243164062500e+03 1.720413085937500000e+03 1.719674804687500000e+03 1.718340698242187500e+03 1.715189208984375000e+03 1.711661499023437500e+03 1.709738525390625227e+03 1.711331787109375000e+03 1.713000488281250000e+03 1.712871459960937500e+03 1.713494262695312500e+03 1.713479003906250000e+03 1.712729125976562500e+03 1.711906738281250000e+03 1.709417724609375000e+03
1.727373168945312500e+03 1.727250122070312500e+03 1.727196411132812500e+03 1.727118774414062500e+03 1.727030395507812500e+03 1.726952270507812500e+03 1.726860229492187500e+03 1.726794067382812500e+03 1.726720214843750000e+03 1.726641357421875000e+03 1.726654663085937500e+03 1.726670043945312500e+03 1.726933959960937500e+03 1.726827392578125000e+03 1.726539672851562500e+03 1.726411987304687500e+03 1.726287475585937500e+03 1.726129638671875000e+03 1.726024047851562500e+03 1.725883789062500000e+03 1.725498901367187500e+03 1.724684814453125000e+03 1.722613403320312500e+03 1.721824462890625000e+03 1.720664916992187500e+03 1.719098144531250000e+03 1.716104370117187500e+03 1.712452880859375000e+03 1.709738525390625000e+03 1.707815551757812500e+03 1.709030273437500000e+03 1.708796630859375000e+03 1.710423950195312500e+03 1.710934082031250000e+03 1.712228759765625000e+03 1.711581298828125000e+03 1.709596923828125000e+03
1.727497802734375000e+03 1.727314575195312500e+03 1.727179443359375000e+03 1.727162841796875000e+03 1.727089355468750000e+03 1.726997192382812500e+03 1.726891845703125000e+03 1.726813110351562500e+03 1.726727050781250000e+03 1.726677978515625000e+03 1.726690917968750000e+03 1.726722290039062500e+03 1.727051391601562500e+03 1.726782714843750000e+03 1.726523071289062500e+03 1.726407714843750000e+03 1.726275878906250000e+03 1.726112670898437500e+03 1.726069335937500000e+03 1.725819580078125000e+03 1.725428466796875000e+03 1.724550781250000000e+03 1.723091430664062500e+03 1.721440307617187500e+03 1.720294677734375000e+03 1.718438964843750000e+03 1.714845825195312500e+03 1.711300170898437500e+03 1.708643920898437500e+03 1.706731445312500000e+03 1.706264038085937500e+03 1.704847534179687500e+03 1.706174682617187500e+03 1.707712402343750000e+03 1.711400390625000000e+03 1.710860229492187500e+03 1.709367797851562500e+03
1.727544921875000000e+03 1.727436645507812500e+03 1.727254516601562500e+03 1.727177001953125000e+03 1.727080200195312500e+03 1.727033569335937500e+03 1.726903564453125000e+03 1.726838989257812500e+03 1.726774536132812500e+03 1.726684082031250000e+03 1.726724121093750000e+03 1.726751342773437500e+03 1.727035278320312500e+03 1.726748413085937500e+03 1.726482299804687500e+03 1.726337280273437500e+03 1.726229736328125000e+03 1.726109375000000000e+03 1.726047973632812500e+03 1.725770629882812500e+03 1.725241699218750000e+03 1.724183227539062500e+03 1.722935302734375000e+03 1.721425292968750000e+03 1.720626464843750000e+03 1.719636352539062500e+03 1.716133911132812500e+03 1.714229858398437500e+03 1.713091430664062500e+03 1.707525024414062500e+03 1.705337036132812500e+03 1.703771850585937500e+03 1.702865234375000227e+03 1.704067626953125000e+03 1.707779907226562500e+03 1.709832519531250000e+03 1.708670288085937500e+03
1.727586181640625000e+03 1.727451293945312500e+03 1.727317504882812500e+03 1.727214111328125000e+03 1.727108276367187500e+03 1.727047607421875000e+03 1.726971435546875000e+03 1.726874633789062500e+03 1.726802368164062500e+03 1.726756591796875000e+03 1.726793945312500000e+03 1.726777954101562500e+03 1.726979492187500000e+03 1.726713378906250000e+03 1.726502807617187500e+03 1.726340332031250000e+03 1.726215576171875000e+03 1.726093750000000000e+03 1.725973144531250000e+03 1.725641235351562500e+03 1.724905273437500000e+03 1.723660644531250000e+03 1.722888427734375000e+03 1.722215820312500000e+03 1.721471557617187500e+03 1.720666015625000000e+03 1.720224487304687500e+03 1.718724853515625000e+03 1.716237670898437500e+03 1.713680541992187500e+03 1.711704467773437500e+03 1.706950683593750000e+03 1.702865234375000000e+03 1.701887817382812500e+03 1.703684326171875000e+03 1.707889526367187500e+03 1.706732910156250000e+03
1.727638549804687500e+03 1.727559082031250000e+03 1.727426879882812500e+03 1.727244506835937500e+03 1.727146240234375000e+03 1.727064086914062500e+03 1.727024047851562500e+03 1.726922363281250000e+03 1.726861328125000000e+03 1.726776367187500000e+03 1.726821289062500000e+03 1.726843261718750000e+03 1.726991821289062500e+03 1.726663696289062500e+03 1.726438598632812500e+03 1.726274536132812500e+03 1.726183959960937500e+03 1.725969970703125000e+03 1.725771728515625000e+03 1.725365600585937500e+03 1.724644775390625000e+03 1.723446777343750000e+03 1.722515747070312500e+03 1.721627807617187500e+03 1.720740478515625000e+03 1.720479492187500000e+03 1.720190673828125000e+03 1.719810180664062500e+03 1.716640991210937500e+03 1.714227905273437500e+03 1.712877197265625000e+03 1.709177368164062500e+03 1.704312377929687500e+03 1.701478881835937727e+03 1.701780883789062500e+03 1.705470458984375000e+03 1.704317260742187500e+03
1.727718139648437500e+03 1.727554565429687500e+03 1.727501953125000000e+03 1.727324951171875000e+03 1.727230834960937500e+03 1.727100463867187500e+03 1.727018432617187500e+03 1.726919189453125000e+03 1.726890014648437500e+03 1.726855590820312500e+03 1.726856933593750000e+03 1.726948974609375000e+03 1.726970336914062500e+03 1.726615234375000000e+03 1.726384521484375000e+03 1.726209228515625000e+03 1.726059204101562500e+03 1.725706420898437500e+03 1.725332763671875000e+03 1.724935546875000000e+03 1.724256958007812500e+03 1.723043334960937500e+03 1.722098999023437500e+03 1.720961059570312500e+03 1.720190307617187500e+03 1.719697509765625000e+03 1.719391113281250000e+03 1.719413330078125000e+03 1.716745849609375000e+03 1.714090576171875000e+03 1.712853149414062500e+03 1.710352661132812500e+03 1.705577880859375000e+03 1.701478881835937500e+03 1.699775268554687500e+03 1.701957153320312500e+03 1.702674926757812500e+03
1.727831787109375000e+03 1.727649780273437500e+03 1.727587524414062500e+03 1.727455810546875000e+03 1.727269409179687500e+03 1.727130493164062500e+03 1.727090942382812500e+03 1.726960815429687500e+03 1.726921386718750000e+03 1.726955566406250000e+03 1.726882690429687500e+03 1.726958129882812500e+03 1.727005615234375000e+03 1.726638183593750000e+03 1.726443115234375000e+03 1.726063964843750000e+03 1.725929931640625000e+03 1.725297241210937500e+03 1.724695434570312500e+03 1.724202148437500000e+03 1.723672607421875000e+03 1.722466064453125000e+03 1.721871704101562500e+03 1.721168579101562500e+03 1.720184570312500000e+03 1.719342529296875000e+03 1.718584228515625000e+03 1.718274414062500000e+03 1.716772460937500000e+03 1.713831665039062500e+03 1.712895263671875000e+03 1.710587280273437500e+03 1.706012451171875000e+03 1.702356811523437500e+03 1.698957397460937500e+03 1.698389160156250000e+03 1.699624755859375000e+03
1.727932617187500000e+03 1.727733398437500000e+03 1.727612060546875000e+03 1.727538818359375000e+03 1.727406616210937500e+03 1.727210937500000000e+03 1.727142333984375000e+03 1.727061279296875000e+03 1.726967895507812500e+03 1.727044921875000000e+03 1.726950073242187500e+03 1.727038940429687500e+03 1.726931762695312500e+03 1.726627807617187500e+03 1.726411987304687500e+03 1.725918090820312500e+03 1.725408935546875000e+03 1.724698120117187500e+03 1.723689697265625000e+03 1.723092529296875000e+03 1.722756103515625000e+03 1.722166137695312500e+03 1.721612548828125000e+03 1.721030029296875000e+03 1.719775878906250000e+03 1.718861938476562500e+03 1.717814697265625000e+03 1.716222656250000000e+03 1.715011596679687500e+03 1.713316284179687500e+03 1.712509521484375000e+03 1.712029785156250000e+03 1.709157592773437500e+03 1.704368164062500000e+03 1.701372802734375000e+03 1.698091796875000000e+03 1.697264038085937727e+03
