docs/source/tutorials/overland_flow/soil_infiltration_green_ampt/bijou_gully_subset_5m_edit_dx_filled.asc
ncols 105
nrows 77
xllcorner 0.0
yllcorner 0.0
cellsize 4.988744589
[rows 51 to 67 of 77, columns 37 to 73 of 105]
1.695358764648437500e+03 1.697715698242187500e+03 1.698387573242187500e+03 1.693360839843750000e+03 1.689934204101562500e+03 1.691039794921875000e+03 1.693902221679687500e+03 1.696792724609375000e+03 1.699914794921875000e+03 1.703912841796875000e+03 1.706132080078125000e+03 1.706617797851562500e+03 1.706953979492187500e+03 1.706795654296875000e+03 1.706511840820312500e+03 1.705400878906250000e+03 1.704429931640625000e+03 1.703345214843750000e+03 1.702371582031250000e+03 1.701363525390625000e+03 1.700448730468750000e+03 1.698931518554687500e+03 1.696237548828125000e+03 1.694155151367187500e+03 1.691055664062500000e+03 1.687659667968750000e+03 1.686321411132812500e+03 1.685305664062500000e+03 1.685177978515625000e+03 1.685142333984375000e+03 1.684979003906250000e+03 1.686671997070312500e+03 1.689238281250000000e+03 1.690358398437500000e+03 1.692670043945312500e+03 1.693423339843750000e+03 1.693540527343750000e+03
1.694525390625000227e+03 1.694525390625000000e+03 1.697840698242187500e+03 1.693550537109375000e+03 1.689713012695312955e+03 1.690935302734375000e+03 1.695350097656250000e+03 1.698729370117187500e+03 1.701404541015625000e+03 1.702989746093750000e+03 1.705357421875000000e+03 1.705967163085937500e+03 1.706370727539062500e+03 1.706461547851562500e+03 1.706160278320312500e+03 1.705577026367187500e+03 1.704455200195312500e+03 1.703543212890625000e+03 1.702362915039062500e+03 1.701530029296875000e+03 1.700671997070312500e+03 1.699617187500000000e+03 1.698010742187500000e+03 1.695377929687500000e+03 1.692163940429687500e+03 1.690378295898437500e+03 1.688278198242187500e+03 1.685715209960937500e+03 1.684845825195312500e+03 1.684733764648437500e+03 1.684644287109375000e+03 1.684789672851562500e+03 1.686429809570312500e+03 1.688762451171875000e+03 1.691257446289062500e+03 1.692552246093750000e+03 1.692737426757812500e+03
1.694708740234375000e+03 1.693913696289062500e+03 1.696057983398437500e+03 1.693574951171875000e+03 1.689713012695312727e+03 1.690146240234375000e+03 1.694027465820312500e+03 1.696991333007812500e+03 1.698639770507812500e+03 1.702480346679687500e+03 1.704324707031250000e+03 1.705052612304687500e+03 1.705761718750000000e+03 1.706153198242187500e+03 1.705919555664062500e+03 1.705604248046875000e+03 1.704588256835937500e+03 1.703642944335937500e+03 1.702663085937500000e+03 1.701776855468750000e+03 1.700829589843750000e+03 1.700013549804687500e+03 1.698653442382812500e+03 1.697034790039062500e+03 1.695834960937500000e+03 1.692097534179687500e+03 1.689089355468750000e+03 1.686042724609375000e+03 1.684671142578125000e+03 1.684400756835937500e+03 1.684226562500000000e+03 1.684084594726562500e+03 1.684537231445312500e+03 1.686234497070312500e+03 1.689833740234375000e+03 1.691195800781250000e+03 1.691745971679687500e+03
1.694513183593750000e+03 1.692131469726562500e+03 1.694475463867187500e+03 1.691576171875000000e+03 1.689713012695312500e+03 1.688720947265625000e+03 1.691429931640625000e+03 1.695790283203125000e+03 1.699545410156250000e+03 1.701784912109375000e+03 1.703490478515625000e+03 1.704239624023437500e+03 1.704875976562500000e+03 1.705546508789062500e+03 1.705521728515625000e+03 1.705290649414062500e+03 1.704947753906250000e+03 1.703826293945312500e+03 1.702966186523437500e+03 1.701993041992187500e+03 1.701107299804687500e+03 1.699971435546875000e+03 1.699106567382812500e+03 1.698025512695312500e+03 1.695020141601562500e+03 1.692395751953125000e+03 1.690080810546875000e+03 1.688497314453125000e+03 1.686027221679687500e+03 1.684223388671875000e+03 1.683933715820312500e+03 1.683718627929687500e+03 1.683630004882812500e+03 1.684628662109375000e+03 1.687603759765625000e+03 1.687981445312500000e+03 1.690593872070312500e+03
1.695977661132812500e+03 1.691787475585937500e+03 1.691630371093750000e+03 1.690467895507812500e+03 1.689578857421875000e+03 1.688235961914062500e+03 1.690793457031250000e+03 1.695573486328125000e+03 1.698094726562500000e+03 1.700730834960937500e+03 1.702430175781250000e+03 1.703414672851562500e+03 1.703930664062500000e+03 1.704595458984375000e+03 1.705217773437500000e+03 1.704994384765625000e+03 1.704704833984375000e+03 1.704164550781250000e+03 1.703145141601562500e+03 1.702047485351562500e+03 1.701136596679687500e+03 1.700425537109375000e+03 1.699599487304687500e+03 1.698939697265625000e+03 1.697744628906250000e+03 1.694910644531250000e+03 1.693360595703125000e+03 1.690150756835937500e+03 1.686730346679687500e+03 1.684743896484375000e+03 1.683582031250000000e+03 1.683341308593750000e+03 1.683114013671875000e+03 1.683058349609375000e+03 1.683890991210937500e+03 1.685230590820312500e+03 1.688079956054687500e+03
1.696825683593750000e+03 1.691791992187500000e+03 1.689322875976562500e+03 1.689161132812500000e+03 1.689008178710937500e+03 1.687936767578125000e+03 1.688971679687500000e+03 1.693258178710937500e+03 1.697756103515625000e+03 1.699435791015625000e+03 1.700831298828125000e+03 1.702477172851562500e+03 1.702893066406250000e+03 1.703579833984375000e+03 1.704113037109375000e+03 1.704783691406250000e+03 1.704457397460937500e+03 1.703970825195312500e+03 1.703506958007812500e+03 1.702567138671875000e+03 1.701594726562500000e+03 1.700942138671875000e+03 1.700523681640625000e+03 1.699645385742187500e+03 1.698370971679687500e+03 1.696378906250000000e+03 1.693132812500000000e+03 1.691894287109375000e+03 1.689527954101562500e+03 1.686460205078125000e+03 1.683782592773437500e+03 1.683071289062500000e+03 1.682794921875000000e+03 1.682572387695312500e+03 1.682516113281250000e+03 1.682737182617187500e+03 1.685290893554687500e+03
1.696575073242187500e+03 1.694401611328125000e+03 1.690705078125000000e+03 1.688187500000000000e+03 1.687680908203125000e+03 1.687476684570312500e+03 1.689529418945312500e+03 1.693139526367187500e+03 1.696541259765625000e+03 1.697767944335937500e+03 1.699090454101562500e+03 1.701061279296875000e+03 1.701972534179687500e+03 1.702473632812500000e+03 1.703059082031250000e+03 1.703860351562500000e+03 1.704141967773437500e+03 1.703830200195312500e+03 1.703309326171875000e+03 1.702776733398437500e+03 1.701967651367187500e+03 1.701274780273437500e+03 1.700711425781250000e+03 1.699846557617187500e+03 1.698867187500000000e+03 1.697414916992187500e+03 1.695716796875000000e+03 1.695740478515625000e+03 1.692273559570312500e+03 1.688981323242187500e+03 1.685790771484375000e+03 1.683289062500000000e+03 1.682461914062500000e+03 1.682294433593750000e+03 1.681959472656250000e+03 1.682112182617187500e+03 1.682810913085937500e+03
1.696362304687500000e+03 1.694395385742187500e+03 1.692368164062500000e+03 1.689576416015625000e+03 1.687462768554687500e+03 1.687416748046875000e+03 1.688987426757812500e+03 1.691965576171875000e+03 1.693881347656250000e+03 1.695319091796875000e+03 1.697711791992187500e+03 1.698554687500000000e+03 1.700834228515625000e+03 1.701552734375000000e+03 1.702123291015625000e+03 1.702684570312500000e+03 1.703170654296875000e+03 1.703637695312500000e+03 1.703140869140625000e+03 1.702555541992187500e+03 1.702336181640625000e+03 1.701602294921875000e+03 1.700878784179687500e+03 1.700069702148437500e+03 1.699281982421875000e+03 1.698627319335937500e+03 1.698025878906250000e+03 1.697551757812500000e+03 1.694801391601562500e+03 1.691708007812500000e+03 1.688842895507812500e+03 1.685972045898437500e+03 1.683569091796875000e+03 1.682104003906250000e+03 1.681759765625000000e+03 1.681577392578125000e+03 1.682048828125000000e+03
1.695491088867187500e+03 1.693653198242187500e+03 1.691623413085937500e+03 1.689368774414062500e+03 1.688147338867187500e+03 1.686976196289063409e+03 1.688307373046875000e+03 1.689334228515625000e+03 1.690425903320312500e+03 1.692257080078125000e+03 1.693873657226562500e+03 1.696193725585937500e+03 1.698778198242187500e+03 1.700163574218750000e+03 1.701176635742187500e+03 1.701764526367187500e+03 1.702363769531250000e+03 1.702853271484375000e+03 1.703086425781250000e+03 1.702462524414062500e+03 1.701905151367187500e+03 1.701714721679687500e+03 1.701069458007812500e+03 1.700350341796875000e+03 1.699496337890625000e+03 1.699004638671875000e+03 1.698257568359375000e+03 1.697696655273437500e+03 1.696469116210937500e+03 1.693304321289062500e+03 1.691155517578125000e+03 1.689042236328125000e+03 1.685760986328125000e+03 1.682398315429687500e+03 1.681686279296875000e+03 1.681348876953125000e+03 1.681328979492187500e+03
1.692957885742187500e+03 1.691536010742187500e+03 1.689910522460937500e+03 1.688919677734375000e+03 1.688026611328125000e+03 1.686976196289063182e+03 1.687328369140625000e+03 1.688086914062500000e+03 1.689634765625000000e+03 1.690210449218750000e+03 1.690613525390625000e+03 1.693039550781250000e+03 1.692773803710937500e+03 1.697752685546875000e+03 1.699994140625000000e+03 1.700873779296875000e+03 1.701359497070312500e+03 1.702140625000000000e+03 1.702982421875000000e+03 1.702442626953125000e+03 1.701737548828125000e+03 1.701296386718750000e+03 1.700755371093750000e+03 1.700464843750000000e+03 1.699731933593750000e+03 1.699137207031250000e+03 1.698326660156250000e+03 1.697756347656250000e+03 1.696560424804687500e+03 1.693151733398437500e+03 1.690341430664062500e+03 1.688514404296875000e+03 1.686400634765625000e+03 1.683778930664062500e+03 1.681822265625000000e+03 1.681307983398437500e+03 1.680961914062500000e+03
1.691052001953125000e+03 1.690281616210937500e+03 1.689694458007812500e+03 1.688035888671875000e+03 1.687713134765625000e+03 1.686976196289062955e+03 1.686976196289062727e+03 1.686976196289062500e+03 1.688129760742187500e+03 1.688703247070312500e+03 1.689327514648437500e+03 1.689700317382812500e+03 1.691830810546875000e+03 1.693437500000000000e+03 1.698585327148437500e+03 1.700036987304687500e+03 1.700449707031250000e+03 1.701095581054687500e+03 1.701867431640625000e+03 1.702450683593750000e+03 1.701613159179687500e+03 1.700988159179687500e+03 1.700574096679687500e+03 1.699837890625000000e+03 1.699861938476562500e+03 1.699123168945312500e+03 1.698471557617187500e+03 1.697568603515625000e+03 1.696796020507812500e+03 1.694668579101562500e+03 1.692408447265625000e+03 1.689995727539062500e+03 1.686649780273437500e+03 1.683507446289062500e+03 1.682160888671875000e+03 1.681295654296875000e+03 1.680874633789062500e+03
1.692238891601562500e+03 1.693381103515625000e+03 1.693656982421875000e+03 1.692211059570312500e+03 1.689277343750000000e+03 1.688469116210937500e+03 1.687432983398437500e+03 1.686074829101562727e+03 1.686726440429687500e+03 1.687098266601562500e+03 1.687651489257812500e+03 1.688353149414062500e+03 1.689315307617187500e+03 1.692007324218750000e+03 1.695400878906250000e+03 1.699177368164062500e+03 1.699609252929687500e+03 1.700114501953125000e+03 1.700775268554687500e+03 1.701474365234375000e+03 1.701667846679687500e+03 1.700992919921875000e+03 1.700188476562500000e+03 1.699744995117187500e+03 1.699196533203125000e+03 1.698858642578125000e+03 1.698332763671875000e+03 1.697579589843750000e+03 1.696691894531250000e+03 1.695281494140625000e+03 1.692255493164062500e+03 1.689155761718750000e+03 1.687341674804687500e+03 1.686017333984375000e+03 1.684716186523437500e+03 1.682277709960937500e+03 1.681085571289062500e+03
1.695802490234375000e+03 1.698443359375000000e+03 1.697637207031250000e+03 1.696306762695312500e+03 1.692499267578125000e+03 1.690695556640625000e+03 1.688636596679687500e+03 1.686074829101562500e+03 1.686016967773437955e+03 1.686016967773437727e+03 1.686334350585937500e+03 1.687069946289062500e+03 1.687714721679687500e+03 1.690070434570312500e+03 1.692797851562500000e+03 1.697103637695312500e+03 1.698358032226562500e+03 1.699277465820312500e+03 1.699838989257812500e+03 1.700629150390625000e+03 1.701150268554687500e+03 1.700986694335937500e+03 1.700557861328125000e+03 1.699674194335937500e+03 1.698730834960937500e+03 1.698416259765625000e+03 1.697953735351562500e+03 1.697652832031250000e+03 1.696751831054687500e+03 1.694539062500000000e+03 1.693749023437500000e+03 1.692474853515625000e+03 1.690309204101562500e+03 1.688319091796875000e+03 1.686965698242187500e+03 1.684712036132812500e+03 1.683636840820312500e+03
1.697374511718750000e+03 1.698675048828125000e+03 1.697554931640625000e+03 1.696688110351562500e+03 1.695732910156250000e+03 1.694308593750000000e+03 1.691992675781250000e+03 1.689168334960937500e+03 1.687778442382812500e+03 1.686016967773437500e+03 1.685694702148437727e+03 1.686129394531250000e+03 1.686843261718750000e+03 1.688251586914062500e+03 1.691058837890625000e+03 1.692712890625000000e+03 1.693809448242187500e+03 1.698447631835937500e+03 1.698973632812500000e+03 1.699781982421875000e+03 1.700626220703125000e+03 1.700598510742187500e+03 1.700178344726562500e+03 1.699895019531250000e+03 1.699303955078125000e+03 1.698102172851562500e+03 1.697592529296875000e+03 1.697294067382812500e+03 1.697080810546875000e+03 1.696258422851562500e+03 1.695677368164062500e+03 1.693972412109375000e+03 1.692396606445312500e+03 1.689630249023437500e+03 1.688718139648437500e+03 1.687131103515625000e+03 1.685174560546875000e+03
1.699109008789062500e+03 1.698836303710937500e+03 1.698130737304687500e+03 1.697680664062500000e+03 1.696597778320312500e+03 1.694941772460937500e+03 1.693514282226562500e+03 1.692163574218750000e+03 1.689703613281250000e+03 1.687036621093750000e+03 1.685694702148437500e+03 1.684608886718750455e+03 1.685665161132812500e+03 1.687075561523437500e+03 1.688614868164062500e+03 1.690103637695312500e+03 1.691802734375000000e+03 1.694447143554687500e+03 1.698022094726562500e+03 1.698858764648437500e+03 1.699738647460937500e+03 1.700127319335937500e+03 1.699872802734375000e+03 1.699434936523437500e+03 1.698972900390625000e+03 1.698655761718750000e+03 1.697700073242187500e+03 1.696870727539062500e+03 1.696708251953125000e+03 1.696304077148437500e+03 1.695793457031250000e+03 1.694351196289062500e+03 1.692914794921875000e+03 1.691526123046875000e+03 1.689628906250000000e+03 1.687844482421875000e+03 1.684816040039062500e+03
1.701873291015625000e+03 1.701470703125000000e+03 1.701463867187500000e+03 1.700220825195312500e+03 1.698582885742187500e+03 1.697190185546875000e+03 1.695210449218750000e+03 1.693887084960937500e+03 1.691549560546875000e+03 1.688623657226562500e+03 1.685558959960937500e+03 1.684608886718750227e+03 1.684608886718750000e+03 1.685415161132812500e+03 1.686357788085937500e+03 1.688113037109375000e+03 1.690194824218750000e+03 1.692719482421875000e+03 1.694931030273437500e+03 1.697134521484375000e+03 1.698211303710937500e+03 1.699426513671875000e+03 1.699439208984375000e+03 1.699066284179687500e+03 1.698667846679687500e+03 1.698296508789062500e+03 1.697882690429687500e+03 1.697085083007812500e+03 1.696370483398437500e+03 1.696155639648437500e+03 1.695555786132812500e+03 1.694458862304687500e+03 1.692677001953125000e+03 1.690778076171875000e+03 1.689069702148437500e+03 1.687512817382812500e+03 1.686146850585937500e+03
1.704682373046875000e+03 1.704716308593750000e+03 1.704369873046875000e+03 1.703242309570312500e+03 1.701690063476562500e+03 1.699086059570312500e+03 1.697510498046875000e+03 1.694808715820312500e+03 1.691564086914062500e+03 1.688713378906250000e+03 1.685844360351562500e+03 1.685064086914062500e+03 1.684026245117187727e+03 1.684026245117187500e+03 1.684530517578125000e+03 1.687068481445312500e+03 1.688859619140625000e+03 1.689989624023437500e+03 1.691838256835937500e+03 1.693695190429687500e+03 1.695788574218750000e+03 1.697715209960937500e+03 1.698729614257812500e+03 1.698515380859375000e+03 1.698276367187500000e+03 1.698003173828125000e+03 1.697574340820312500e+03 1.697369262695312500e+03 1.696316650390625000e+03 1.695929565429687500e+03 1.695658081054687500e+03 1.694456298828125000e+03 1.693334716796875000e+03 1.692118041992187500e+03 1.690525146484375000e+03 1.688801269531250000e+03 1.687567260742187500e+03
