docs/source/tutorials/overland_flow/soil_infiltration_green_ampt/bijou_gully_subset_5m_edit_dx_filled.asc
ncols 105
nrows 77
xllcorner 0.0
yllcorner 0.0
cellsize 4.988744589
[rows 17 to 33 of 77, columns 37 to 73 of 105]
1.724468994140625000e+03 1.723991699218750000e+03 1.723710449218750000e+03 1.723070678710937500e+03 1.723013793945312500e+03 1.722947753906250000e+03 1.722525146484375000e+03 1.722430664062500000e+03 1.722349243164062500e+03 1.722220825195312500e+03 1.722442382812500000e+03 1.722965332031250000e+03 1.721993041992187500e+03 1.720482543945312500e+03 1.719359008789062500e+03 1.717349243164062500e+03 1.715612426757812500e+03 1.718361938476562500e+03 1.719837768554687500e+03 1.719763061523437500e+03 1.721346313476562500e+03 1.721863037109375000e+03 1.721849975585937500e+03 1.723009765625000000e+03 1.724036132812500000e+03 1.724162231445312500e+03 1.724334716796875000e+03 1.724383544921875000e+03 1.724461181640625000e+03 1.724510742187500000e+03 1.724343017578125000e+03 1.723431152343750000e+03 1.722758544921875000e+03 1.723339477539062500e+03 1.723634277343750000e+03 1.723730346679687500e+03 1.723988037109375000e+03
1.724429687500000000e+03 1.723462402343750000e+03 1.723320800781250000e+03 1.722607543945312500e+03 1.722458984375000000e+03 1.722495971679687500e+03 1.722065795898437500e+03 1.721717285156250000e+03 1.721657714843750000e+03 1.721689575195312500e+03 1.721832641601562500e+03 1.722091552734375000e+03 1.721748413085937500e+03 1.720650390625000000e+03 1.719405639648437500e+03 1.717455444335937500e+03 1.715017211914062500e+03 1.717483886718750000e+03 1.718275512695312500e+03 1.719327392578125000e+03 1.720431030273437500e+03 1.720567260742187500e+03 1.720521484375000000e+03 1.722417358398437500e+03 1.723738159179687500e+03 1.723801025390625000e+03 1.723970214843750000e+03 1.724056762695312500e+03 1.724241333007812500e+03 1.724322509765625000e+03 1.724099853515625000e+03 1.722750610351562500e+03 1.721100463867187500e+03 1.721383666992187500e+03 1.722375488281250000e+03 1.723039794921875000e+03 1.723671875000000000e+03
1.724419433593750000e+03 1.723552856445312500e+03 1.723165039062500000e+03 1.722492919921875000e+03 1.722051147460937500e+03 1.722103027343750000e+03 1.721489624023437500e+03 1.720954223632812500e+03 1.720790893554687500e+03 1.721025634765625000e+03 1.721359375000000000e+03 1.721377929687500000e+03 1.721289916992187500e+03 1.720621948242187500e+03 1.718742187500000000e+03 1.716077880859375000e+03 1.713810180664062500e+03 1.715002563476562500e+03 1.716773071289062500e+03 1.718095947265625000e+03 1.718801635742187500e+03 1.719075683593750000e+03 1.720399658203125000e+03 1.722363525390625000e+03 1.722982666015625000e+03 1.723366455078125000e+03 1.723408935546875000e+03 1.723121459960937500e+03 1.723957031250000000e+03 1.724004272460937500e+03 1.723669189453125000e+03 1.722424072265625000e+03 1.720289306640625000e+03 1.720057983398437500e+03 1.720630615234375000e+03 1.722218139648437500e+03 1.722792968750000000e+03
1.724087524414062500e+03 1.723763793945312500e+03 1.722585937500000000e+03 1.722324829101562500e+03 1.721652343750000000e+03 1.721758056640625000e+03 1.720972534179687500e+03 1.720123657226562500e+03 1.719125732421875000e+03 1.720226684570312500e+03 1.720713745117187500e+03 1.720913940429687500e+03 1.720785278320312500e+03 1.720724731445312500e+03 1.718857910156250000e+03 1.715905761718750000e+03 1.713769409179687500e+03 1.712576416015625000e+03 1.714972534179687500e+03 1.715708984375000000e+03 1.717207763671875000e+03 1.719182617187500000e+03 1.720678955078125000e+03 1.721728393554687500e+03 1.722105102539062500e+03 1.721756591796875000e+03 1.722194335937500000e+03 1.721858642578125000e+03 1.723278442382812500e+03 1.723560913085937500e+03 1.723049560546875000e+03 1.722147705078125000e+03 1.720262084960937500e+03 1.719221557617187500e+03 1.719570068359375000e+03 1.720346191406250000e+03 1.721583496093750000e+03
1.722117553710937500e+03 1.722663574218750000e+03 1.721988037109375000e+03 1.721043579101562500e+03 1.721346069335937500e+03 1.721252807617187500e+03 1.720740722656250000e+03 1.719380615234375000e+03 1.717602783203125000e+03 1.718890625000000000e+03 1.720084960937500000e+03 1.720588378906250000e+03 1.720255981445312500e+03 1.720680053710937500e+03 1.719341308593750000e+03 1.716452880859375000e+03 1.713603515625000000e+03 1.710830566406250000e+03 1.712133789062500000e+03 1.714565673828125000e+03 1.717385742187500000e+03 1.719445678710937500e+03 1.720715698242187500e+03 1.721062744140625000e+03 1.721071044921875000e+03 1.720788818359375000e+03 1.720984619140625000e+03 1.721492919921875000e+03 1.722586914062500000e+03 1.722916137695312500e+03 1.722546875000000000e+03 1.721143676757812500e+03 1.719865478515625000e+03 1.718560058593750000e+03 1.718579467773437500e+03 1.719224487304687500e+03 1.720565429687500000e+03
1.721159545898437500e+03 1.720727294921875000e+03 1.720468872070312500e+03 1.719502685546875000e+03 1.720864501953125000e+03 1.720867309570312500e+03 1.719889404296875000e+03 1.717898437500000000e+03 1.716489257812500000e+03 1.717937744140625000e+03 1.719401733398437500e+03 1.719804931640625000e+03 1.719615966796875000e+03 1.719884521484375000e+03 1.719269653320312500e+03 1.716518310546875000e+03 1.713653320312500000e+03 1.710130981445312500e+03 1.710702758789062500e+03 1.714329833984375000e+03 1.717899658203125000e+03 1.719882690429687500e+03 1.720094970703125000e+03 1.720223144531250000e+03 1.719902954101562500e+03 1.718473510742187500e+03 1.719614013671875000e+03 1.721183105468750000e+03 1.721994018554687500e+03 1.722242797851562500e+03 1.722080200195312500e+03 1.720867187500000000e+03 1.719405639648437500e+03 1.717120605468750000e+03 1.717173706054687500e+03 1.718847045898437500e+03 1.719627563476562500e+03
1.718969360351562500e+03 1.718674804687500000e+03 1.718377075195312500e+03 1.719259765625000000e+03 1.720957397460937500e+03 1.720618652343750000e+03 1.720027343750000000e+03 1.717970092773437500e+03 1.715413696289062727e+03 1.716942016601562500e+03 1.717971069335937500e+03 1.718677001953125000e+03 1.718706298828125000e+03 1.718972167968750000e+03 1.718804443359375000e+03 1.716457519531250000e+03 1.713185058593750000e+03 1.709731445312500000e+03 1.709249877929687500e+03 1.712251220703125000e+03 1.716302124023437500e+03 1.718465942382812500e+03 1.719411376953125000e+03 1.719432250976562500e+03 1.718359863281250000e+03 1.716809936523437500e+03 1.719582519531250000e+03 1.720910034179687500e+03 1.721337768554687500e+03 1.721515136718750000e+03 1.721218750000000000e+03 1.719973632812500000e+03 1.718061889648437500e+03 1.716137817382812500e+03 1.715773315429687500e+03 1.716764892578125000e+03 1.717669921875000000e+03
1.716153686523437500e+03 1.715326293945312500e+03 1.716004882812500000e+03 1.719264770507812500e+03 1.720804077148437500e+03 1.720371337890625000e+03 1.719888427734375000e+03 1.717879638671875000e+03 1.715413696289062500e+03 1.715304931640625000e+03 1.716806884765625000e+03 1.717091186523437500e+03 1.716405761718750000e+03 1.717114013671875000e+03 1.716752685546875000e+03 1.714832519531250000e+03 1.712633056640625000e+03 1.708854858398437500e+03 1.707671142578125000e+03 1.709989624023437500e+03 1.713836303710937500e+03 1.718062011718750000e+03 1.719430664062500000e+03 1.718016235351562500e+03 1.716784423828125000e+03 1.716031982421875000e+03 1.718792724609375000e+03 1.720336425781250000e+03 1.720901977539062500e+03 1.721243896484375000e+03 1.720394775390625000e+03 1.718601806640625000e+03 1.716482177734375000e+03 1.714994506835937500e+03 1.714062011718750000e+03 1.714776245117187500e+03 1.715685180664062500e+03
1.713165893554687500e+03 1.714688354492187500e+03 1.717953491210937500e+03 1.720587890625000000e+03 1.720721191406250000e+03 1.720005493164062500e+03 1.719920654296875000e+03 1.717958740234375000e+03 1.715850708007812500e+03 1.713884887695312500e+03 1.715210327148437500e+03 1.715269897460937500e+03 1.715136352539062500e+03 1.714568725585937500e+03 1.715280883789062500e+03 1.713023559570312500e+03 1.710950317382812500e+03 1.708190551757812500e+03 1.706116943359375000e+03 1.709564575195312500e+03 1.714042114257812500e+03 1.718455200195312500e+03 1.719302246093750000e+03 1.717273681640625000e+03 1.714730346679687500e+03 1.714237915039062500e+03 1.716547119140625000e+03 1.718204833984375000e+03 1.720405273437500000e+03 1.720454589843750000e+03 1.719258544921875000e+03 1.717301147460937500e+03 1.715405273437500000e+03 1.714004760742187500e+03 1.712942749023437500e+03 1.713037841796875000e+03 1.713434448242187500e+03
1.712662109375000000e+03 1.717004760742187500e+03 1.720205322265625000e+03 1.720764892578125000e+03 1.720477661132812500e+03 1.719889770507812500e+03 1.719724731445312500e+03 1.718269409179687500e+03 1.715438842773437500e+03 1.712989868164062727e+03 1.712989868164062500e+03 1.713647216796875000e+03 1.714374023437500000e+03 1.712840332031250000e+03 1.712287841796875000e+03 1.712921020507812500e+03 1.710023803710937500e+03 1.706210815429687500e+03 1.705356567382812500e+03 1.708576416015625000e+03 1.712268432617187500e+03 1.718252929687500000e+03 1.718471923828125000e+03 1.716829467773437500e+03 1.714618530273437500e+03 1.712177368164062500e+03 1.713748413085937500e+03 1.717199096679687500e+03 1.719869018554687500e+03 1.719953979492187500e+03 1.718220581054687500e+03 1.716167602539062500e+03 1.714526000976562500e+03 1.713239746093750000e+03 1.712088867187500000e+03 1.711051025390625000e+03 1.711432128906250000e+03
1.714026245117187500e+03 1.717612182617187500e+03 1.719056640625000000e+03 1.719732543945312500e+03 1.718705932617187500e+03 1.719588012695312500e+03 1.719545776367187500e+03 1.718977294921875000e+03 1.716790405273437500e+03 1.714457641601562500e+03 1.711327270507812727e+03 1.711670166015625000e+03 1.712503417968750000e+03 1.712948730468750000e+03 1.710807250976562500e+03 1.710581542968750000e+03 1.708607666015625000e+03 1.704200073242187500e+03 1.704412109375000000e+03 1.708503051757812500e+03 1.713757934570312500e+03 1.717147583007812500e+03 1.717236328125000000e+03 1.715166503906250000e+03 1.713527099609375000e+03 1.710930053710937500e+03 1.712443725585937500e+03 1.715877197265625000e+03 1.718705444335937500e+03 1.719233032226562500e+03 1.717600708007812500e+03 1.715504638671875000e+03 1.713528564453125000e+03 1.712413452148437500e+03 1.711345336914062500e+03 1.710278808593750000e+03 1.708286987304687500e+03
1.715158325195312500e+03 1.716515380859375000e+03 1.716824218750000000e+03 1.717747192382812500e+03 1.717251342773437500e+03 1.718806762695312500e+03 1.719220825195312500e+03 1.719074218750000000e+03 1.717229980468750000e+03 1.714817260742187500e+03 1.711327270507812500e+03 1.709204467773437500e+03 1.710621215820312500e+03 1.709145019531250000e+03 1.709281005859375000e+03 1.708381958007812500e+03 1.705899169921875000e+03 1.702553710937500000e+03 1.703235351562500000e+03 1.709784790039062500e+03 1.714663452148437500e+03 1.715921630859375000e+03 1.715803100585937500e+03 1.713640869140625000e+03 1.711931640625000000e+03 1.709536010742187500e+03 1.711389526367187500e+03 1.714679321289062500e+03 1.716789184570312500e+03 1.718059692382812500e+03 1.716903076171875000e+03 1.715124023437500000e+03 1.713285644531250000e+03 1.711883666992187500e+03 1.710236450195312500e+03 1.708987304687500000e+03 1.707045410156250000e+03
1.713121704101562500e+03 1.714047729492187500e+03 1.713551757812500000e+03 1.714850219726562500e+03 1.715734619140625000e+03 1.718157714843750000e+03 1.719247558593750000e+03 1.718910644531250000e+03 1.717928100585937500e+03 1.714212036132812500e+03 1.711109252929687500e+03 1.706696533203125000e+03 1.705911376953125000e+03 1.705959594726562500e+03 1.705522216796875000e+03 1.705673339843750000e+03 1.704589965820312500e+03 1.700804077148437500e+03 1.703138305664062500e+03 1.709507568359375000e+03 1.712726196289062500e+03 1.714330688476562500e+03 1.714593994140625000e+03 1.711900390625000000e+03 1.709391357421875000e+03 1.708584960937500000e+03 1.710454467773437500e+03 1.713312988281250000e+03 1.714806762695312500e+03 1.715973144531250000e+03 1.715530395507812500e+03 1.714338012695312500e+03 1.712658325195312500e+03 1.710843017578125000e+03 1.709153686523437500e+03 1.707563598632812500e+03 1.705911743164062500e+03
1.709884399414062500e+03 1.711238891601562500e+03 1.710396118164062500e+03 1.711021240234375000e+03 1.714312255859375000e+03 1.717468505859375000e+03 1.719531494140625000e+03 1.718499511718750000e+03 1.718344726562500000e+03 1.715794555664062500e+03 1.712732788085937500e+03 1.709048095703125000e+03 1.705179321289062500e+03 1.703250610351562500e+03 1.703710449218750000e+03 1.702467407226562500e+03 1.701681030273437500e+03 1.700023803710937727e+03 1.702787353515625000e+03 1.707039672851562500e+03 1.709666870117187500e+03 1.711738159179687500e+03 1.712677368164062500e+03 1.710952880859375000e+03 1.708377075195312500e+03 1.708226806640625000e+03 1.710263671875000000e+03 1.711308471679687500e+03 1.712542236328125000e+03 1.713720947265625000e+03 1.714039916992187500e+03 1.713134887695312500e+03 1.711639648437500000e+03 1.709861572265625000e+03 1.708262695312500000e+03 1.707025268554687500e+03 1.704766357421875000e+03
1.706548339843750000e+03 1.708151489257812500e+03 1.708199462890625000e+03 1.709074462890625000e+03 1.712646240234375000e+03 1.716416625976562500e+03 1.718589111328125000e+03 1.718333007812500000e+03 1.718049682617187500e+03 1.716924072265625000e+03 1.713217163085937500e+03 1.709877563476562500e+03 1.705277465820312500e+03 1.702832763671875000e+03 1.701741821289062500e+03 1.700610961914062500e+03 1.698901977539062500e+03 1.700023803710937500e+03 1.702702148437500000e+03 1.705109008789062500e+03 1.706888305664062500e+03 1.709308105468750000e+03 1.711224853515625000e+03 1.710346069335937500e+03 1.706665527343750000e+03 1.706789794921875000e+03 1.708365356445312500e+03 1.709529907226562500e+03 1.710567871093750000e+03 1.711717041015625000e+03 1.712252929687500000e+03 1.711649414062500000e+03 1.710432495117187500e+03 1.709217651367187500e+03 1.707511352539062500e+03 1.705928833007812500e+03 1.703726684570312500e+03
1.702856201171875000e+03 1.704364379882812500e+03 1.705990478515625000e+03 1.706632934570312500e+03 1.710599487304687500e+03 1.713771484375000000e+03 1.716528686523437500e+03 1.718785766601562500e+03 1.717605346679687500e+03 1.717159545898437500e+03 1.713713256835937500e+03 1.710759765625000000e+03 1.706742553710937500e+03 1.703549316406250000e+03 1.699740356445312500e+03 1.698658081054687500e+03 1.698323730468750000e+03 1.700181762695312500e+03 1.700739746093750000e+03 1.702513061523437500e+03 1.706163818359375000e+03 1.708092163085937500e+03 1.709817749023437500e+03 1.709477539062500000e+03 1.706403320312500000e+03 1.704593383789062500e+03 1.706286254882812500e+03 1.707620971679687500e+03 1.709078125000000000e+03 1.709876220703125000e+03 1.710775634765625000e+03 1.710375000000000000e+03 1.709223632812500000e+03 1.708114501953125000e+03 1.706654174804687500e+03 1.705054687500000000e+03 1.702733154296875000e+03
1.700238281250000227e+03 1.702041381835937500e+03 1.702397460937500000e+03 1.703708251953125000e+03 1.707107421875000000e+03 1.710025024414062500e+03 1.714099609375000000e+03 1.717001464843750000e+03 1.716993530273437500e+03 1.716880126953125000e+03 1.714891479492187500e+03 1.711585815429687500e+03 1.709151000976562500e+03 1.705570556640625000e+03 1.703144042968750000e+03 1.699496337890625000e+03 1.698037841796875227e+03 1.698037841796875000e+03 1.699415893554687500e+03 1.703841552734375000e+03 1.705228393554687500e+03 1.706654418945312500e+03 1.708295532226562500e+03 1.707864257812500000e+03 1.706197998046875000e+03 1.703233520507812500e+03 1.704670288085937500e+03 1.705889282226562500e+03 1.707129028320312500e+03 1.708272094726562500e+03 1.709412719726562500e+03 1.709322631835937500e+03 1.708613037109375000e+03 1.707260864257812500e+03 1.705884033203125000e+03 1.703911621093750000e+03 1.701933715820312500e+03
