docs/source/tutorials/overland_flow/rainfall/rainfall.asc
ncols 76
nrows 55
xllcorner 0.0
yllcorner 0.0
cellsize 10.0
[rows 34 to 50 of 55, columns 37 to 73 of 76]
0.000000000000000000e+00 0.000000000000000000e+00 0.000000000000000000e+00 0.000000000000000000e+00 0.000000000000000000e+00 0.000000000000000000e+00 0.000000000000000000e+00 0.000000000000000000e+00 1.352148309161891049e-01 1.354850306547157324e-01 1.357552833349609800e-01 1.360255871216327073e-01 1.362959401752308619e-01 1.365663406520650491e-01 1.368367867042731834e-01 1.371072764798393351e-01 1.373778081226124659e-01 1.376483797723246083e-01 1.379189895646096842e-01 1.381896356310221008e-01 1.384603160990556248e-01 1.387310290921621170e-01 1.390017727297710448e-01 1.392725451273079673e-01 1.395433443962143805e-01 1.398141686439667297e-01 1.400850159740960332e-01 1.403558844862073662e-01 1.406267722759997063e-01 1.408976774352855010e-01 1.411685980520108186e-01 1.414395322102751928e-01 1.417104779903518019e-01 1.419814334687077850e-01 1.422523967180243099e-01 1.425233658072174725e-01 0.000000000000000000e+00
0.000000000000000000e+00 0.000000000000000000e+00 0.000000000000000000e+00 0.000000000000000000e+00 0.000000000000000000e+00 0.000000000000000000e+00 0.000000000000000000e+00 1.351658594807395308e-01 1.354364472124588992e-01 1.357070898067351261e-01 1.359777854295011745e-01 1.362485322424568379e-01 1.365193284030870591e-01 1.367901720646798047e-01 1.370610613763441621e-01 1.373319944830289074e-01 1.376029695255407137e-01 1.378739846405626635e-01 1.381450379606730117e-01 1.384161276143637820e-01 1.386872517260596682e-01 1.389584084161370192e-01 1.392295958009428514e-01 1.395008119928141110e-01 1.397720551000968259e-01 1.400433232271657003e-01 1.403146144744433499e-01 1.405859269384202026e-01 1.408572587116740382e-01 1.411286078828898893e-01 1.413999725368798033e-01 1.416713507546033812e-01 1.419427406131872349e-01 1.422141401859458865e-01 1.424855475424016416e-01 1.427569607483054892e-01 0.000000000000000000e+00
0.000000000000000000e+00 0.000000000000000000e+00 0.000000000000000000e+00 0.000000000000000000e+00 0.000000000000000000e+00 0.000000000000000000e+00 1.351159363702672256e-01 1.353869098362931456e-01 1.356579400874071140e-01 1.359290252908001984e-01 1.362001636094058998e-01 1.364713532019177222e-01 1.367425922228073243e-01 1.370138788223425885e-01 1.372852111466055791e-01 1.375565873375114434e-01 1.378280055328262033e-01 1.380994638661857676e-01 1.383709604671142790e-01 1.386424934610432369e-01 1.389140609693299555e-01 1.391856611092768259e-01 1.394572919941503564e-01 1.397289517332004349e-01 1.400006384316794805e-01 1.402723501908620107e-01 1.405440851080641540e-01 1.408158412766633005e-01 1.410876167861178643e-01 1.413594097219870172e-01 1.416312181659508673e-01 1.419030401958304433e-01 1.421748738856077887e-01 1.424467173054465019e-01 1.427185685217118305e-01 1.429904255969913773e-01 0.000000000000000000e+00
0.000000000000000000e+00 0.000000000000000000e+00 0.000000000000000000e+00 0.000000000000000000e+00 0.000000000000000000e+00 1.350650626524959874e-01 1.353364195858232921e-01 1.356078352284179334e-01 1.358793077487628898e-01 1.361508353110585656e-01 1.364224160752406656e-01 1.366940481969980137e-01 1.369657298277907886e-01 1.372374591148683431e-01 1.375092342012876889e-01 1.377810532259317045e-01 1.380529143235278422e-01 1.383248156246662530e-01 1.385967552558190485e-01 1.388687313393585920e-01 1.391407419935767054e-01 1.394127853327035149e-01 1.396848594669268806e-01 1.399569625024111863e-01 1.402290925413170741e-01 1.405012476818206790e-01 1.407734260181333630e-01 1.410456256405212272e-01 1.413178446353250683e-01 1.415900810849800295e-01 1.418623330680359729e-01 1.421345986591772137e-01 1.424068759292429487e-01 1.426791629452476007e-01 1.429514577704011080e-01 1.432237584641297135e-01 0.000000000000000000e+00
0.000000000000000000e+00 0.000000000000000000e+00 0.000000000000000000e+00 0.000000000000000000e+00 0.000000000000000000e+00 1.352849775407682364e-01 1.355567763013786620e-01 1.358286338668476534e-01 1.361005484026761858e-01 1.363725180700754991e-01 1.366445410259853610e-01 1.369166154230916088e-01 1.371887394098446067e-01 1.374609111304770370e-01 1.377331287250223579e-01 1.380053903293332884e-01 1.382776940751000438e-01 1.385500380898691541e-01 1.388224204970620601e-01 1.390948394159940427e-01 1.393672929618930689e-01 1.396397792459188603e-01 1.399122963751821824e-01 1.401848424527639136e-01 1.404574155777345845e-01 1.407300138451738070e-01 1.410026353461898141e-01 1.412752781679393332e-01 1.415479403936472091e-01 1.418206201026264990e-01 1.420933153702984009e-01 1.423660242682125432e-01 1.426387448640669964e-01 1.429114752217288120e-01 1.431842134012545065e-01 1.434569574589105723e-01 0.000000000000000000e+00
0.000000000000000000e+00 0.000000000000000000e+00 0.000000000000000000e+00 0.000000000000000000e+00 1.352325848009229281e-01 1.355047643980319128e-01 1.357770047287004400e-01 1.360493039597633069e-01 1.363216602537409006e-01 1.365940717688571837e-01 1.368665366590576804e-01 1.371390530740270453e-01 1.374116191592074931e-01 1.376842330558169236e-01 1.379568929008669620e-01 1.382295968271818054e-01 1.385023429634163750e-01 1.387751294340751895e-01 1.390479543595309342e-01 1.393208158560435284e-01 1.395937120357788330e-01 1.398666410068279964e-01 1.401396008732265219e-01 1.404125897349735030e-01 1.406856056880511907e-01 1.409586468244444224e-01 1.412317112321601620e-01 1.415047969952475670e-01 1.417779021938174178e-01 1.420510249040623785e-01 1.423241631982770095e-01 1.425973151448777509e-01 1.428704788084235178e-01 1.431436522496359609e-01 1.434168335254197846e-01 1.436900206888837017e-01 0.000000000000000000e+00
0.000000000000000000e+00 0.000000000000000000e+00 0.000000000000000000e+00 1.351792424861189279e-01 1.354518006302132538e-01 1.357244214381161385e-01 1.359971030780293411e-01 1.362698437138160357e-01 1.365426415050181030e-01 1.368154946068739219e-01 1.370884011703363548e-01 1.373613593420908441e-01 1.376343672645732319e-01 1.379074230759882169e-01 1.381805249103275623e-01 1.384536708973886920e-01 1.387268591627930092e-01 1.390000878280047980e-01 1.392733550103498752e-01 1.395466588230344085e-01 1.398199973751642067e-01 1.400933687717635379e-01 1.403667711137943919e-01 1.406402024981759924e-01 1.409136610178041704e-01 1.411871447615706543e-01 1.414606518143832481e-01 1.417341802571850662e-01 1.420077281669748226e-01 1.422812936168265929e-01 1.425548746759100760e-01 1.428284694095106055e-01 1.431020758790496894e-01 1.433756921421052710e-01 1.436493162524323242e-01 1.439229462599835307e-01 1.441965802109300143e-01
0.000000000000000000e+00 0.000000000000000000e+00 1.351249517361846064e-01 1.353978861298114900e-01 1.356708851189989407e-01 1.359439468733495415e-01 1.362170695581023661e-01 1.364902513341506862e-01 1.367634903580594863e-01 1.370367847820834206e-01 1.373101327541847438e-01 1.375835324180510744e-01 1.378569819131139074e-01 1.381304793745665727e-01 1.384040229333827476e-01 1.386776107163347760e-01 1.389512408460125414e-01 1.392249114408418142e-01 1.394986206151032915e-01 1.397723664789514986e-01 1.400461471384337464e-01 1.403199606955092826e-01 1.405938052480686096e-01 1.408676788899527743e-01 1.411415797109730197e-01 1.414155057969299634e-01 1.416894552296338594e-01 1.419634260869239717e-01 1.422374164426885579e-01 1.425114243668851033e-01 1.427854479255602771e-01 1.430594851808701384e-01 1.433335341911006200e-01 1.436075930106880116e-01 1.438816596902393052e-01 1.441557322765532057e-01 1.444298088126405311e-01
0.000000000000000000e+00 1.350697137109045098e-01 1.353430220487281677e-01 1.356163969153228455e-01 1.358898364817252014e-01 1.361633389145837092e-01 1.364369023761765332e-01 1.367105250244287917e-01 1.369842050129305988e-01 1.372579404909545220e-01 1.375317296034739845e-01 1.378055704911807511e-01 1.380794612905037744e-01 1.383534001336267638e-01 1.386273851485070596e-01 1.389014144588940625e-01 1.391754861843476909e-01 1.394495984402571442e-01 1.397237493378599704e-01 1.399979369842607180e-01 1.402721594824501150e-01 1.405464149313243316e-01 1.408207014257041312e-01 1.410950170563544381e-01 1.413693599100034892e-01 1.416437280693630674e-01 1.419181196131473754e-01 1.421925326160938530e-01 1.424669651489822719e-01 1.427414152786553314e-01 1.430158810680385306e-01 1.432903605761606802e-01 1.435648518581740252e-01 1.438393529653750613e-01 1.441138619452246861e-01 1.443883768413694868e-01 0.000000000000000000e+00
0.000000000000000000e+00 1.352872095588367740e-01 1.355609579910904694e-01 1.358347730592431857e-01 1.361086529313862981e-01 1.363825957712162806e-01 1.366565997380519426e-01 1.369306629868523584e-01 1.372047836682342981e-01 1.374789599284903796e-01 1.377531899096068047e-01 1.380274717492815661e-01 1.383018035809426005e-01 1.385761835337661618e-01 1.388506097326950295e-01 1.391250802984573542e-01 1.393995933475851157e-01 1.396741469924328849e-01 1.399487393411966984e-01 1.402233684979331541e-01 1.404980325625783399e-01 1.407727296309671250e-01 1.410474577948525321e-01 1.413222151419249728e-01 1.415969997558321203e-01 1.418718097161980884e-01 1.421466430986437490e-01 1.424214979748060217e-01 1.426963724123583577e-01 1.429712644750305017e-01 1.432461722226288925e-01 1.435210937110567020e-01 1.437960269923347079e-01 1.440709701146212773e-01 0.000000000000000000e+00 0.000000000000000000e+00 0.000000000000000000e+00
1.352304498519410203e-01 1.355045695302918851e-01 1.357787577820349367e-01 1.360530127767378972e-01 1.363273326795489959e-01 1.366017156512143171e-01 1.368761598480954245e-01 1.371506634221869581e-01 1.374252245211344259e-01 1.376998412882521616e-01 1.379745118625411715e-01 1.382492343787073141e-01 1.385240069671797580e-01 1.387988277541287174e-01 1.390736948614846313e-01 1.393486064069562602e-01 1.396235605040494210e-01 1.398985552620859441e-01 1.401735887862224084e-01 1.404486591774692095e-01 1.407237645327097664e-01 1.409989029447195619e-01 1.412740725021857380e-01 1.415492712897263028e-01 1.418244973879099480e-01 1.420997488732755332e-01 1.423750238183519312e-01 1.426503202916780122e-01 1.429256363578225164e-01 1.432009700774043714e-01 1.434763195071126762e-01 1.437516826997272956e-01 0.000000000000000000e+00 0.000000000000000000e+00 0.000000000000000000e+00 0.000000000000000000e+00 0.000000000000000000e+00
1.354472327368621276e-01 1.357217918462342299e-01 1.359964196389260582e-01 1.362711142815708765e-01 1.365458739363756557e-01 1.368206967611378944e-01 1.370955809092638256e-01 1.373705245297855426e-01 1.376455257673792343e-01 1.379205827623826430e-01 1.381956936508136613e-01 1.384708565643879008e-01 1.387460696305373997e-01 1.390213309724286916e-01 1.392966387089814295e-01 1.395719909548869264e-01 1.398473858206268905e-01 1.401228214124922711e-01 1.403982958326021047e-01 1.406738071789225275e-01 1.409493535452861490e-01 1.412249330214111198e-01 1.415005436929206162e-01 1.417761836413621024e-01 1.420518509442273425e-01 1.423275436749717460e-01 1.426032599030343795e-01 1.428789976938578399e-01 1.431547551089082104e-01 1.434305302056955445e-01 1.437063210377936273e-01 1.439821256548607931e-01 0.000000000000000000e+00 0.000000000000000000e+00 0.000000000000000000e+00 0.000000000000000000e+00 0.000000000000000000e+00
1.356638764679351516e-01 1.359388747262559316e-01 1.362139417777532557e-01 1.364890757861280945e-01 1.367642749106477984e-01 1.370395373061635003e-01 1.373148611231276850e-01 1.375902445076119529e-01 1.378656856013249221e-01 1.381411825416299366e-01 1.384167334615634404e-01 1.386923364898527966e-01 1.389679897509349116e-01 1.392436913649744701e-01 1.395194394478822264e-01 1.397952321113341834e-01 1.400710674627897168e-01 1.403469436055108099e-01 1.406228586385809831e-01 1.408988106569241394e-01 1.411747977513239660e-01 1.414508180084432243e-01 1.417268695108429566e-01 1.420029503370024149e-01 1.422790585613381009e-01 1.425551922542240557e-01 1.428313494820115381e-01 1.431075283070487592e-01 1.433837267877013377e-01 1.436599429783721737e-01 1.439361749295219872e-01 0.000000000000000000e+00 0.000000000000000000e+00 0.000000000000000000e+00 0.000000000000000000e+00 0.000000000000000000e+00 0.000000000000000000e+00
1.358803792670073562e-01 1.361558163885997763e-01 1.364313224131541158e-01 1.367068955014408838e-01 1.369825338097898637e-01 0.000000000000000000e+00 0.000000000000000000e+00 0.000000000000000000e+00 0.000000000000000000e+00 0.000000000000000000e+00 0.000000000000000000e+00 1.389136723372551563e-01 1.391897655069124495e-01 0.000000000000000000e+00 0.000000000000000000e+00 0.000000000000000000e+00 0.000000000000000000e+00 0.000000000000000000e+00 1.408472753610088279e-01 1.411236677647068338e-01 1.414000953004385941e-01 1.416765560518133682e-01 1.419530480983322851e-01 1.422295695154078832e-01 1.425061183743839832e-01 1.427826927425549508e-01 1.430592906831862354e-01 1.433359102555337994e-01 1.436125495148646569e-01 1.438892065124767750e-01 0.000000000000000000e+00 0.000000000000000000e+00 0.000000000000000000e+00 0.000000000000000000e+00 0.000000000000000000e+00 0.000000000000000000e+00 0.000000000000000000e+00
1.360967393546030357e-01 1.363726150501829160e-01 1.366485597584377876e-01 1.369245716372095578e-01 1.372006488398923862e-01 0.000000000000000000e+00 0.000000000000000000e+00 0.000000000000000000e+00 0.000000000000000000e+00 0.000000000000000000e+00 0.000000000000000000e+00 0.000000000000000000e+00 0.000000000000000000e+00 0.000000000000000000e+00 0.000000000000000000e+00 0.000000000000000000e+00 0.000000000000000000e+00 0.000000000000000000e+00 0.000000000000000000e+00 0.000000000000000000e+00 0.000000000000000000e+00 0.000000000000000000e+00 1.421790775963857056e-01 1.424560393139546466e-01 1.427330285171192203e-01 1.430100432700966984e-01 1.432870816330684416e-01 1.435641416622003563e-01 1.438412214096627673e-01 0.000000000000000000e+00 0.000000000000000000e+00 0.000000000000000000e+00 0.000000000000000000e+00 0.000000000000000000e+00 0.000000000000000000e+00 0.000000000000000000e+00 0.000000000000000000e+00
0.000000000000000000e+00 1.365892689266204052e-01 1.368656520256086861e-01 1.371421024018270318e-01 0.000000000000000000e+00 0.000000000000000000e+00 0.000000000000000000e+00 0.000000000000000000e+00 0.000000000000000000e+00 0.000000000000000000e+00 0.000000000000000000e+00 0.000000000000000000e+00 0.000000000000000000e+00 0.000000000000000000e+00 0.000000000000000000e+00 0.000000000000000000e+00 0.000000000000000000e+00 0.000000000000000000e+00 0.000000000000000000e+00 0.000000000000000000e+00 0.000000000000000000e+00 0.000000000000000000e+00 0.000000000000000000e+00 1.426823578686581828e-01 1.429597871219353278e-01 1.432372419656160467e-01 1.435147204568000268e-01 1.437922206485649779e-01 1.440697405899868111e-01 0.000000000000000000e+00 0.000000000000000000e+00 0.000000000000000000e+00 0.000000000000000000e+00 0.000000000000000000e+00 0.000000000000000000e+00 0.000000000000000000e+00 0.000000000000000000e+00
0.000000000000000000e+00 0.000000000000000000e+00 0.000000000000000000e+00 0.000000000000000000e+00 0.000000000000000000e+00 0.000000000000000000e+00 0.000000000000000000e+00 0.000000000000000000e+00 0.000000000000000000e+00 0.000000000000000000e+00 0.000000000000000000e+00 0.000000000000000000e+00 0.000000000000000000e+00 0.000000000000000000e+00 0.000000000000000000e+00 0.000000000000000000e+00 0.000000000000000000e+00 0.000000000000000000e+00 0.000000000000000000e+00 0.000000000000000000e+00 0.000000000000000000e+00 0.000000000000000000e+00 0.000000000000000000e+00 0.000000000000000000e+00 1.431863923198852806e-01 1.434642869565388446e-01 1.437422052781792692e-01 1.440201453347982052e-01 0.000000000000000000e+00 0.000000000000000000e+00 0.000000000000000000e+00 0.000000000000000000e+00 0.000000000000000000e+00 0.000000000000000000e+00 0.000000000000000000e+00 0.000000000000000000e+00 0.000000000000000000e+00
