docs/source/tutorials/overland_flow/rainfall/rainfall.asc
ncols 76
nrows 55
xllcorner 0.0
yllcorner 0.0
cellsize 10.0
[rows 17 to 33 of 55, columns 37 to 73 of 76]
0.000000000000000000e+00 0.000000000000000000e+00 0.000000000000000000e+00 0.000000000000000000e+00 0.000000000000000000e+00 0.000000000000000000e+00 0.000000000000000000e+00 0.000000000000000000e+00 0.000000000000000000e+00 0.000000000000000000e+00 0.000000000000000000e+00 0.000000000000000000e+00 0.000000000000000000e+00 0.000000000000000000e+00 0.000000000000000000e+00 0.000000000000000000e+00 0.000000000000000000e+00 0.000000000000000000e+00 0.000000000000000000e+00 0.000000000000000000e+00 0.000000000000000000e+00 0.000000000000000000e+00 1.351111451961057031e-01 1.353743387367365436e-01 1.356375583966134279e-01 1.359008023361841233e-01 1.361640687120613258e-01 1.364273556770418394e-01 1.366906613801254500e-01 1.369539839665344372e-01 1.372173215777327815e-01 1.374806723514456208e-01 1.377440344216788737e-01 1.380074059187388624e-01 1.382707849692520474e-01 1.385341696961850111e-01 1.387975582188642476e-01
0.000000000000000000e+00 0.000000000000000000e+00 0.000000000000000000e+00 0.000000000000000000e+00 0.000000000000000000e+00 0.000000000000000000e+00 0.000000000000000000e+00 0.000000000000000000e+00 0.000000000000000000e+00 0.000000000000000000e+00 0.000000000000000000e+00 0.000000000000000000e+00 0.000000000000000000e+00 0.000000000000000000e+00 0.000000000000000000e+00 0.000000000000000000e+00 0.000000000000000000e+00 0.000000000000000000e+00 0.000000000000000000e+00 0.000000000000000000e+00 0.000000000000000000e+00 1.350772319941578592e-01 1.353408449824529680e-01 1.356044859732180308e-01 1.358681531276338950e-01 1.361318446030210516e-01 1.363955585528582315e-01 1.366592931268018341e-01 1.369230464707048012e-01 1.371868167266362126e-01 1.374506020329002709e-01 1.377144005240561742e-01 1.379782103309374897e-01 1.382420295806719157e-01 1.385058563967009604e-01 1.387696888988001753e-01 1.390335252030987512e-01
0.000000000000000000e+00 0.000000000000000000e+00 0.000000000000000000e+00 0.000000000000000000e+00 0.000000000000000000e+00 0.000000000000000000e+00 0.000000000000000000e+00 0.000000000000000000e+00 0.000000000000000000e+00 0.000000000000000000e+00 0.000000000000000000e+00 0.000000000000000000e+00 0.000000000000000000e+00 0.000000000000000000e+00 0.000000000000000000e+00 0.000000000000000000e+00 0.000000000000000000e+00 0.000000000000000000e+00 0.000000000000000000e+00 0.000000000000000000e+00 1.350423584211432326e-01 1.353063887373690266e-01 1.355704489416232617e-01 1.358345371958532832e-01 1.360986516581204619e-01 1.363627904826190673e-01 1.366269518196953359e-01 1.368911338158665392e-01 1.371553346138401075e-01 1.374195523525331142e-01 1.376837851670914825e-01 1.379480311889096922e-01 1.382122885456502914e-01 1.384765553612636868e-01 1.387408297560078496e-01 1.390051098464684387e-01 1.392693937455788400e-01
0.000000000000000000e+00 0.000000000000000000e+00 0.000000000000000000e+00 0.000000000000000000e+00 0.000000000000000000e+00 0.000000000000000000e+00 0.000000000000000000e+00 0.000000000000000000e+00 0.000000000000000000e+00 0.000000000000000000e+00 0.000000000000000000e+00 0.000000000000000000e+00 0.000000000000000000e+00 0.000000000000000000e+00 0.000000000000000000e+00 0.000000000000000000e+00 0.000000000000000000e+00 0.000000000000000000e+00 0.000000000000000000e+00 0.000000000000000000e+00 1.352709707408813744e-01 1.355354480322916721e-01 1.357999552623276873e-01 1.360644905898250878e-01 1.363290521697270719e-01 1.365936381531031307e-01 1.368582466871682557e-01 1.371228759153019505e-01 1.373875239770674939e-01 1.376521890082312571e-01 1.379168691407822722e-01 1.381815625029515771e-01 1.384462672192320887e-01 1.387109814103982541e-01 1.389757031935258680e-01 1.392404306820121673e-01 1.395051619855958436e-01
0.000000000000000000e+00 0.000000000000000000e+00 0.000000000000000000e+00 0.000000000000000000e+00 0.000000000000000000e+00 0.000000000000000000e+00 0.000000000000000000e+00 0.000000000000000000e+00 0.000000000000000000e+00 0.000000000000000000e+00 0.000000000000000000e+00 0.000000000000000000e+00 0.000000000000000000e+00 0.000000000000000000e+00 0.000000000000000000e+00 0.000000000000000000e+00 0.000000000000000000e+00 0.000000000000000000e+00 0.000000000000000000e+00 1.352345917528936237e-01 1.354994839962433972e-01 1.357644080691508548e-01 1.360293621312593515e-01 1.362943443382942932e-01 1.365593528420819269e-01 1.368243857905685479e-01 1.370894413278390123e-01 1.373545175941365826e-01 1.376196127258816349e-01 1.378847248556913652e-01 1.381498521123990519e-01 1.384149926210738735e-01 1.386801445030403923e-01 1.389453058758984838e-01 1.392104748535430703e-01 1.394756495461844659e-01 1.397408280603680830e-01
0.000000000000000000e+00 0.000000000000000000e+00 0.000000000000000000e+00 0.000000000000000000e+00 0.000000000000000000e+00 0.000000000000000000e+00 0.000000000000000000e+00 0.000000000000000000e+00 0.000000000000000000e+00 0.000000000000000000e+00 0.000000000000000000e+00 0.000000000000000000e+00 0.000000000000000000e+00 0.000000000000000000e+00 0.000000000000000000e+00 0.000000000000000000e+00 0.000000000000000000e+00 0.000000000000000000e+00 1.351972525537891989e-01 1.354625576050295099e-01 1.357278963789984305e-01 1.359932670361802542e-01 1.362586677331161511e-01 1.365240966224225694e-01 1.367895518528103316e-01 1.370550315691035914e-01 1.373205339122588464e-01 1.375860570193842281e-01 1.378515990237587086e-01 1.381171580548515854e-01 1.383827322383419656e-01 1.386483196961383890e-01 1.389139185463985626e-01 1.391795269035491500e-01 1.394451428783057279e-01 1.397107645776928808e-01 1.399763901050642412e-01
0.000000000000000000e+00 0.000000000000000000e+00 0.000000000000000000e+00 0.000000000000000000e+00 0.000000000000000000e+00 0.000000000000000000e+00 0.000000000000000000e+00 0.000000000000000000e+00 0.000000000000000000e+00 0.000000000000000000e+00 0.000000000000000000e+00 0.000000000000000000e+00 0.000000000000000000e+00 0.000000000000000000e+00 0.000000000000000000e+00 0.000000000000000000e+00 0.000000000000000000e+00 1.351589539444035537e-01 1.354246696507043768e-01 1.356904209751004509e-01 1.359562060789505922e-01 1.362220231196448195e-01 1.364878702506233943e-01 1.367537456213952229e-01 1.370196473775571466e-01 1.372855736608125654e-01 1.375515226089909782e-01 1.378174923560668008e-01 1.380834810321791006e-01 1.383494867636506642e-01 1.386155076730077595e-01 1.388815418789998146e-01 1.391475874966189852e-01 1.394136426371202497e-01 1.396797054080411715e-01 1.399457739132221601e-01 1.402118462528264831e-01
0.000000000000000000e+00 0.000000000000000000e+00 0.000000000000000000e+00 0.000000000000000000e+00 0.000000000000000000e+00 0.000000000000000000e+00 0.000000000000000000e+00 0.000000000000000000e+00 0.000000000000000000e+00 0.000000000000000000e+00 0.000000000000000000e+00 0.000000000000000000e+00 0.000000000000000000e+00 0.000000000000000000e+00 0.000000000000000000e+00 0.000000000000000000e+00 1.351196967459953324e-01 1.353858209457972084e-01 1.356519826612136159e-01 1.359181800545109509e-01 1.361844112839618315e-01 1.364506745038634727e-01 1.367169678645565600e-01 1.369832895124439842e-01 1.372496375900098542e-01 1.375160102358385372e-01 1.377824055846336437e-01 1.380488217672375950e-01 1.383152569106507190e-01 1.385817091380509014e-01 1.388481765688130143e-01 1.391146573185287061e-01 1.393811494990261912e-01 1.396476512183901231e-01 1.399141605809814948e-01 1.401806756874580395e-01 1.404471946347940758e-01
0.000000000000000000e+00 0.000000000000000000e+00 0.000000000000000000e+00 0.000000000000000000e+00 0.000000000000000000e+00 0.000000000000000000e+00 0.000000000000000000e+00 0.000000000000000000e+00 0.000000000000000000e+00 0.000000000000000000e+00 0.000000000000000000e+00 0.000000000000000000e+00 0.000000000000000000e+00 0.000000000000000000e+00 0.000000000000000000e+00 1.350794818002171160e-01 1.353460123232833601e-01 1.356125822615923404e-01 1.358791897783517277e-01 1.361458330327499355e-01 1.364125101799747164e-01 1.366792193712319248e-01 1.369459587537641965e-01 1.372127264708697947e-01 1.374795206619216226e-01 1.377463394623862358e-01 1.380131810038431328e-01 1.382800434140039614e-01 1.385469248167319201e-01 1.388138233320613812e-01 1.390807370762172646e-01 1.393476641616350487e-01 1.396146026969802834e-01 1.398815507871688790e-01 1.401485065333868130e-01 1.404154680331104188e-01 1.406824333801267035e-01
0.000000000000000000e+00 0.000000000000000000e+00 0.000000000000000000e+00 0.000000000000000000e+00 0.000000000000000000e+00 0.000000000000000000e+00 0.000000000000000000e+00 0.000000000000000000e+00 0.000000000000000000e+00 0.000000000000000000e+00 0.000000000000000000e+00 0.000000000000000000e+00 0.000000000000000000e+00 0.000000000000000000e+00 1.350383099690854738e-01 1.353052446365540507e-01 1.355722206209594161e-01 1.358392360864835724e-01 1.361062891932643126e-01 1.363733780974132614e-01 1.366405009510350821e-01 1.369076559022456008e-01 1.371748410951908470e-01 1.374420546700658441e-01 1.377092947631339548e-01 1.379765595067453388e-01 1.382438470293568256e-01 1.385111554555507885e-01 1.387784829060548231e-01 1.390458274977611208e-01 1.393131873437463697e-01 1.395805605532911553e-01 1.398479452319001115e-01 1.401153394813217101e-01 1.403827413995684392e-01 1.406501490809368704e-01 1.409175606160280869e-01
0.000000000000000000e+00 0.000000000000000000e+00 0.000000000000000000e+00 0.000000000000000000e+00 0.000000000000000000e+00 0.000000000000000000e+00 0.000000000000000000e+00 0.000000000000000000e+00 0.000000000000000000e+00 0.000000000000000000e+00 0.000000000000000000e+00 0.000000000000000000e+00 0.000000000000000000e+00 0.000000000000000000e+00 1.352635187593864141e-01 1.355308986044757580e-01 1.357983198354078824e-01 1.360657806133029890e-01 1.363332790952304918e-01 1.366008134342269753e-01 1.368683817793151514e-01 1.371359822755224556e-01 1.374036130638998654e-01 1.376712722815407741e-01 1.379389580616001143e-01 1.382066685333135647e-01 1.384744018220164519e-01 1.387421560491635952e-01 1.390099293323484031e-01 1.392777197853225790e-01 1.395455255180158283e-01 1.398133446365555921e-01 1.400811752432869484e-01 1.403490154367925402e-01 1.406168633119128930e-01 1.408847169597663707e-01 1.411525744677695204e-01
0.000000000000000000e+00 0.000000000000000000e+00 0.000000000000000000e+00 0.000000000000000000e+00 0.000000000000000000e+00 0.000000000000000000e+00 0.000000000000000000e+00 0.000000000000000000e+00 0.000000000000000000e+00 0.000000000000000000e+00 0.000000000000000000e+00 0.000000000000000000e+00 0.000000000000000000e+00 1.352208355859118860e-01 1.354886170977095960e-01 1.357564419020857172e-01 1.360243081611767213e-01 1.362922140330426746e-01 1.365601576716859999e-01 1.368281372270697127e-01 1.370961508451363220e-01 1.373641966678262327e-01 1.376322728330968137e-01 1.379003774749413824e-01 1.381685087234081621e-01 1.384366647046195442e-01 1.387048435407912117e-01 1.389730433502517626e-01 1.392412622474619999e-01 1.395094983430347491e-01 1.397777497437542038e-01 1.400460145525961875e-01 1.403142908687477486e-01 1.405825767876274501e-01 1.408508704009051316e-01 1.411191697965226699e-01 1.413874730587137973e-01
0.000000000000000000e+00 0.000000000000000000e+00 0.000000000000000000e+00 0.000000000000000000e+00 0.000000000000000000e+00 0.000000000000000000e+00 0.000000000000000000e+00 0.000000000000000000e+00 0.000000000000000000e+00 0.000000000000000000e+00 0.000000000000000000e+00 0.000000000000000000e+00 1.351771960305845344e-01 1.354453770066047225e-01 1.357136031839070722e-01 1.359818727256774940e-01 1.362501837910004843e-01 1.365185345348776669e-01 1.367869231082458892e-01 1.370553476579962626e-01 1.373238063269923148e-01 1.375922972540892797e-01 1.378608185741523051e-01 1.381293684180762427e-01 1.383979449128040495e-01 1.386665461813465783e-01 1.389351703428012286e-01 1.392038155123720700e-01 1.394724798013887990e-01 1.397411613173267786e-01 1.400098581638265505e-01 1.402785684407137079e-01 1.405472902440190186e-01 1.408160216659982145e-01 1.410847607951524474e-01 1.413535057162483566e-01 1.416222545103385244e-01
0.000000000000000000e+00 0.000000000000000000e+00 0.000000000000000000e+00 0.000000000000000000e+00 0.000000000000000000e+00 0.000000000000000000e+00 0.000000000000000000e+00 0.000000000000000000e+00 0.000000000000000000e+00 0.000000000000000000e+00 0.000000000000000000e+00 1.351326010281481971e-01 1.354011792574481565e-01 1.356698045986582946e-01 1.359384752160473497e-01 1.362071892697576392e-01 1.364759449158234050e-01 1.367447403061890776e-01 1.370135735887278439e-01 1.372824429072601049e-01 1.375513464015723775e-01 1.378202822074357792e-01 1.380892484566253464e-01 1.383582432769386306e-01 1.386272647922152101e-01 1.388963111223555646e-01 1.391653803833408087e-01 1.394344706872518158e-01 1.397035801422888968e-01 1.399727068527915064e-01 1.402418489192580886e-01 1.405110044383656720e-01 1.407801715029901868e-01 1.410493482022263656e-01 1.413185326214080606e-01 1.415877228421284217e-01 1.418569169422604914e-01
0.000000000000000000e+00 0.000000000000000000e+00 0.000000000000000000e+00 0.000000000000000000e+00 0.000000000000000000e+00 0.000000000000000000e+00 0.000000000000000000e+00 0.000000000000000000e+00 0.000000000000000000e+00 0.000000000000000000e+00 1.350870515336032585e-01 1.353560247968371988e-01 1.356250470844896916e-01 1.358941165619455549e-01 1.361632313904384828e-01 1.364323897270688368e-01 1.367015897248220757e-01 1.369708295325871017e-01 1.372401072951749401e-01 1.375094211533369748e-01 1.377787692437841272e-01 1.380481496992052581e-01 1.383175606482865416e-01 1.385870002157300884e-01 1.388564665222734862e-01 1.391259576847087842e-01 1.393954718159020056e-01 1.396650070248126596e-01 1.399345614165133089e-01 1.402041330922090823e-01 1.404737201492577969e-01 1.407433206811897208e-01 1.410129327777275288e-01 1.412825545248065640e-01 1.415521840045949886e-01 1.418218192955142121e-01 1.420914584722591800e-01
0.000000000000000000e+00 0.000000000000000000e+00 0.000000000000000000e+00 0.000000000000000000e+00 0.000000000000000000e+00 0.000000000000000000e+00 0.000000000000000000e+00 0.000000000000000000e+00 0.000000000000000000e+00 1.350405485221724544e-01 1.353099145916455692e-01 1.355793315998817528e-01 1.358487977134155145e-01 1.361183110946052599e-01 1.363878699016509710e-01 1.366574722886127469e-01 1.369271164054287615e-01 1.371968003979341377e-01 1.374665224078791270e-01 1.377362805729479001e-01 1.380060730267772540e-01 1.382758978989755416e-01 1.385457533151415177e-01 1.388156373968836566e-01 1.390855482618391092e-01 1.393554840236929937e-01 1.396254427921981012e-01 1.398954226731941586e-01 1.401654217686273407e-01 1.404354381765704207e-01 1.407054699912421714e-01 1.409755153030276265e-01 1.412455721984979540e-01 1.415156387604307175e-01 1.417857130678301103e-01 1.420557931959472997e-01 1.423258772163010499e-01
0.000000000000000000e+00 0.000000000000000000e+00 0.000000000000000000e+00 0.000000000000000000e+00 0.000000000000000000e+00 0.000000000000000000e+00 0.000000000000000000e+00 0.000000000000000000e+00 0.000000000000000000e+00 1.352628496289887683e-01 1.355326591236110934e-01 1.358025196408509105e-01 1.360724293442245325e-01 1.363423863930652014e-01 1.366123889425409910e-01 1.368824351436731812e-01 1.371525231433545766e-01 1.374226510843678806e-01 1.376928171054043193e-01 1.379630193410824046e-01 1.382332559219666135e-01 1.385035249745861785e-01 1.387738246214543780e-01 1.390441529810874099e-01 1.393145081680237374e-01 1.395848882928433232e-01 1.398552914621872534e-01 1.401257157787769991e-01 1.403961593414344011e-01 1.406666202451011538e-01 1.409370965808589005e-01 1.412075864359489674e-01 1.414780878937928199e-01 1.417485990340117685e-01 1.420191179324478137e-01 1.422896426611836296e-01 1.425601712885632699e-01
