notebooks/tutorials/tidal_flow/zSW3.asc
NCOLS 300
NROWS 452
XLLCORNER 0
YLLCORNER 0
CELLSIZE 2
NODATA_VALUE 999
[rows 270 to 296 of 452, columns 122 to 182 of 300]
0.304378 0.268963 0.144345 -0.032677 -0.242159 -0.471731 -0.680773 -0.852592 -0.981897 -1.057905 -1.090897 -0.955920 -0.824257 -0.638598 -0.407239 -0.135579 0.182387 0.530507 0.881425 1.174273 1.356380 1.438016 1.466365 1.474496 1.475531 1.481722 1.484071 1.472944 1.461879 1.454390 1.446940 1.445815 1.440886 1.426655 1.419459 1.417924 1.413266 1.417899 1.435652 1.435070 1.417659 1.420072 1.443981 1.463353 1.471171 1.477290 1.480157 1.483173 1.487178 1.498149 1.507541 1.503725 1.504440 1.506908 1.504929 1.500578 1.503509 1.515897 1.517941 1.505734 1.492073
-0.214003 -0.243804 -0.357520 -0.515058 -0.686143 -0.847730 -0.970516 -1.056108 -1.237736 -1.072641 -0.891694 -0.697056 -0.466048 -0.194005 0.093869 0.386069 0.675264 0.943096 1.178155 1.352333 1.445573 1.476321 1.480985 1.481322 1.482420 1.482744 1.474872 1.460352 1.453501 1.452125 1.443953 1.433644 1.418295 1.412952 1.422739 1.421312 1.415222 1.422109 1.426076 1.417981 1.412669 1.412590 1.425053 1.444239 1.456290 1.464467 1.472158 1.476355 1.473066 1.479806 1.495100 1.494072 1.490334 1.498807 1.501920 1.498127 1.500840 1.509183 1.512966 1.504958 1.491130
-0.670499 -0.696479 -0.788550 -0.896048 -0.985923 -1.054535 -1.212375 -1.367357 -1.051872 -0.822188 -0.602288 -0.332122 -0.036244 0.267006 0.566538 0.844693 1.072985 1.245986 1.365230 1.439067 1.478141 1.488572 1.483895 1.480363 1.475975 1.467141 1.456253 1.448271 1.450260 1.452477 1.445289 1.434292 1.424364 1.421619 1.424316 1.421154 1.411890 1.412018 1.400072 1.389082 1.399983 1.406069 1.413215 1.428403 1.440949 1.447331 1.457275 1.469150 1.470406 1.468182 1.476492 1.476629 1.468750 1.474506 1.484965 1.486012 1.485907 1.489326 1.493910 1.503801 1.501804
-0.980065 -0.995605 -1.041170 -1.079694 -1.097246 -1.221302 -1.213956 -0.935559 -0.725325 -0.472850 -0.188364 0.116794 0.418508 0.702689 0.965644 1.179464 1.322546 1.408053 1.452282 1.472530 1.482112 1.486736 1.486692 1.483832 1.474976 1.460536 1.449689 1.449736 1.455221 1.455904 1.450920 1.441338 1.436681 1.433810 1.426529 1.422045 1.410881 1.407989 1.398103 1.390454 1.400912 1.406632 1.408205 1.417231 1.432513 1.438715 1.445203 1.456707 1.465226 1.463167 1.466804 1.472281 1.467381 1.460607 1.465058 1.465909 1.461931 1.468335 1.474972 1.487458 1.495551
-1.089311 -1.098432 -1.110333 -1.132652 -1.125223 -0.981666 -0.844241 -0.632627 -0.349277 -0.035269 0.278397 0.576619 0.846984 1.077503 1.257159 1.374952 1.437945 1.468092 1.483340 1.487736 1.481448 1.477866 1.475631 1.474930 1.475000 1.468934 1.463953 1.464923 1.465209 1.456071 1.443337 1.427154 1.420184 1.424016 1.423274 1.423845 1.417739 1.411620 1.405222 1.401308 1.415365 1.422848 1.414727 1.417712 1.429566 1.439497 1.447229 1.452333 1.457202 1.461971 1.466980 1.472607 1.471029 1.461087 1.461605 1.462006 1.452175 1.452875 1.460677 1.465341 1.475977
-1.242617 -1.259957 -1.167202 -1.011832 -0.885442 -0.696250 -0.468029 -0.193144 0.121320 0.436590 0.725401 0.975976 1.183123 1.329999 1.420525 1.465964 1.476568 1.478708 1.480788 1.478482 1.473616 1.464199 1.458797 1.461988 1.464294 1.466049 1.470148 1.474864 1.465816 1.443827 1.433090 1.424051 1.413032 1.409389 1.411751 1.414603 1.410311 1.402592 1.405373 1.412679 1.427265 1.427188 1.414369 1.415874 1.419287 1.433644 1.447991 1.462767 1.473332 1.472920 1.470344 1.464723 1.458281 1.453658 1.456778 1.463167 1.459292 1.451935 1.455754 1.458310 1.469952
-0.999932 -0.954249 -0.885149 -0.753807 -0.535543 -0.256472 0.034926 0.326693 0.614596 0.876634 1.094264 1.262303 1.382829 1.449198 1.476172 1.483854 1.479404 1.474219 1.467149 1.449949 1.441402 1.440105 1.443749 1.449738 1.445614 1.443161 1.451621 1.459404 1.436703 1.410615 1.415876 1.418118 1.408893 1.404215 1.406550 1.408899 1.404301 1.393290 1.401566 1.418685 1.426021 1.419922 1.413201 1.414812 1.414880 1.428616 1.451325 1.481632 1.495683 1.478579 1.459203 1.448826 1.448905 1.451400 1.448014 1.450939 1.453287 1.445704 1.445416 1.453176 1.467699
-0.602786 -0.597054 -0.519781 -0.336883 -0.106198 0.266540 0.564845 0.817418 1.033007 1.210742 1.335575 1.414397 1.460389 1.481081 1.480557 1.470591 1.469330 1.464096 1.454530 1.431406 1.411270 1.415891 1.426499 1.431266 1.422959 1.417502 1.428686 1.436313 1.418357 1.394595 1.400231 1.409879 1.406694 1.402363 1.398881 1.406429 1.417910 1.416114 1.416475 1.424242 1.423255 1.421345 1.424782 1.424857 1.421956 1.435080 1.466690 1.499641 1.507006 1.484863 1.462215 1.447448 1.447255 1.455164 1.452122 1.450471 1.449512 1.440567 1.436485 1.443226 1.449993
-0.100979 -0.102959 -0.092867 0.173866 0.458249 0.753856 1.002719 1.182585 1.309363 1.401110 1.451365 1.475543 1.485483 1.485561 1.474931 1.461413 1.463662 1.457024 1.440573 1.422318 1.402403 1.404734 1.421282 1.420710 1.407174 1.405282 1.415021 1.419893 1.414961 1.400654 1.400945 1.408820 1.404575 1.400983 1.402228 1.408269 1.420444 1.424185 1.420259 1.423430 1.425945 1.434805 1.439279 1.435978 1.436951 1.452636 1.480513 1.502956 1.508065 1.492321 1.471245 1.451111 1.444510 1.455949 1.458849 1.453175 1.447927 1.437834 1.436259 1.452709 1.448753
0.464463 0.463194 0.531541 0.688171 0.909539 1.128376 1.293231 1.386023 1.433615 1.469672 1.485865 1.484977 1.486060 1.487184 1.474869 1.460129 1.461342 1.458077 1.437274 1.415292 1.397895 1.399741 1.415342 1.408784 1.399989 1.405038 1.409586 1.404725 1.396984 1.400046 1.409171 1.412596 1.403106 1.398732 1.410791 1.416856 1.415337 1.415636 1.416760 1.420309 1.431506 1.447975 1.448734 1.446557 1.450761 1.460235 1.483784 1.503927 1.499657 1.480386 1.460421 1.445958 1.441099 1.449660 1.453183 1.442027 1.423174 1.396088 1.403932 1.454661 1.464127
0.964248 0.971522 1.017124 1.098584 1.221465 1.342009 1.415365 1.446102 1.457039 1.472138 1.479989 1.476174 1.473646 1.478597 1.475517 1.462340 1.457688 1.450671 1.426189 1.405499 1.396510 1.398405 1.415786 1.417483 1.405089 1.400753 1.402176 1.399260 1.393716 1.403454 1.414769 1.415129 1.402526 1.395317 1.410825 1.419661 1.415299 1.417080 1.425813 1.425818 1.432582 1.447039 1.444781 1.440118 1.443720 1.454953 1.482613 1.500098 1.480810 1.462201 1.457729 1.451403 1.437395 1.431993 1.430428 1.413397 1.371502 1.326270 1.359622 1.442024 1.462317
1.288009 1.290193 1.306044 1.320922 1.358459 1.408102 1.433980 1.444924 1.451966 1.459588 1.464839 1.468028 1.459704 1.457372 1.464464 1.462497 1.456262 1.444940 1.408681 1.388064 1.393672 1.396897 1.413159 1.423195 1.406548 1.394558 1.398568 1.404447 1.410985 1.411328 1.409172 1.414148 1.412772 1.408471 1.421335 1.423567 1.411950 1.409559 1.416010 1.415912 1.423143 1.440167 1.445336 1.438908 1.439205 1.452224 1.471364 1.486039 1.473411 1.457861 1.458964 1.452082 1.431942 1.414316 1.398811 1.364643 1.288837 1.253674 1.329336 1.424549 1.446469
1.407661 1.406293 1.403179 1.387024 1.380610 1.410552 1.440609 1.453216 1.457381 1.456883 1.457203 1.453085 1.439619 1.438009 1.449190 1.452300 1.452839 1.453504 1.420929 1.394617 1.399863 1.401999 1.403775 1.406770 1.400504 1.398206 1.407613 1.414220 1.420197 1.413773 1.404145 1.411217 1.416675 1.418968 1.428169 1.419271 1.391874 1.385790 1.395784 1.400607 1.415603 1.434627 1.446859 1.445266 1.448787 1.461998 1.465098 1.474835 1.475327 1.460489 1.453572 1.441216 1.427382 1.408514 1.375523 1.303648 1.178349 1.163460 1.287962 1.390600 1.422184
1.420568 1.425374 1.421953 1.405298 1.390797 1.411709 1.446201 1.460685 1.454817 1.447265 1.443203 1.434039 1.426803 1.429859 1.435042 1.435314 1.444789 1.452571 1.437118 1.417365 1.409910 1.411519 1.408380 1.401683 1.399641 1.405096 1.420199 1.424298 1.410969 1.404614 1.411269 1.414776 1.405970 1.411628 1.425485 1.414319 1.386695 1.383958 1.400018 1.411068 1.426270 1.436549 1.446323 1.451392 1.461134 1.472362 1.467588 1.466729 1.465467 1.456570 1.448537 1.432654 1.418642 1.404489 1.365224 1.267520 1.111329 1.076337 1.208924 1.332704 1.388034
1.415179 1.425405 1.426442 1.418260 1.410540 1.419764 1.443036 1.454733 1.447617 1.444226 1.436283 1.422661 1.421440 1.422867 1.419157 1.414598 1.415218 1.423140 1.431699 1.424868 1.410683 1.408494 1.408901 1.408128 1.404093 1.400414 1.409422 1.411519 1.394861 1.391346 1.408663 1.417029 1.398931 1.392708 1.408406 1.416085 1.413082 1.407282 1.413071 1.427656 1.434393 1.436673 1.446104 1.458334 1.469814 1.470274 1.466551 1.465740 1.456984 1.449128 1.444651 1.430490 1.414458 1.401404 1.372180 1.294573 1.159926 1.063416 1.106210 1.235445 1.341409
1.414372 1.421622 1.422382 1.422732 1.417631 1.421262 1.439437 1.452212 1.452996 1.454615 1.445367 1.420381 1.409038 1.408976 1.406732 1.399338 1.388266 1.391618 1.411125 1.420027 1.419932 1.418306 1.412684 1.412135 1.408110 1.392565 1.383323 1.383456 1.382228 1.388992 1.403016 1.407245 1.393936 1.382880 1.393461 1.422358 1.434938 1.417183 1.413446 1.430272 1.436725 1.438508 1.443301 1.454155 1.465610 1.465457 1.466194 1.468651 1.458786 1.449432 1.441890 1.431231 1.424612 1.413487 1.390532 1.344297 1.260441 1.132097 1.030810 1.108515 1.280712
1.426674 1.427224 1.419416 1.418851 1.414432 1.417440 1.439826 1.457561 1.458920 1.455890 1.440254 1.410259 1.389991 1.389494 1.393019 1.390877 1.388622 1.383865 1.389415 1.400708 1.421202 1.438295 1.424267 1.409203 1.405087 1.397444 1.385001 1.381247 1.384265 1.395619 1.409935 1.406179 1.401345 1.402618 1.408446 1.427755 1.439234 1.429574 1.422319 1.428454 1.437055 1.443959 1.443629 1.445877 1.458030 1.468776 1.471282 1.469437 1.465131 1.455399 1.440911 1.429011 1.429009 1.424397 1.405744 1.380289 1.325201 1.185058 1.019359 1.063693 1.255230
1.432081 1.429621 1.419668 1.416212 1.415485 1.417740 1.435311 1.455815 1.462664 1.452689 1.422360 1.393747 1.379486 1.378070 1.378707 1.377841 1.383233 1.382239 1.378726 1.380938 1.402502 1.431118 1.425229 1.408074 1.406401 1.405115 1.396318 1.392421 1.393989 1.401271 1.413745 1.414974 1.417199 1.418488 1.415589 1.425308 1.441759 1.442509 1.432040 1.428785 1.435702 1.445055 1.444334 1.443692 1.458820 1.475335 1.476312 1.468943 1.465076 1.457270 1.444224 1.428442 1.422363 1.419971 1.407785 1.401067 1.360016 1.213946 1.067369 1.120567 1.277432
1.427076 1.425684 1.414956 1.409770 1.414733 1.419105 1.427377 1.444951 1.469860 1.456058 1.410569 1.387503 1.385256 1.385407 1.383037 1.378777 1.373884 1.378001 1.374990 1.373386 1.384496 1.398557 1.411126 1.412074 1.405602 1.385626 1.382039 1.396574 1.400306 1.400586 1.408558 1.430782 1.442492 1.429440 1.421863 1.436372 1.449589 1.444074 1.430596 1.427247 1.434459 1.444325 1.448967 1.450504 1.457778 1.464082 1.466977 1.469290 1.467226 1.460270 1.449799 1.436763 1.426904 1.419732 1.408186 1.409895 1.385015 1.251583 1.122357 1.190389 1.328252
1.411357 1.415191 1.408571 1.406664 1.415692 1.423569 1.428317 1.434700 1.456463 1.447707 1.412308 1.400158 1.399491 1.392123 1.387568 1.386259 1.377379 1.382461 1.382435 1.377444 1.379566 1.384719 1.410279 1.418047 1.411018 1.405055 1.406398 1.411237 1.403836 1.398172 1.404972 1.434978 1.448822 1.435823 1.438510 1.450691 1.448288 1.435863 1.422894 1.422371 1.432633 1.444223 1.452849 1.452150 1.445674 1.446576 1.458379 1.471603 1.474698 1.467722 1.456155 1.449478 1.444877 1.434583 1.420225 1.417927 1.401389 1.284791 1.131312 1.181579 1.343051
1.384692 1.393045 1.397811 1.411453 1.423491 1.424304 1.425308 1.422918 1.425428 1.433462 1.422753 1.408089 1.407029 1.391736 1.379931 1.386103 1.385952 1.384733 1.384043 1.383394 1.384433 1.393236 1.420020 1.425995 1.423941 1.440623 1.441082 1.419512 1.405427 1.405130 1.410678 1.427828 1.437352 1.440777 1.450477 1.451201 1.443915 1.429055 1.418957 1.425909 1.436270 1.444793 1.453957 1.453176 1.439132 1.439352 1.459669 1.476205 1.476743 1.471397 1.464302 1.459239 1.452668 1.440266 1.424785 1.418995 1.393184 1.247251 1.009314 1.028127 1.267890
1.369859 1.380216 1.387738 1.408576 1.424029 1.415650 1.410111 1.410811 1.415344 1.432949 1.434706 1.411775 1.402071 1.387030 1.375350 1.386013 1.388443 1.385215 1.384884 1.388542 1.391717 1.395384 1.420329 1.442893 1.439777 1.438863 1.440648 1.430946 1.430532 1.428225 1.422462 1.434434 1.443408 1.451994 1.456040 1.446040 1.438246 1.423776 1.418263 1.428529 1.435675 1.444126 1.455021 1.454001 1.440173 1.438281 1.455332 1.473892 1.476759 1.477592 1.473856 1.461602 1.443930 1.430618 1.423919 1.414357 1.342700 1.097856 0.775194 0.812139 1.150895
1.370040 1.378788 1.386829 1.402776 1.420468 1.418399 1.410010 1.410637 1.419648 1.429562 1.431893 1.410231 1.390407 1.382865 1.379448 1.385292 1.384650 1.382073 1.383453 1.388979 1.392235 1.390222 1.410745 1.446791 1.436654 1.421432 1.434276 1.436369 1.446481 1.447677 1.436254 1.440414 1.450313 1.458146 1.453882 1.442674 1.436157 1.430434 1.431008 1.433375 1.436236 1.445770 1.456348 1.452113 1.442665 1.440684 1.449727 1.471949 1.483628 1.487719 1.479815 1.461677 1.440330 1.427701 1.427525 1.406810 1.274248 0.931252 0.548779 0.608770 1.025498
1.371792 1.377434 1.387653 1.400905 1.416349 1.419580 1.412510 1.411955 1.416615 1.415183 1.407725 1.391914 1.383773 1.389214 1.394367 1.392133 1.386956 1.382152 1.381485 1.386970 1.385914 1.381891 1.399548 1.434275 1.418186 1.402900 1.417801 1.411105 1.429757 1.454678 1.452930 1.450779 1.459055 1.466231 1.457919 1.444062 1.439103 1.444270 1.450918 1.449138 1.444116 1.446244 1.454905 1.452812 1.449680 1.450627 1.456922 1.477118 1.487217 1.485137 1.475885 1.462310 1.444035 1.431375 1.427837 1.395011 1.230904 0.847267 0.411142 0.450659 0.916147
1.376203 1.379218 1.386418 1.394095 1.406126 1.415088 1.414579 1.414300 1.407364 1.394435 1.386436 1.386141 1.395826 1.408303 1.423508 1.422639 1.406825 1.393882 1.386425 1.387052 1.383450 1.381567 1.404904 1.430854 1.411633 1.401688 1.406858 1.396218 1.416264 1.439007 1.442477 1.451755 1.463868 1.466663 1.458874 1.448681 1.443049 1.445208 1.453862 1.456904 1.450296 1.448613 1.457334 1.461456 1.463179 1.460873 1.459311 1.468968 1.476226 1.474461 1.467622 1.461783 1.450490 1.440162 1.431899 1.389064 1.223984 0.854946 0.399157 0.404138 0.874122
1.384878 1.387096 1.387093 1.386877 1.400196 1.418621 1.425825 1.424031 1.408022 1.391097 1.388507 1.396678 1.411723 1.424209 1.441484 1.445831 1.429557 1.400685 1.380722 1.389185 1.391350 1.383415 1.408003 1.438051 1.416164 1.403146 1.408143 1.395684 1.399186 1.404423 1.411206 1.441396 1.456913 1.449872 1.448987 1.451289 1.446310 1.442519 1.450310 1.459712 1.458500 1.455954 1.463200 1.473022 1.475204 1.461967 1.451377 1.453094 1.462260 1.470593 1.471037 1.472603 1.466469 1.451796 1.430654 1.380227 1.228699 0.891522 0.457460 0.454175 0.898125
1.388133 1.389529 1.387899 1.384543 1.391944 1.403897 1.412645 1.416528 1.409199 1.400321 1.400268 1.404863 1.411416 1.419655 1.434641 1.445858 1.447047 1.417127 1.387643 1.400156 1.399923 1.378703 1.391620 1.421295 1.417456 1.419526 1.421632 1.397057 1.390579 1.392862 1.398926 1.431196 1.441393 1.429833 1.436328 1.444059 1.444265 1.447000 1.451357 1.455276 1.456424 1.456425 1.468212 1.482924 1.486026 1.470536 1.457428 1.453792 1.455014 1.466550 1.475950 1.478688 1.470075 1.449088 1.414799 1.361756 1.219968 0.886456 0.438018 0.440419 0.903778
