notebooks/tutorials/tidal_flow/zSW3.asc
NCOLS 300
NROWS 452
XLLCORNER 0
YLLCORNER 0
CELLSIZE 2
NODATA_VALUE 999
[rows 216 to 242 of 452, columns 61 to 121 of 300]
1.234388 1.277812 1.291253 1.303857 1.308811 1.304626 1.303380 1.307271 1.312432 1.323350 1.344121 1.378263 1.407810 1.417349 1.417976 1.418659 1.410894 1.388038 1.345725 1.232676 1.044997 0.864535 0.715695 0.703914 0.836463 1.024648 1.234295 1.385211 1.451661 1.436707 1.355672 1.240206 1.235453 1.338176 1.412635 1.449612 1.450382 1.433459 1.404953 1.390099 1.391198 1.385011 1.379625 1.372236 1.372351 1.372750 1.363114 1.364223 1.392491 1.422060 1.444196 1.474914 1.489892 1.483083 1.473755 1.459081 1.439995 1.418866 1.391369 1.334367 1.230191
1.258631 1.276648 1.282951 1.292173 1.295816 1.292826 1.284539 1.285409 1.301499 1.316902 1.330373 1.358118 1.389811 1.403730 1.406424 1.398683 1.369627 1.300017 1.167548 0.940646 0.688309 0.601068 0.583823 0.567324 0.551836 0.649913 0.910166 1.135477 1.285798 1.316345 1.217148 1.090413 1.164931 1.354099 1.444315 1.463076 1.451935 1.445578 1.434059 1.408584 1.387420 1.377101 1.369441 1.364717 1.369698 1.370599 1.367971 1.361671 1.373261 1.401927 1.428751 1.466633 1.488715 1.483792 1.481644 1.465900 1.446308 1.435359 1.418093 1.394609 1.358317
1.265297 1.271247 1.276385 1.278007 1.276278 1.277602 1.271482 1.275363 1.293989 1.299751 1.303706 1.323117 1.347064 1.366866 1.378060 1.364684 1.296177 1.150019 0.930477 0.648606 0.499496 0.648439 0.828727 0.837817 0.684223 0.607906 0.682385 0.798509 0.961810 1.056540 1.064923 1.091396 1.243679 1.404599 1.462765 1.462309 1.444559 1.438135 1.426962 1.398882 1.376182 1.372149 1.369732 1.363192 1.366609 1.372353 1.377648 1.372044 1.376033 1.400223 1.429073 1.466072 1.490382 1.492787 1.492812 1.475004 1.456769 1.455852 1.443820 1.432911 1.427424
1.262636 1.264799 1.252073 1.224975 1.220092 1.243898 1.262240 1.280357 1.295345 1.290833 1.279583 1.279858 1.292612 1.315942 1.330661 1.289803 1.145152 0.921050 0.690862 0.536926 0.612501 0.883149 1.101822 1.155070 1.056582 0.910666 0.739683 0.594133 0.601378 0.731851 0.936900 1.168849 1.356196 1.449393 1.466640 1.453168 1.433248 1.421569 1.404217 1.384668 1.376998 1.381668 1.381826 1.371756 1.378966 1.389225 1.386062 1.382408 1.395429 1.422387 1.445686 1.465953 1.484320 1.494412 1.498108 1.492646 1.482411 1.477124 1.467501 1.464561 1.470844
1.243118 1.226289 1.178212 1.121747 1.129958 1.204051 1.261155 1.284831 1.293213 1.280923 1.250422 1.229494 1.225884 1.243381 1.245246 1.145387 0.917039 0.711767 0.641237 0.700137 0.886249 1.117067 1.284200 1.341955 1.306572 1.172568 0.904813 0.553301 0.379519 0.540099 0.900279 1.227919 1.398985 1.457482 1.465621 1.448934 1.425957 1.414540 1.402990 1.392203 1.394041 1.400643 1.394842 1.381583 1.388180 1.396306 1.383957 1.386604 1.410270 1.434119 1.448712 1.451954 1.457716 1.464928 1.467913 1.474377 1.483019 1.479699 1.467694 1.467947 1.482000
1.207526 1.178820 1.120672 1.072688 1.105057 1.201210 1.266125 1.283535 1.286883 1.267171 1.220534 1.162983 1.117630 1.128104 1.116835 0.964986 0.683583 0.590543 0.762096 0.951279 1.123953 1.270811 1.361331 1.397870 1.396722 1.286134 0.969336 0.509007 0.332443 0.600058 1.001072 1.296975 1.421442 1.457402 1.464261 1.445911 1.419558 1.406981 1.402017 1.401544 1.403941 1.406558 1.400587 1.384281 1.380057 1.382050 1.375245 1.384632 1.404561 1.418608 1.432118 1.437450 1.439093 1.438928 1.436270 1.443989 1.460966 1.464777 1.460360 1.464591 1.476837
1.179147 1.159582 1.126549 1.117753 1.165520 1.232359 1.267365 1.275750 1.278168 1.267043 1.226897 1.156391 1.099095 1.109035 1.079299 0.894957 0.620158 0.605154 0.872911 1.104983 1.256353 1.345488 1.388485 1.407912 1.415515 1.323296 1.000710 0.512837 0.397596 0.751791 1.132090 1.367814 1.448194 1.461528 1.459186 1.440602 1.417500 1.406922 1.401094 1.396745 1.396581 1.401288 1.399996 1.382491 1.372425 1.370863 1.368792 1.374753 1.377812 1.373706 1.389097 1.423780 1.440093 1.439647 1.441185 1.446061 1.456061 1.465638 1.467930 1.463176 1.463932
1.165613 1.160565 1.154170 1.166945 1.210451 1.248786 1.259238 1.262057 1.270665 1.277018 1.268491 1.241077 1.214146 1.215330 1.151947 0.931048 0.643027 0.638336 0.928302 1.179412 1.316546 1.375184 1.400562 1.414829 1.424598 1.354585 1.074123 0.624874 0.477229 0.774374 1.145365 1.381804 1.459801 1.463725 1.455836 1.437704 1.419123 1.412268 1.405992 1.400291 1.396729 1.400267 1.401345 1.385504 1.378060 1.381710 1.381941 1.378402 1.368036 1.352314 1.361852 1.408801 1.429477 1.418577 1.422529 1.438424 1.451144 1.462695 1.467028 1.458542 1.457586
1.166773 1.176128 1.183151 1.190148 1.215138 1.232959 1.230482 1.240622 1.267139 1.286198 1.298059 1.300222 1.295027 1.293416 1.212424 0.961088 0.617134 0.608157 0.947555 1.219344 1.339398 1.378195 1.403477 1.419407 1.429050 1.385510 1.168651 0.758972 0.451085 0.589393 1.004729 1.321123 1.450755 1.464012 1.452685 1.436184 1.420106 1.412164 1.408294 1.410120 1.407721 1.402343 1.394257 1.382424 1.383202 1.391248 1.392399 1.382450 1.370940 1.368847 1.387174 1.417715 1.412956 1.389466 1.391617 1.407384 1.419940 1.428484 1.434594 1.439294 1.444337
1.148963 1.172109 1.184824 1.188204 1.195668 1.196714 1.197781 1.217662 1.249380 1.272708 1.289901 1.300467 1.306360 1.312741 1.249360 1.029403 0.720140 0.717924 1.027609 1.261169 1.353700 1.378840 1.397918 1.410842 1.425342 1.413809 1.265955 0.914288 0.496168 0.443409 0.818068 1.213805 1.422239 1.467186 1.457469 1.439569 1.422852 1.414545 1.411202 1.408950 1.412709 1.404719 1.384824 1.375117 1.375562 1.382750 1.385515 1.381426 1.377655 1.386017 1.413338 1.424862 1.404871 1.388743 1.391227 1.400159 1.404163 1.398947 1.401979 1.417821 1.421013
1.009241 1.056799 1.107680 1.141730 1.150687 1.150514 1.161545 1.180169 1.212865 1.245787 1.265731 1.282585 1.293804 1.299398 1.263477 1.117536 0.896752 0.905286 1.139646 1.301304 1.362851 1.376629 1.382571 1.390955 1.410699 1.423373 1.344830 1.083437 0.682979 0.447212 0.653353 1.086634 1.377712 1.469948 1.467054 1.446920 1.427726 1.419619 1.420588 1.422215 1.428980 1.411831 1.390518 1.387774 1.379460 1.381013 1.392834 1.405551 1.408381 1.410129 1.420559 1.413402 1.399760 1.398130 1.398701 1.404138 1.405505 1.393211 1.396674 1.412805 1.409381
0.695093 0.762612 0.876452 0.969620 1.004744 1.024495 1.066965 1.112233 1.164590 1.212389 1.239080 1.256930 1.268355 1.269695 1.243960 1.138679 0.969631 0.996912 1.199450 1.320157 1.361991 1.371896 1.376515 1.387806 1.411115 1.433353 1.391179 1.173997 0.772813 0.399873 0.486190 0.954570 1.319786 1.462484 1.468303 1.447968 1.432981 1.425789 1.430698 1.441945 1.453928 1.439574 1.425574 1.423858 1.406615 1.404381 1.419408 1.431645 1.428095 1.422110 1.420950 1.405120 1.393191 1.400477 1.402050 1.399538 1.404629 1.396310 1.393219 1.401284 1.398719
0.357690 0.393500 0.516591 0.634955 0.680295 0.728037 0.848575 0.973851 1.076618 1.142257 1.180722 1.206585 1.220889 1.225040 1.191524 1.075362 0.919460 0.985277 1.210899 1.329742 1.366761 1.378126 1.385589 1.403185 1.431845 1.452275 1.388912 1.128942 0.681964 0.250649 0.325662 0.844635 1.261412 1.435628 1.451270 1.438508 1.430585 1.430712 1.440792 1.447372 1.457924 1.463593 1.461239 1.442632 1.423394 1.426522 1.431518 1.438020 1.431224 1.419874 1.414953 1.402842 1.390423 1.393355 1.402049 1.401585 1.408594 1.402707 1.390167 1.392383 1.395194
0.387788 0.326711 0.309231 0.323743 0.292297 0.340357 0.563616 0.781840 0.931023 0.989690 1.037415 1.105623 1.147966 1.162032 1.112454 0.972138 0.874189 1.004647 1.226502 1.338395 1.371950 1.387311 1.401383 1.420005 1.442296 1.436475 1.301229 0.953966 0.477860 0.143670 0.324552 0.851956 1.254050 1.418205 1.438993 1.434702 1.427059 1.429890 1.445586 1.453570 1.456437 1.461125 1.459206 1.428158 1.416355 1.429977 1.421620 1.424406 1.428952 1.415438 1.400112 1.399322 1.397824 1.392657 1.400673 1.401759 1.405472 1.405886 1.393244 1.391844 1.400238
0.745360 0.644731 0.516491 0.427506 0.340257 0.367085 0.570014 0.748360 0.807072 0.736751 0.770484 0.932411 1.032252 1.052585 0.972600 0.799569 0.790279 1.006831 1.207249 1.316812 1.365534 1.392102 1.412110 1.430637 1.427690 1.352399 1.116832 0.695924 0.255567 0.165931 0.527071 0.999220 1.312661 1.426154 1.439182 1.437204 1.429552 1.428108 1.441996 1.451909 1.452840 1.453709 1.444637 1.421738 1.415104 1.419540 1.402120 1.403588 1.421256 1.407321 1.384036 1.392260 1.400310 1.394306 1.398315 1.394048 1.394415 1.402657 1.397935 1.397045 1.407619
1.052544 1.004416 0.914046 0.837917 0.781201 0.789130 0.865260 0.887794 0.756869 0.499514 0.513930 0.786197 0.917603 0.899005 0.769760 0.548426 0.575739 0.855688 1.061903 1.190897 1.285931 1.342966 1.353571 1.344845 1.292984 1.141059 0.838416 0.426046 0.171723 0.349023 0.795564 1.179958 1.388413 1.446816 1.444801 1.443572 1.441042 1.435086 1.439689 1.443054 1.444025 1.445143 1.434478 1.422759 1.411312 1.400752 1.393828 1.406324 1.418681 1.399051 1.376550 1.385583 1.395627 1.391354 1.394045 1.390770 1.391381 1.397663 1.396246 1.399818 1.416862
1.207308 1.199784 1.155257 1.113385 1.085492 1.078582 1.074879 0.985569 0.737242 0.467605 0.540003 0.837765 0.958585 0.902802 0.727370 0.442090 0.427514 0.665661 0.824130 0.943151 1.077076 1.161405 1.123680 1.042442 0.933806 0.748817 0.460251 0.171286 0.203858 0.596532 1.030802 1.321426 1.445348 1.473816 1.466860 1.457397 1.452498 1.447784 1.447103 1.443519 1.440489 1.442471 1.433271 1.417415 1.401735 1.393398 1.403336 1.417974 1.414564 1.399402 1.381027 1.385168 1.401327 1.396676 1.392203 1.388577 1.392703 1.397324 1.389422 1.390931 1.409792
1.257537 1.259802 1.234572 1.211612 1.197968 1.185750 1.143757 0.986434 0.682708 0.550077 0.754808 0.999878 1.092371 1.054570 0.894905 0.611070 0.553900 0.714923 0.805763 0.855412 0.917890 0.907888 0.744444 0.562771 0.408895 0.231597 0.036122 -0.038192 0.224759 0.724968 1.154249 1.392837 1.473294 1.493884 1.492154 1.472579 1.458032 1.455953 1.450210 1.425483 1.421745 1.439063 1.423605 1.405819 1.401226 1.401700 1.413403 1.417474 1.411626 1.403524 1.384688 1.384182 1.399123 1.399770 1.399626 1.397857 1.400926 1.402518 1.388598 1.378561 1.383058
1.282711 1.284051 1.261124 1.237786 1.228868 1.215566 1.143490 0.946486 0.684351 0.689057 0.944343 1.117360 1.168236 1.153160 1.051712 0.838322 0.804999 0.960747 1.041129 1.048690 1.012635 0.863788 0.568120 0.256544 0.009306 -0.179248 -0.282320 -0.189322 0.181622 0.706984 1.151364 1.392913 1.470823 1.495609 1.500837 1.485485 1.470179 1.465662 1.457573 1.422388 1.416265 1.437809 1.416942 1.399926 1.400167 1.416411 1.435812 1.425171 1.414240 1.403418 1.384280 1.381987 1.392225 1.398599 1.404511 1.408821 1.407298 1.403039 1.397912 1.382359 1.370533
1.302498 1.292840 1.274827 1.256576 1.247183 1.220627 1.095016 0.832971 0.703598 0.870809 1.084463 1.183810 1.207098 1.201804 1.133727 0.961366 0.954023 1.127228 1.222878 1.251877 1.218365 1.060341 0.753057 0.376244 0.040374 -0.196358 -0.319958 -0.262607 0.058340 0.568274 1.051027 1.350179 1.460928 1.490628 1.496574 1.489449 1.479890 1.474438 1.469623 1.447558 1.435914 1.440135 1.421738 1.403068 1.378293 1.397400 1.440965 1.431049 1.417897 1.407653 1.393008 1.389037 1.396575 1.401794 1.404459 1.403966 1.396913 1.394993 1.402520 1.397244 1.384354
1.314876 1.294524 1.282235 1.274815 1.262990 1.217788 1.057868 0.788271 0.766180 1.010776 1.167513 1.215916 1.229222 1.227731 1.162684 0.996841 1.010548 1.201347 1.302638 1.343504 1.340511 1.256990 1.050913 0.749016 0.437115 0.171098 -0.052140 -0.179871 -0.045259 0.383282 0.893907 1.272987 1.446278 1.489659 1.494042 1.490248 1.480362 1.475956 1.472999 1.453624 1.442617 1.439319 1.426838 1.407618 1.337343 1.348807 1.420921 1.422065 1.418002 1.406451 1.396864 1.394690 1.399487 1.403453 1.399822 1.394993 1.390524 1.394320 1.400375 1.402015 1.397758
1.321976 1.305744 1.297058 1.294244 1.273756 1.198198 1.016484 0.850676 0.927096 1.124557 1.215260 1.228354 1.234248 1.234557 1.162325 1.041977 1.092781 1.261253 1.346129 1.374877 1.382096 1.361898 1.275317 1.107702 0.891895 0.651402 0.370647 0.076568 -0.057297 0.182961 0.683994 1.137813 1.402647 1.490829 1.500677 1.495131 1.480501 1.474934 1.469381 1.438412 1.418819 1.420318 1.421613 1.414194 1.368200 1.382377 1.425219 1.424294 1.423477 1.396890 1.391997 1.398182 1.398500 1.400953 1.394294 1.392968 1.395112 1.399862 1.399008 1.399820 1.398504
1.328982 1.313141 1.306193 1.299847 1.264885 1.144508 0.911815 0.843619 1.022005 1.175215 1.227471 1.231113 1.240104 1.236511 1.141446 1.059622 1.155167 1.307557 1.374748 1.396040 1.407341 1.408551 1.386803 1.322971 1.212576 1.041172 0.770537 0.393498 0.018852 0.002612 0.425691 0.940522 1.312738 1.476576 1.507757 1.503087 1.487145 1.472492 1.457521 1.432400 1.406721 1.398045 1.407855 1.421682 1.429906 1.442257 1.439981 1.434298 1.435616 1.411957 1.403943 1.401462 1.398157 1.405359 1.405841 1.400811 1.394808 1.396753 1.399131 1.402448 1.401667
1.329094 1.309196 1.305120 1.291346 1.246024 1.105199 0.906438 0.923536 1.106939 1.200367 1.223363 1.232262 1.246183 1.227613 1.094327 1.032989 1.178248 1.329376 1.389635 1.410400 1.425263 1.430410 1.424248 1.406970 1.368146 1.271889 1.051342 0.659506 0.165593 -0.088582 0.171909 0.712404 1.178352 1.431060 1.504430 1.509756 1.493414 1.467873 1.448586 1.438240 1.423659 1.412832 1.420248 1.433851 1.443546 1.448163 1.444785 1.442967 1.447965 1.444404 1.432662 1.407601 1.396069 1.406453 1.413312 1.405860 1.395249 1.398413 1.406406 1.404955 1.403538
1.327431 1.311550 1.307921 1.290083 1.232999 1.086402 0.998850 1.094302 1.205578 1.240974 1.244608 1.250621 1.254486 1.211663 1.049665 1.031958 1.225557 1.356022 1.404898 1.420493 1.430860 1.432340 1.424332 1.417693 1.411977 1.374925 1.222662 0.868666 0.347611 -0.089491 -0.020809 0.501340 1.032990 1.366270 1.491094 1.508683 1.490027 1.460719 1.433173 1.424234 1.437517 1.445077 1.444646 1.448399 1.453052 1.448137 1.444502 1.448943 1.451698 1.454966 1.446373 1.419553 1.402816 1.403671 1.407840 1.402797 1.395107 1.404222 1.417375 1.408638 1.400084
1.332146 1.317839 1.306970 1.286101 1.222478 1.108962 1.097557 1.202934 1.258736 1.275828 1.284293 1.280447 1.272504 1.211990 1.032380 1.029336 1.243167 1.366400 1.409227 1.427844 1.436868 1.430094 1.418599 1.415651 1.421773 1.416942 1.322313 1.022223 0.507663 -0.025567 -0.091995 0.381171 0.935159 1.315233 1.475751 1.502214 1.488395 1.463690 1.438634 1.434624 1.452857 1.460991 1.457326 1.458191 1.460385 1.452743 1.443213 1.445582 1.450217 1.455314 1.441559 1.418146 1.412155 1.408789 1.408446 1.408552 1.403843 1.408758 1.418651 1.409644 1.396823
1.339721 1.319233 1.295677 1.267067 1.192301 1.148107 1.198256 1.265975 1.292671 1.301267 1.305396 1.293766 1.282229 1.229140 1.070319 1.077488 1.275787 1.376913 1.407057 1.424325 1.433409 1.428901 1.421748 1.420593 1.427675 1.434915 1.372739 1.103714 0.588206 0.014739 -0.097705 0.358489 0.916063 1.306419 1.471347 1.496108 1.489780 1.479813 1.473527 1.471043 1.466079 1.463222 1.462274 1.459009 1.454944 1.451694 1.444515 1.443734 1.447516 1.451690 1.437859 1.415921 1.415849 1.413737 1.410370 1.411711 1.410433 1.411461 1.412577 1.407534 1.403128
