notebooks/tutorials/tidal_flow/zSW3.asc
NCOLS 300
NROWS 452
XLLCORNER 0
YLLCORNER 0
CELLSIZE 2
NODATA_VALUE 999
[rows 54 to 80 of 452, columns 0 to 60 of 300]
1.486815 1.467096 1.458344 1.465594 1.467736 1.456781 1.458938 1.470781 1.477895 1.456246 1.357877 1.265841 1.326631 1.412685 1.415336 1.407776 1.405364 1.406993 1.411244 1.415087 1.415765 1.425051 1.446603 1.456959 1.449474 1.442014 1.443390 1.435760 1.452974 1.481572 1.472775 1.468006 1.476557 1.457121 1.445251 1.452516 1.456407 1.482860 1.512518 1.514163 1.498793 1.470426 1.447463 1.457211 1.482270 1.497505 1.494977 1.472349 1.464537 1.483532 1.485831 1.468012 1.463400 1.467338 1.460378 1.458894 1.462706 1.469210 1.476368 1.477844 1.483135
1.457320 1.456306 1.458233 1.464852 1.464492 1.451996 1.451110 1.463175 1.475636 1.478160 1.416683 1.270531 1.270288 1.388316 1.423830 1.419665 1.410042 1.408825 1.407498 1.411645 1.415027 1.419745 1.433503 1.441229 1.434559 1.428586 1.427161 1.420724 1.440089 1.472445 1.477181 1.475775 1.467636 1.437646 1.427140 1.449446 1.465722 1.485591 1.516405 1.518038 1.496756 1.474131 1.452570 1.457150 1.481226 1.499241 1.508100 1.479475 1.446426 1.454441 1.465706 1.459721 1.455243 1.457767 1.452407 1.450874 1.462287 1.474135 1.481724 1.475623 1.460432
1.452712 1.459002 1.456911 1.458721 1.461328 1.449676 1.444560 1.444526 1.456463 1.490509 1.467137 1.315951 1.240802 1.332793 1.416704 1.433306 1.429345 1.432529 1.429790 1.426851 1.426229 1.428013 1.427063 1.418743 1.414972 1.412517 1.398863 1.396970 1.431775 1.475397 1.499015 1.490785 1.468690 1.453750 1.439644 1.455837 1.477968 1.486090 1.493568 1.494751 1.493867 1.474467 1.444724 1.448758 1.478206 1.503690 1.523289 1.500607 1.453382 1.442036 1.456089 1.463112 1.458182 1.455405 1.459396 1.458679 1.460545 1.477187 1.491723 1.481568 1.459315
1.457149 1.463916 1.460250 1.457992 1.460945 1.458443 1.465086 1.464411 1.476112 1.515567 1.502113 1.355505 1.209310 1.255178 1.376814 1.424760 1.440410 1.454518 1.457660 1.450481 1.436397 1.424761 1.422527 1.420635 1.415602 1.406042 1.391166 1.391401 1.417595 1.456956 1.499876 1.497554 1.472868 1.471489 1.464315 1.464504 1.474603 1.486910 1.489610 1.481923 1.475884 1.450099 1.417663 1.429005 1.458740 1.487463 1.520574 1.519464 1.481319 1.459721 1.468381 1.476130 1.481309 1.481536 1.482718 1.476664 1.467821 1.482999 1.504033 1.491055 1.471874
1.456661 1.461799 1.465576 1.462372 1.459091 1.464535 1.485260 1.507827 1.533145 1.549834 1.500861 1.326093 1.151731 1.200219 1.354179 1.430840 1.459865 1.474009 1.468739 1.451478 1.429502 1.402903 1.398173 1.409482 1.409447 1.407589 1.396082 1.386775 1.401017 1.427272 1.470731 1.489134 1.471962 1.459909 1.464110 1.461856 1.460346 1.477742 1.488151 1.476713 1.450337 1.424867 1.406375 1.417785 1.440284 1.470764 1.509357 1.514879 1.487078 1.475762 1.487900 1.491911 1.502165 1.504557 1.493481 1.479399 1.475059 1.493723 1.514766 1.497151 1.476641
1.453634 1.456731 1.463802 1.457908 1.458015 1.468521 1.482625 1.518622 1.555451 1.556858 1.493505 1.322983 1.133458 1.167367 1.337073 1.430707 1.466241 1.479863 1.470121 1.449945 1.434487 1.411681 1.395589 1.388733 1.392456 1.414384 1.415769 1.402475 1.407268 1.410335 1.432642 1.466196 1.471249 1.461458 1.463560 1.459462 1.459463 1.481978 1.493125 1.475490 1.443799 1.416731 1.397333 1.395462 1.419346 1.463030 1.502588 1.514846 1.493304 1.476327 1.490438 1.500184 1.505810 1.511786 1.496584 1.471714 1.471660 1.486982 1.496254 1.476474 1.459621
1.448746 1.455948 1.459334 1.450524 1.460835 1.476071 1.477776 1.504816 1.533553 1.530220 1.496509 1.378887 1.181089 1.164711 1.324212 1.420903 1.460418 1.476139 1.470488 1.458189 1.440862 1.424979 1.414776 1.399127 1.401521 1.431519 1.444360 1.431049 1.426256 1.414842 1.415994 1.445445 1.468493 1.473829 1.471009 1.469917 1.478318 1.496763 1.499363 1.481589 1.458964 1.429740 1.388773 1.366720 1.399668 1.452063 1.487893 1.509709 1.499097 1.480364 1.495074 1.505742 1.502662 1.504131 1.492875 1.474032 1.472610 1.473824 1.470977 1.453567 1.441947
1.442872 1.450359 1.453337 1.446136 1.452746 1.465948 1.470600 1.496012 1.518672 1.514230 1.503421 1.428395 1.242312 1.161130 1.284053 1.405083 1.458160 1.472883 1.464706 1.457886 1.433842 1.418509 1.430768 1.431844 1.430282 1.442023 1.448198 1.424627 1.417486 1.429824 1.429008 1.440657 1.461298 1.469464 1.471866 1.481728 1.490423 1.495976 1.491210 1.481648 1.468026 1.447420 1.399944 1.357315 1.386946 1.449700 1.493364 1.513176 1.498473 1.485747 1.498020 1.510437 1.506236 1.488228 1.483720 1.484248 1.484848 1.484751 1.481909 1.464224 1.448573
1.442592 1.441825 1.445497 1.443998 1.443795 1.448069 1.457085 1.486380 1.519508 1.524014 1.518572 1.466944 1.307170 1.150726 1.209120 1.375064 1.446497 1.461491 1.460507 1.459001 1.440668 1.429644 1.450254 1.460042 1.456302 1.452584 1.445673 1.416971 1.400423 1.432730 1.456779 1.458924 1.465357 1.469870 1.471279 1.477028 1.482389 1.486890 1.485227 1.480247 1.469568 1.455838 1.418630 1.371314 1.392365 1.457444 1.498303 1.512911 1.500827 1.479074 1.471904 1.494403 1.507203 1.490156 1.487197 1.485577 1.492399 1.500914 1.494145 1.475172 1.459001
1.445819 1.441762 1.440492 1.441264 1.443100 1.445282 1.455616 1.486456 1.520949 1.519434 1.517588 1.487478 1.353365 1.145495 1.151075 1.344750 1.431057 1.449271 1.453833 1.453451 1.440471 1.434585 1.451409 1.461359 1.465570 1.463194 1.452258 1.429663 1.402344 1.431268 1.473097 1.474237 1.472662 1.476549 1.480126 1.475972 1.470411 1.473896 1.476715 1.475784 1.470614 1.465579 1.441315 1.400121 1.414342 1.471658 1.497458 1.505129 1.506243 1.475345 1.453184 1.472054 1.483742 1.478518 1.481450 1.481420 1.491676 1.494868 1.474534 1.458771 1.461960
1.443467 1.441561 1.432860 1.435369 1.442162 1.451103 1.468715 1.498430 1.514587 1.501986 1.508999 1.493153 1.372124 1.146486 1.123211 1.316166 1.419759 1.442833 1.446348 1.448973 1.435481 1.426416 1.439849 1.455026 1.466367 1.466237 1.458833 1.438992 1.403684 1.421872 1.467434 1.477844 1.478469 1.478508 1.481063 1.476066 1.470787 1.472376 1.475531 1.477544 1.471376 1.468741 1.453085 1.418285 1.425148 1.472021 1.493368 1.501016 1.509069 1.494128 1.483909 1.481086 1.464149 1.458631 1.474699 1.488278 1.496381 1.494038 1.473579 1.457124 1.475068
1.439756 1.433311 1.425938 1.434608 1.441750 1.452136 1.475837 1.503204 1.509712 1.502993 1.516059 1.506525 1.393264 1.157670 1.081891 1.252176 1.394406 1.434981 1.442169 1.453457 1.441314 1.433929 1.450438 1.460623 1.463948 1.467124 1.467358 1.447913 1.404005 1.408213 1.456583 1.479575 1.483036 1.478642 1.469451 1.454260 1.457021 1.468986 1.474814 1.477241 1.467325 1.463095 1.448199 1.405749 1.413316 1.464168 1.482712 1.489861 1.501218 1.506562 1.505281 1.486363 1.467478 1.469866 1.481317 1.495486 1.504032 1.504034 1.495331 1.481771 1.496269
1.442919 1.430601 1.425291 1.435300 1.439319 1.446210 1.469025 1.492715 1.509893 1.515780 1.517387 1.508791 1.414261 1.189302 1.021757 1.133863 1.337280 1.419469 1.440442 1.455678 1.450532 1.446824 1.456724 1.455840 1.454845 1.462541 1.470377 1.455437 1.412771 1.397696 1.437367 1.474779 1.479033 1.472935 1.458007 1.435619 1.441659 1.458030 1.465686 1.466022 1.457597 1.459380 1.448668 1.395139 1.396787 1.459489 1.484131 1.493190 1.505585 1.510408 1.502670 1.487757 1.486987 1.495924 1.498668 1.505797 1.504821 1.502308 1.503907 1.497989 1.508892
1.441416 1.429294 1.424110 1.437114 1.444569 1.458631 1.477320 1.487998 1.513691 1.526310 1.513564 1.503379 1.441415 1.255895 1.020096 1.058480 1.294876 1.411335 1.441547 1.452693 1.450244 1.446220 1.449114 1.446075 1.445106 1.451753 1.465838 1.463024 1.430913 1.396171 1.419841 1.467263 1.473023 1.467024 1.456438 1.445971 1.452655 1.459122 1.465376 1.467483 1.462351 1.465575 1.454478 1.398295 1.386049 1.448888 1.488223 1.500682 1.510215 1.511699 1.504214 1.491415 1.491810 1.505154 1.513843 1.516717 1.506111 1.502487 1.506127 1.502753 1.501990
1.433739 1.427159 1.428674 1.439324 1.451424 1.478452 1.496816 1.503182 1.533128 1.542994 1.511683 1.493264 1.459785 1.325917 1.111697 1.095463 1.287931 1.404566 1.429576 1.437478 1.434880 1.436187 1.447338 1.445556 1.442970 1.444874 1.456983 1.461322 1.437834 1.394216 1.409393 1.460271 1.467923 1.463726 1.458190 1.455046 1.451511 1.448556 1.458949 1.467495 1.467784 1.465016 1.444986 1.390516 1.367503 1.423601 1.477513 1.492136 1.502825 1.506543 1.498516 1.482424 1.475290 1.491127 1.505384 1.509521 1.506463 1.505235 1.505342 1.499017 1.488072
1.438233 1.433827 1.432646 1.437309 1.456910 1.493209 1.520569 1.532377 1.552747 1.556680 1.515207 1.487452 1.468029 1.382270 1.212127 1.154831 1.285868 1.391896 1.419446 1.427370 1.421284 1.426697 1.445080 1.445507 1.440136 1.438735 1.445100 1.448304 1.432638 1.391953 1.404448 1.454811 1.464350 1.460258 1.457144 1.451931 1.434815 1.424196 1.436137 1.446688 1.454661 1.455981 1.437452 1.393935 1.356571 1.393909 1.452635 1.468446 1.486246 1.499169 1.489915 1.479943 1.475429 1.481159 1.488040 1.495854 1.500667 1.496240 1.497815 1.488202 1.475696
1.452186 1.439950 1.432797 1.440449 1.458438 1.489398 1.523012 1.541865 1.542858 1.541921 1.515846 1.488709 1.468209 1.416943 1.289840 1.184513 1.246453 1.359843 1.411742 1.427037 1.415626 1.411444 1.430914 1.436282 1.427865 1.430878 1.441825 1.441204 1.421957 1.384416 1.387892 1.431970 1.455433 1.457190 1.452425 1.437879 1.416973 1.413117 1.427436 1.440937 1.446590 1.449593 1.441521 1.405678 1.349819 1.368845 1.429361 1.447900 1.469193 1.487484 1.483933 1.483147 1.487849 1.489316 1.489021 1.497566 1.498188 1.481156 1.477666 1.464106 1.455317
1.451406 1.431590 1.428954 1.446121 1.455141 1.471890 1.501232 1.527198 1.520333 1.519296 1.511288 1.485195 1.464781 1.434181 1.324497 1.124735 1.104420 1.276814 1.386582 1.421735 1.419173 1.410553 1.423475 1.429247 1.425867 1.436108 1.446169 1.436598 1.409415 1.369418 1.354631 1.391020 1.429990 1.443605 1.446801 1.434045 1.419575 1.425578 1.440265 1.451852 1.451097 1.446207 1.444069 1.425271 1.361732 1.353307 1.409384 1.437927 1.461619 1.477761 1.479260 1.485390 1.492381 1.490774 1.486476 1.495436 1.494201 1.470478 1.453702 1.427258 1.423747
1.447622 1.432623 1.436895 1.450789 1.449007 1.452606 1.472406 1.507133 1.513410 1.514883 1.512309 1.489348 1.470419 1.442764 1.329786 1.089503 0.993962 1.174900 1.347503 1.405161 1.422543 1.429548 1.437543 1.437303 1.431937 1.441725 1.449285 1.433154 1.408377 1.373956 1.345680 1.370672 1.412441 1.435484 1.450718 1.448365 1.441285 1.443891 1.450463 1.454521 1.454013 1.448936 1.445692 1.442619 1.384527 1.353861 1.400809 1.438483 1.461314 1.470699 1.469652 1.479787 1.488658 1.482500 1.481019 1.484630 1.476518 1.458580 1.436608 1.395126 1.383577
1.470957 1.454590 1.441698 1.443246 1.443202 1.447670 1.468364 1.506440 1.510040 1.498344 1.502363 1.495462 1.478585 1.451087 1.368526 1.189112 1.071439 1.183764 1.336326 1.387708 1.412675 1.433374 1.446243 1.445754 1.439503 1.444524 1.449932 1.435458 1.412179 1.379444 1.345273 1.365252 1.416062 1.448048 1.457364 1.449676 1.448545 1.454363 1.459432 1.462120 1.462773 1.460328 1.457334 1.453244 1.394145 1.362895 1.408907 1.446435 1.461423 1.465948 1.467979 1.476592 1.483598 1.477452 1.477424 1.466893 1.450191 1.441606 1.420292 1.373802 1.358824
1.493722 1.479128 1.449498 1.446915 1.459431 1.479070 1.510836 1.533361 1.509733 1.478811 1.485919 1.488407 1.470844 1.445781 1.394315 1.279267 1.176285 1.230482 1.337718 1.379153 1.404636 1.425357 1.438935 1.444451 1.442755 1.443639 1.446007 1.441551 1.424563 1.385192 1.338875 1.351538 1.409529 1.446150 1.452547 1.445542 1.448373 1.457635 1.461300 1.465174 1.472335 1.472307 1.470103 1.466702 1.406256 1.361604 1.401207 1.444598 1.460887 1.472064 1.479823 1.480069 1.480667 1.476097 1.466262 1.448632 1.432566 1.421750 1.400111 1.357787 1.346557
1.521713 1.506968 1.482385 1.478354 1.483848 1.504525 1.534883 1.542179 1.513485 1.481812 1.482670 1.483584 1.461564 1.438339 1.409513 1.336034 1.222417 1.223025 1.319908 1.375605 1.408718 1.425657 1.434537 1.444607 1.447133 1.445189 1.443505 1.445554 1.437936 1.402850 1.351920 1.343723 1.391925 1.432000 1.446698 1.449594 1.451113 1.455531 1.452466 1.456998 1.469873 1.469979 1.462079 1.458898 1.410873 1.353371 1.383175 1.437340 1.460691 1.478528 1.485262 1.479717 1.482055 1.484674 1.473593 1.456341 1.433352 1.404998 1.377837 1.338076 1.330038
1.570749 1.539953 1.509846 1.499822 1.493137 1.501148 1.525912 1.532666 1.509591 1.486935 1.485263 1.489131 1.472255 1.446981 1.425416 1.375912 1.283846 1.255065 1.317542 1.374595 1.406221 1.421511 1.431034 1.444389 1.455116 1.453831 1.442673 1.445330 1.444556 1.418170 1.374295 1.344523 1.374933 1.421931 1.444048 1.451095 1.452121 1.452713 1.447547 1.453631 1.464921 1.462824 1.451163 1.445739 1.414320 1.357746 1.373672 1.427477 1.451335 1.470106 1.478142 1.474666 1.482128 1.494761 1.491796 1.473324 1.441874 1.399909 1.366341 1.328292 1.325955
1.597133 1.559445 1.512079 1.496239 1.491948 1.486440 1.504537 1.513502 1.499214 1.493200 1.497256 1.497600 1.480696 1.455742 1.433354 1.394089 1.315743 1.257343 1.293532 1.360156 1.392022 1.405497 1.415565 1.430204 1.446760 1.453315 1.443911 1.446197 1.450125 1.430597 1.390164 1.345907 1.361274 1.414484 1.443522 1.453908 1.453050 1.448563 1.444077 1.448520 1.461008 1.462509 1.452446 1.444462 1.419891 1.364816 1.368333 1.420637 1.443822 1.463529 1.475966 1.476591 1.478441 1.485326 1.487106 1.472097 1.439926 1.398639 1.365125 1.329171 1.326855
1.583225 1.552427 1.504758 1.494276 1.494344 1.475375 1.477687 1.488037 1.487246 1.491298 1.498320 1.493567 1.476132 1.456129 1.438469 1.406477 1.317331 1.215955 1.239607 1.330570 1.375450 1.393265 1.402685 1.417026 1.435075 1.444671 1.441474 1.442262 1.448675 1.441113 1.406154 1.356193 1.357505 1.410264 1.445240 1.457986 1.456329 1.448947 1.444697 1.444728 1.455507 1.460533 1.450127 1.444233 1.428207 1.368941 1.360421 1.412034 1.439525 1.460420 1.475904 1.480575 1.474847 1.469702 1.469865 1.458359 1.430114 1.395928 1.365471 1.329110 1.318868
1.551676 1.540852 1.506327 1.498953 1.497885 1.474450 1.468482 1.477598 1.479864 1.480099 1.485384 1.485840 1.479618 1.463810 1.445251 1.415015 1.326792 1.201293 1.200084 1.300144 1.366079 1.395992 1.402072 1.416748 1.435273 1.442727 1.442038 1.442633 1.451609 1.451757 1.420110 1.367397 1.357425 1.401930 1.438998 1.454396 1.456556 1.455352 1.456411 1.450366 1.449568 1.454910 1.447892 1.444282 1.429964 1.364873 1.348081 1.398842 1.433855 1.455053 1.468434 1.474189 1.468985 1.460969 1.455233 1.438536 1.415973 1.390723 1.365245 1.331454 1.311277
1.548749 1.549915 1.516851 1.505199 1.502490 1.482707 1.481480 1.482140 1.478787 1.478774 1.481502 1.482387 1.480686 1.467935 1.444973 1.410378 1.326370 1.186895 1.163521 1.269773 1.352313 1.393284 1.404228 1.420971 1.438519 1.443878 1.442082 1.440769 1.450209 1.455557 1.431545 1.380682 1.358298 1.389858 1.431138 1.450104 1.456084 1.461592 1.464408 1.458251 1.454576 1.457904 1.455451 1.453306 1.427951 1.355581 1.331805 1.378875 1.425524 1.451157 1.463781 1.471701 1.467684 1.459177 1.443017 1.419191 1.404538 1.386513 1.366140 1.339435 1.309537
