notebooks/tutorials/tidal_flow/zSW3.asc
NCOLS 300
NROWS 452
XLLCORNER 0
YLLCORNER 0
CELLSIZE 2
NODATA_VALUE 999
[rows 243 to 269 of 452, columns 122 to 182 of 300]
1.416941 1.402733 1.397167 1.401608 1.401904 1.402954 1.406883 1.401892 1.397983 1.399641 1.401648 1.407946 1.416053 1.413841 1.412899 1.436911 1.454869 1.473909 1.505234 1.523387 1.522225 1.511571 1.494401 1.466017 1.428387 1.323583 1.087328 0.743418 0.329544 -0.128404 -0.563173 -0.887782 -1.122714 -1.102559 -0.774460 -0.431668 0.042314 0.568842 1.033750 1.329498 1.453844 1.488186 1.479209 1.406636 1.307425 1.215932 1.134673 1.105682 1.147391 1.256558 1.302317 1.194739 1.083770 1.058237 1.073438 1.078729 1.087517 1.132824 1.166625 1.150031 1.137500
1.427318 1.416298 1.406774 1.404434 1.401199 1.405693 1.413545 1.406862 1.400774 1.397413 1.395458 1.403842 1.416785 1.421912 1.424414 1.444617 1.461957 1.476951 1.506125 1.525098 1.518017 1.501240 1.486795 1.461469 1.396726 1.228835 0.924603 0.513793 0.046772 -0.411544 -0.788672 -1.017588 -1.043928 -0.884684 -0.593328 -0.179653 0.313172 0.803730 1.189555 1.397783 1.472984 1.497408 1.484616 1.395266 1.302716 1.284741 1.223763 1.147233 1.166487 1.220864 1.212986 1.126948 1.058435 1.038536 1.032556 1.035316 1.053661 1.097695 1.142647 1.145074 1.144998
1.424010 1.420821 1.413635 1.405323 1.403181 1.410370 1.417652 1.413725 1.409036 1.405989 1.402485 1.401804 1.412860 1.432615 1.446229 1.461910 1.479966 1.491654 1.506584 1.511333 1.500904 1.487624 1.473143 1.439510 1.334986 1.107509 0.748131 0.284526 -0.208581 -0.636105 -0.930637 -1.053537 -0.996017 -0.759158 -0.377851 0.089003 0.578731 1.016246 1.314393 1.442192 1.477788 1.493004 1.474211 1.365219 1.289925 1.330689 1.274678 1.155354 1.130957 1.131157 1.109156 1.072110 1.045662 1.035861 1.024729 1.027952 1.040927 1.065446 1.111953 1.146333 1.167165
1.426511 1.430431 1.420771 1.402832 1.401886 1.409341 1.410835 1.411478 1.412551 1.414353 1.414763 1.407866 1.420118 1.446826 1.465993 1.486778 1.504578 1.504464 1.501419 1.494205 1.485673 1.478747 1.459552 1.397645 1.232523 0.935709 0.522707 0.033756 -0.443788 -0.812130 -1.006063 -1.027232 -0.898505 -0.590466 -0.139690 0.357933 0.830468 1.198521 1.400136 1.463987 1.475731 1.477288 1.448607 1.329938 1.251212 1.262713 1.191827 1.092365 1.062943 1.054073 1.048809 1.049714 1.041359 1.040575 1.041106 1.037766 1.042737 1.054978 1.083216 1.125338 1.160327
1.438037 1.449181 1.422941 1.391991 1.397417 1.405215 1.400708 1.403508 1.413524 1.427069 1.435306 1.433050 1.443052 1.460824 1.484602 1.511799 1.525215 1.514086 1.500450 1.495350 1.486456 1.467987 1.431681 1.325592 1.090040 0.726562 0.269394 -0.219191 -0.650803 -0.942071 -1.046467 -0.989232 -0.783206 -0.399276 0.101994 0.613092 1.049447 1.335393 1.454727 1.480265 1.481609 1.473891 1.430486 1.306086 1.188589 1.132679 1.090600 1.062733 1.051690 1.041191 1.032994 1.038049 1.039394 1.042991 1.046850 1.042541 1.047531 1.054444 1.062649 1.104115 1.146433
1.439199 1.445103 1.419286 1.397739 1.412634 1.417560 1.405412 1.404609 1.423038 1.447170 1.458109 1.459052 1.461588 1.473074 1.500281 1.525563 1.534253 1.523897 1.509674 1.501386 1.488299 1.455201 1.382661 1.217368 0.916495 0.503759 0.023446 -0.443151 -0.812712 -1.023342 -1.056147 -0.934184 -0.644310 -0.189140 0.343047 0.839281 1.211291 1.415133 1.480575 1.489317 1.487270 1.471105 1.420587 1.307813 1.163689 1.072935 1.060591 1.066101 1.057390 1.052536 1.046760 1.041332 1.043051 1.044739 1.047562 1.056144 1.066207 1.061962 1.061613 1.105843 1.157778
1.448234 1.445388 1.435037 1.426808 1.437685 1.435723 1.423075 1.422767 1.442966 1.465680 1.471805 1.469050 1.469521 1.487113 1.511347 1.524777 1.529860 1.525091 1.514890 1.500692 1.481477 1.432312 1.310930 1.082013 0.725945 0.267449 -0.221072 -0.640446 -0.936411 -1.068188 -1.024728 -0.821703 -0.450408 0.050498 0.577959 1.022435 1.314508 1.452347 1.488742 1.489951 1.485907 1.460442 1.389832 1.274241 1.139936 1.062425 1.054760 1.057880 1.050765 1.053791 1.058823 1.055971 1.052215 1.049148 1.057097 1.069084 1.079041 1.068941 1.067433 1.109967 1.161337
1.459645 1.460474 1.460309 1.456722 1.459728 1.451291 1.442213 1.442730 1.456228 1.472091 1.477048 1.476977 1.485362 1.509025 1.526422 1.527939 1.527793 1.524921 1.517015 1.498583 1.461469 1.370014 1.187080 0.901551 0.508712 0.021470 -0.459538 -0.813597 -1.013611 -1.054164 -0.930574 -0.636996 -0.190204 0.329124 0.812844 1.175920 1.388494 1.476103 1.493829 1.490863 1.484636 1.451806 1.339619 1.189856 1.090927 1.055128 1.049558 1.052994 1.052778 1.047703 1.046829 1.049542 1.049688 1.048110 1.061480 1.072133 1.076215 1.072061 1.076075 1.105173 1.141656
1.461424 1.463766 1.468544 1.467207 1.464325 1.454207 1.455212 1.463274 1.467639 1.473854 1.480733 1.493361 1.510315 1.524618 1.531737 1.532188 1.529633 1.521100 1.512142 1.484253 1.405087 1.241941 0.987623 0.653801 0.245355 -0.228414 -0.665418 -0.945053 -1.046039 -0.988675 -0.771392 -0.379675 0.118087 0.617163 1.030548 1.299791 1.441526 1.491557 1.494314 1.491733 1.484317 1.429983 1.283784 1.140244 1.071044 1.045945 1.040856 1.045017 1.052321 1.040234 1.029178 1.038834 1.053325 1.058856 1.064733 1.070260 1.074275 1.080707 1.087587 1.100718 1.121460
1.470358 1.469226 1.469661 1.464660 1.457357 1.450469 1.455491 1.468936 1.477307 1.483623 1.494698 1.505651 1.513710 1.520162 1.525100 1.528490 1.523635 1.510716 1.487679 1.425567 1.280116 1.033133 0.710932 0.345038 -0.055320 -0.474367 -0.822919 -1.012238 -1.036396 -0.896475 -0.571730 -0.095932 0.414366 0.864550 1.196739 1.379198 1.465634 1.495559 1.494991 1.490963 1.474288 1.382425 1.213033 1.097985 1.051150 1.028936 1.024035 1.033245 1.051604 1.046062 1.033403 1.041174 1.058969 1.064717 1.062890 1.062296 1.063169 1.078081 1.087947 1.098086 1.132191
1.491648 1.486582 1.478781 1.468399 1.458294 1.456578 1.467689 1.482728 1.495963 1.506374 1.515898 1.513811 1.506433 1.512594 1.521280 1.525809 1.515629 1.487497 1.426436 1.302735 1.087460 0.774200 0.400176 0.017023 -0.359078 -0.702407 -0.940801 -1.037980 -0.988738 -0.761235 -0.344401 0.173260 0.664351 1.054876 1.305903 1.425431 1.477490 1.496326 1.499192 1.493073 1.466421 1.355893 1.181077 1.062031 1.018866 1.017571 1.024719 1.037822 1.055179 1.061055 1.052437 1.054309 1.082379 1.102835 1.102776 1.087059 1.080515 1.103777 1.118678 1.129609 1.176449
1.511449 1.504178 1.492674 1.482147 1.473813 1.478258 1.498315 1.513530 1.520821 1.525051 1.525993 1.518537 1.507849 1.511038 1.517334 1.518697 1.500228 1.439247 1.315934 1.118364 0.842741 0.490206 0.089834 -0.295713 -0.634294 -0.899940 -1.038117 -1.040517 -0.891652 -0.567943 -0.100914 0.416248 0.868431 1.192356 1.371002 1.446649 1.482099 1.497043 1.503357 1.499104 1.469607 1.370408 1.199102 1.042176 0.988090 1.010244 1.035612 1.050873 1.057381 1.072025 1.090962 1.123493 1.185852 1.243202 1.252092 1.219993 1.218188 1.257861 1.268780 1.262189 1.292056
1.511768 1.507816 1.494376 1.487417 1.487793 1.496570 1.513573 1.520349 1.519144 1.521467 1.523233 1.516363 1.508857 1.511739 1.510282 1.493211 1.440447 1.322213 1.125231 0.860338 0.543382 0.175994 -0.213315 -0.564224 -0.839666 -1.021280 -1.081253 -0.991599 -0.734082 -0.335256 0.146889 0.637373 1.035220 1.290770 1.416226 1.460790 1.483718 1.500795 1.505994 1.492829 1.464182 1.393026 1.229625 1.038588 0.975403 1.011503 1.038828 1.050277 1.063672 1.121313 1.201615 1.276303 1.342950 1.385993 1.400964 1.393357 1.403220 1.427932 1.405561 1.376680 1.406835
1.487797 1.492198 1.487322 1.485064 1.491531 1.495314 1.499931 1.506348 1.509366 1.511092 1.511404 1.507864 1.503526 1.503123 1.486172 1.425776 1.303269 1.106019 0.839598 0.525726 0.187543 -0.165971 -0.504554 -0.784820 -0.976242 -1.064758 -1.039985 -0.860378 -0.518280 -0.079468 0.392579 0.838670 1.170438 1.357651 1.443582 1.473712 1.484999 1.496119 1.494289 1.478408 1.463088 1.423237 1.283231 1.097299 1.026890 1.042161 1.047480 1.050839 1.090888 1.212407 1.342208 1.413469 1.442012 1.437207 1.439970 1.463499 1.483496 1.474742 1.401767 1.346757 1.401313
1.468221 1.477531 1.486238 1.489246 1.492667 1.490583 1.489598 1.498587 1.504238 1.501453 1.498214 1.497774 1.493209 1.475716 1.412205 1.275736 1.079258 0.822736 0.500859 0.152180 -0.183560 -0.495186 -0.761062 -0.959035 -1.062467 -1.056919 -0.926379 -0.644422 -0.245059 0.195989 0.635530 1.018847 1.273502 1.402070 1.458947 1.477332 1.475722 1.474178 1.472572 1.472671 1.474572 1.457592 1.356539 1.193215 1.097411 1.077649 1.071399 1.089175 1.163424 1.304775 1.421346 1.451079 1.455020 1.452043 1.451278 1.467710 1.476184 1.462610 1.404876 1.358607 1.407291
1.463737 1.471854 1.480756 1.486807 1.487894 1.489207 1.494273 1.499144 1.502222 1.500049 1.494988 1.488861 1.463026 1.388587 1.236428 1.019291 0.775746 0.490286 0.141651 -0.213430 -0.519220 -0.769602 -0.953067 -1.063941 -1.080101 -1.087663 -0.741777 -0.372677 0.053814 0.471757 0.865016 1.175217 1.350323 1.432758 1.471650 1.479118 1.467943 1.459046 1.462459 1.476696 1.484353 1.473247 1.392412 1.252486 1.158834 1.142516 1.155508 1.198486 1.290174 1.394631 1.455773 1.452804 1.454321 1.468224 1.465790 1.461199 1.454201 1.453903 1.448479 1.436042 1.449792
1.473849 1.475346 1.475039 1.479804 1.481480 1.487030 1.495374 1.495164 1.496375 1.497151 1.485312 1.456179 1.374722 1.201463 0.952827 0.676948 0.400754 0.098775 -0.237377 -0.550851 -0.796566 -0.966369 -1.059919 -1.096692 -1.030413 -0.841193 -0.496873 -0.082686 0.340705 0.727245 1.063556 1.295006 1.406545 1.455132 1.475024 1.474374 1.454577 1.436774 1.442195 1.470044 1.488148 1.479836 1.421966 1.341393 1.296963 1.302985 1.333073 1.367355 1.407843 1.442957 1.471584 1.469819 1.471379 1.474881 1.464474 1.454064 1.443721 1.451944 1.467478 1.469617 1.460617
1.476056 1.475221 1.470492 1.472233 1.477502 1.484400 1.492832 1.489460 1.477039 1.471321 1.448211 1.371101 1.200233 0.928589 0.611477 0.295909 -0.062634 -0.300975 -0.589027 -0.827152 -0.988326 -1.068817 -1.132974 -1.027790 -0.866114 -0.564030 -0.181272 0.232802 0.625916 0.968928 1.233037 1.379653 1.439258 1.469728 1.472872 1.451248 1.419277 1.395360 1.400399 1.445919 1.480641 1.478388 1.458090 1.444814 1.446290 1.457201 1.475643 1.482412 1.468412 1.454361 1.462778 1.468825 1.474625 1.471050 1.467498 1.470062 1.460955 1.461854 1.473444 1.475662 1.462997
1.456001 1.467578 1.467938 1.468713 1.477743 1.485006 1.489082 1.482076 1.457821 1.432251 1.373309 1.222233 0.955221 0.608775 0.249084 -0.084106 -0.381969 -0.646287 -0.859675 -1.003493 -1.076649 -1.171345 -0.992410 -0.822649 -0.552863 -0.196316 0.196957 0.578529 0.912855 1.179754 1.353857 1.428253 1.454930 1.473892 1.465091 1.423886 1.383271 1.363761 1.371235 1.424935 1.468981 1.469718 1.469748 1.484619 1.503306 1.511134 1.513083 1.508971 1.495098 1.465246 1.443025 1.446581 1.460150 1.464682 1.469274 1.485320 1.488723 1.476597 1.469659 1.469290 1.466274
1.447795 1.464051 1.464571 1.461361 1.470771 1.477689 1.475403 1.461580 1.423850 1.355873 1.227579 1.002501 0.669796 0.275456 -0.147276 -0.432240 -0.701710 -0.907602 -1.030194 -1.073023 -1.162959 -0.984353 -0.793346 -0.503634 -0.151651 0.216860 0.574374 0.891256 1.138201 1.310252 1.405425 1.442437 1.463005 1.472308 1.454326 1.411449 1.368749 1.354640 1.373525 1.427816 1.470856 1.475644 1.480976 1.493014 1.499857 1.503004 1.508725 1.511157 1.506503 1.483112 1.453200 1.447598 1.458370 1.467825 1.478022 1.494706 1.501087 1.484763 1.468159 1.468373 1.474048
1.452233 1.461650 1.461672 1.456576 1.459353 1.460472 1.449107 1.408042 1.318914 1.175596 0.967690 0.690324 0.335798 -0.120190 -0.429100 -0.722946 -0.927677 -1.042921 -1.075469 -1.120274 -0.943996 -0.765991 -0.475955 -0.107563 0.266882 0.598527 0.889701 1.121777 1.275452 1.369030 1.422624 1.454527 1.476038 1.476730 1.457664 1.427194 1.390878 1.380236 1.406075 1.445878 1.473491 1.480225 1.479435 1.480506 1.483410 1.486560 1.495061 1.507505 1.513807 1.504043 1.481056 1.466588 1.473954 1.488132 1.502074 1.509665 1.506167 1.494224 1.479473 1.479767 1.488177
1.451646 1.452998 1.455840 1.459054 1.452711 1.437295 1.396172 1.289995 1.109205 0.872081 0.596991 0.288967 -0.058087 -0.415291 -0.721256 -0.930578 -1.031995 -1.128173 -1.003768 -0.878129 -0.677663 -0.401183 -0.055681 0.317272 0.647672 0.908417 1.122301 1.274492 1.356202 1.403306 1.440920 1.471042 1.486305 1.477464 1.462620 1.452774 1.430508 1.405242 1.413465 1.441203 1.456701 1.468174 1.470116 1.467542 1.473212 1.475415 1.476769 1.492896 1.510171 1.509685 1.493903 1.479975 1.489421 1.506783 1.518780 1.519011 1.509461 1.502473 1.491338 1.487976 1.495609
1.439474 1.434904 1.437319 1.442744 1.424361 1.369515 1.260230 1.066289 0.796715 0.487102 0.168973 -0.147307 -0.463461 -0.743858 -0.939586 -1.074550 -1.249964 -0.980006 -0.828503 -0.579436 -0.273290 0.057678 0.399573 0.723956 0.980636 1.157230 1.287982 1.370040 1.405643 1.431155 1.455606 1.470427 1.473831 1.465514 1.461161 1.462244 1.446809 1.413539 1.406608 1.426351 1.443935 1.463125 1.468476 1.462916 1.461013 1.458838 1.459877 1.471440 1.486875 1.494781 1.491384 1.491614 1.507384 1.520909 1.522023 1.517217 1.512833 1.512840 1.505174 1.495708 1.498946
1.416340 1.402197 1.391371 1.367128 1.305720 1.189521 1.007171 0.747125 0.426745 0.080542 -0.283444 -0.553551 -0.801600 -0.973981 -1.075853 -1.212438 -1.009423 -0.840209 -0.559112 -0.200422 0.164605 0.501893 0.807082 1.062242 1.235750 1.328311 1.385104 1.423274 1.438327 1.446422 1.455728 1.459949 1.455812 1.455104 1.457807 1.448318 1.430443 1.418979 1.418370 1.422764 1.441203 1.458452 1.458486 1.453513 1.451806 1.454656 1.461367 1.462254 1.459414 1.469494 1.486466 1.503711 1.520912 1.527994 1.515937 1.509013 1.513132 1.515194 1.510523 1.502981 1.503394
1.352503 1.325514 1.276551 1.190703 1.056830 0.875458 0.646496 0.363053 0.032306 -0.314348 -0.628883 -0.867312 -1.009845 -1.119148 -1.094651 -1.041050 -0.891743 -0.609940 -0.224687 0.188399 0.557982 0.870857 1.117998 1.285784 1.379430 1.416315 1.434281 1.451374 1.460759 1.462772 1.458148 1.451027 1.446775 1.445054 1.437195 1.417102 1.403330 1.406364 1.416068 1.429729 1.446654 1.451388 1.446738 1.445603 1.449026 1.460698 1.473251 1.465445 1.449900 1.460780 1.486067 1.504047 1.518799 1.523370 1.509158 1.498370 1.498171 1.501569 1.501753 1.501275 1.508852
1.158199 1.118363 1.021376 0.880477 0.691399 0.462088 0.211001 -0.121500 -0.362958 -0.661062 -0.899576 -1.037958 -1.175897 -1.063899 -1.010170 -0.893448 -0.653460 -0.288734 0.147180 0.566097 0.907213 1.159720 1.318219 1.398584 1.437993 1.454690 1.460203 1.461488 1.468451 1.474967 1.461800 1.448572 1.451125 1.439497 1.415936 1.403985 1.400560 1.402307 1.414860 1.433680 1.445747 1.451116 1.455837 1.458358 1.462048 1.477172 1.488672 1.473325 1.458230 1.469720 1.487000 1.499929 1.512124 1.517151 1.513092 1.497429 1.484818 1.488966 1.494770 1.499202 1.507369
0.794045 0.749936 0.623853 0.451887 0.240254 -0.012914 -0.255347 -0.490669 -0.719965 -0.919401 -1.042722 -1.152640 -1.033832 -0.950004 -0.807548 -0.593197 -0.289219 0.099515 0.524776 0.905919 1.183845 1.346878 1.420984 1.448590 1.458951 1.468464 1.474066 1.468601 1.465839 1.463046 1.450373 1.445409 1.452300 1.438841 1.415786 1.411718 1.410377 1.409278 1.422238 1.427829 1.422710 1.435991 1.459922 1.471555 1.477097 1.487428 1.491732 1.483428 1.480696 1.491063 1.497397 1.500800 1.507230 1.510374 1.511640 1.501377 1.492241 1.498637 1.503391 1.504754 1.502747
