examples/overland_flow/examples/SC_30m_Mar17.asc
nrows 260
cellsize 30.0
xllcorner 0.0
ncols 272
yllcorner 0.0
[rows 48 to 63 of 260, columns 222 to 258 of 272]
1.969849999999999909e+03 1.969878999999999905e+03 1.976642000000000053e+03 1.976231999999999971e+03 1.969766000000000076e+03 1.963953999999999951e+03 1.956809999999999945e+03 1.950315000000000055e+03 1.955270999999999958e+03 1.964000000000000000e+03 1.957026000000000067e+03 1.947936999999999898e+03 1.936580999999999904e+03 1.942259000000000015e+03 1.944923999999999978e+03 1.943638999999999896e+03 1.950031999999999925e+03 1.945031999999999925e+03 1.941286000000000058e+03 1.935567000000000007e+03 1.926834000000000060e+03 1.927933999999999969e+03 1.921779999999999973e+03 1.917449000000000069e+03 1.909855999999999995e+03 1.901673999999999978e+03 1.893988000000000056e+03 1.889719399999999951e+03 1.889668599999999969e+03 1.889617799999999988e+03 1.901826000000000022e+03 1.906748000000000047e+03 1.916015000000000100e+03 1.923772999999999911e+03 1.935869999999999891e+03 1.947124000000000024e+03 1.955510999999999967e+03
1.974423000000000002e+03 1.976517000000000053e+03 1.983885999999999967e+03 1.982380000000000109e+03 1.976066000000000031e+03 1.970525000000000091e+03 1.961383000000000038e+03 1.958186999999999898e+03 1.966458000000000084e+03 1.973550999999999931e+03 1.961845000000000027e+03 1.948714999999999918e+03 1.946829999999999927e+03 1.953587999999999965e+03 1.956689000000000078e+03 1.953740999999999985e+03 1.958577999999999975e+03 1.962679000000000087e+03 1.957240000000000009e+03 1.949828999999999951e+03 1.940210000000000036e+03 1.937857999999999947e+03 1.937311999999999898e+03 1.926366999999999962e+03 1.919808999999999969e+03 1.910770999999999958e+03 1.903210000000000036e+03 1.903807000000000016e+03 1.892085000000000036e+03 1.889567000000000007e+03 1.892499000000000024e+03 1.902434999999999945e+03 1.908722999999999956e+03 1.916354000000000042e+03 1.927702999999999975e+03 1.932089999999999918e+03 1.941010999999999967e+03
1.984085000000000036e+03 1.981673000000000002e+03 1.986732999999999947e+03 1.985856999999999971e+03 1.982556000000000040e+03 1.974781999999999925e+03 1.961750999999999976e+03 1.964578999999999951e+03 1.975286000000000058e+03 1.972151000000000067e+03 1.957212999999999965e+03 1.950172000000000025e+03 1.953086000000000013e+03 1.965175999999999931e+03 1.968327999999999975e+03 1.965336999999999989e+03 1.971198000000000093e+03 1.972424999999999955e+03 1.970820999999999913e+03 1.960866999999999962e+03 1.955797000000000025e+03 1.955509999999999991e+03 1.946567999999999984e+03 1.939174999999999955e+03 1.926176999999999907e+03 1.917990999999999985e+03 1.912561999999999898e+03 1.909333000000000084e+03 1.900478000000000065e+03 1.889516200000000026e+03 1.889465400000000045e+03 1.890980000000000018e+03 1.899308999999999969e+03 1.913006000000000085e+03 1.915613000000000056e+03 1.923255000000000109e+03 1.937592000000000098e+03
1.995540999999999940e+03 1.989186999999999898e+03 1.991816000000000031e+03 1.994251999999999953e+03 1.987369999999999891e+03 1.978688000000000102e+03 1.971191000000000031e+03 1.972059999999999945e+03 1.977883000000000038e+03 1.965877999999999929e+03 1.957242666666666537e+03 1.957301999999999907e+03 1.962877999999999929e+03 1.972237000000000080e+03 1.977917999999999893e+03 1.975907999999999902e+03 1.981359999999999900e+03 1.984278999999999996e+03 1.980382000000000062e+03 1.978190000000000055e+03 1.975867999999999938e+03 1.969878999999999905e+03 1.957346999999999980e+03 1.944743999999999915e+03 1.935387999999999920e+03 1.927262999999999920e+03 1.923669000000000096e+03 1.920431000000000040e+03 1.910817000000000007e+03 1.902690000000000055e+03 1.889414600000000064e+03 1.889363800000000083e+03 1.889820999999999913e+03 1.901163000000000011e+03 1.905559999999999945e+03 1.920436999999999898e+03 1.933750000000000000e+03
2.010178000000000111e+03 2.000638999999999896e+03 2.003444999999999936e+03 2.002298999999999978e+03 1.994325000000000045e+03 1.984786000000000058e+03 1.980980999999999995e+03 1.979839999999999918e+03 1.978680000000000064e+03 1.971522999999999911e+03 1.959795000000000073e+03 1.965178000000000111e+03 1.975585000000000036e+03 1.979693999999999960e+03 1.982199000000000069e+03 1.985520999999999958e+03 1.990990999999999985e+03 1.994596000000000004e+03 1.994297000000000025e+03 1.991297000000000025e+03 1.991196999999999889e+03 1.976497000000000071e+03 1.963306000000000040e+03 1.952375000000000000e+03 1.943248000000000047e+03 1.938344000000000051e+03 1.938895999999999958e+03 1.932295000000000073e+03 1.924799999999999955e+03 1.909486000000000104e+03 1.899057000000000016e+03 1.889313000000000102e+03 1.881386999999999944e+03 1.887971999999999980e+03 1.899512999999999920e+03 1.917513999999999896e+03 1.924109999999999900e+03
2.024578999999999951e+03 2.013253999999999905e+03 2.014691000000000031e+03 2.012128999999999905e+03 1.998359999999999900e+03 1.992105000000000018e+03 1.990383000000000038e+03 1.986599999999999909e+03 1.985798000000000002e+03 1.976163000000000011e+03 1.967902000000000044e+03 1.970464999999999918e+03 1.980471999999999980e+03 1.984982999999999947e+03 1.988520999999999958e+03 1.990704999999999927e+03 1.999288000000000011e+03 2.006198000000000093e+03 2.009067999999999984e+03 2.009481999999999971e+03 1.998290999999999940e+03 1.986674999999999955e+03 1.974910000000000082e+03 1.963942999999999984e+03 1.955211000000000013e+03 1.947240000000000009e+03 1.941614000000000033e+03 1.933003999999999905e+03 1.920227000000000089e+03 1.909990999999999985e+03 1.905311999999999898e+03 1.894580999999999904e+03 1.880896999999999935e+03 1.879621000000000095e+03 1.893436999999999898e+03 1.913493999999999915e+03 -9.999000000000000000e+03
2.031958000000000084e+03 2.028619999999999891e+03 2.028234999999999900e+03 2.014463999999999942e+03 2.004766000000000076e+03 2.000484999999999900e+03 2.001372000000000071e+03 1.997351000000000113e+03 1.991258000000000038e+03 1.982301999999999907e+03 1.975400000000000091e+03 1.973515000000000100e+03 1.985192000000000007e+03 1.991992999999999938e+03 1.997086999999999989e+03 1.998503999999999905e+03 2.004881000000000085e+03 -9.999000000000000000e+03 -9.999000000000000000e+03 2.015440000000000055e+03 2.005185999999999922e+03 1.998137999999999920e+03 1.988144000000000005e+03 1.973484999999999900e+03 1.963940000000000055e+03 1.952685999999999922e+03 1.941720000000000027e+03 1.926516000000000076e+03 1.914442000000000007e+03 1.909493999999999915e+03 1.901255000000000109e+03 1.892984999999999900e+03 1.889019000000000005e+03 1.878995499999999993e+03 1.880872000000000071e+03 1.897480000000000018e+03 -9.999000000000000000e+03
2.044997000000000071e+03 2.038606999999999971e+03 2.030585000000000036e+03 2.021732999999999947e+03 2.016140000000000100e+03 2.013460000000000036e+03 2.010396999999999935e+03 2.004490000000000009e+03 1.997838999999999942e+03 1.990776000000000067e+03 1.979882000000000062e+03 1.976971000000000004e+03 1.992586000000000013e+03 2.002736000000000104e+03 2.008961000000000013e+03 -9.999000000000000000e+03 -9.999000000000000000e+03 -9.999000000000000000e+03 -9.999000000000000000e+03 -9.999000000000000000e+03 2.007914999999999964e+03 1.998898999999999887e+03 1.984637999999999920e+03 1.970509999999999991e+03 1.961200000000000045e+03 1.948309999999999945e+03 1.937673000000000002e+03 1.926942999999999984e+03 1.925295000000000073e+03 1.918531999999999925e+03 1.907506000000000085e+03 1.899740999999999985e+03 1.890848999999999933e+03 1.878369999999999891e+03 1.876859999999999900e+03 -9.999000000000000000e+03 -9.999000000000000000e+03
2.057596000000000004e+03 2.047164999999999964e+03 2.036971000000000004e+03 2.037413000000000011e+03 2.030301999999999907e+03 2.023016000000000076e+03 2.017713999999999942e+03 2.010548000000000002e+03 2.002971000000000004e+03 1.988617999999999938e+03 1.981525000000000091e+03 1.986493999999999915e+03 1.998457000000000107e+03 2.009904999999999973e+03 -9.999000000000000000e+03 -9.999000000000000000e+03 -9.999000000000000000e+03 -9.999000000000000000e+03 -9.999000000000000000e+03 -9.999000000000000000e+03 -9.999000000000000000e+03 1.998211999999999989e+03 1.979674999999999955e+03 1.964827999999999975e+03 1.958895999999999958e+03 1.952065000000000055e+03 1.944362000000000080e+03 1.935849999999999909e+03 1.929173000000000002e+03 1.916531999999999925e+03 1.907299999999999955e+03 1.901333000000000084e+03 1.892405999999999949e+03 1.880769999999999982e+03 1.875265000000000100e+03 -9.999000000000000000e+03 -9.999000000000000000e+03
2.066789000000000215e+03 2.058081999999999880e+03 2.052449999999999818e+03 2.046861000000000104e+03 2.040419000000000096e+03 2.031848999999999933e+03 2.021301999999999907e+03 2.010977000000000089e+03 2.002000999999999976e+03 1.998086000000000013e+03 1.989941000000000031e+03 1.988795000000000073e+03 2.001441000000000031e+03 2.010836000000000013e+03 -9.999000000000000000e+03 -9.999000000000000000e+03 -9.999000000000000000e+03 -9.999000000000000000e+03 -9.999000000000000000e+03 -9.999000000000000000e+03 -9.999000000000000000e+03 -9.999000000000000000e+03 -9.999000000000000000e+03 -9.999000000000000000e+03 -9.999000000000000000e+03 -9.999000000000000000e+03 -9.999000000000000000e+03 1.941579999999999927e+03 1.926971999999999980e+03 1.917380000000000109e+03 1.915593000000000075e+03 -9.999000000000000000e+03 -9.999000000000000000e+03 -9.999000000000000000e+03 -9.999000000000000000e+03 -9.999000000000000000e+03 -9.999000000000000000e+03
2.075090000000000146e+03 2.066608000000000175e+03 2.058777000000000044e+03 2.051364999999999782e+03 2.043988000000000056e+03 2.032414999999999964e+03 2.022424999999999955e+03 2.015086999999999989e+03 2.010045000000000073e+03 2.003556000000000040e+03 2.001730000000000018e+03 1.992391000000000076e+03 2.002957000000000107e+03 2.014034000000000106e+03 -9.999000000000000000e+03 -9.999000000000000000e+03 -9.999000000000000000e+03 -9.999000000000000000e+03 -9.999000000000000000e+03 -9.999000000000000000e+03 -9.999000000000000000e+03 -9.999000000000000000e+03 -9.999000000000000000e+03 -9.999000000000000000e+03 -9.999000000000000000e+03 -9.999000000000000000e+03 -9.999000000000000000e+03 -9.999000000000000000e+03 -9.999000000000000000e+03 -9.999000000000000000e+03 -9.999000000000000000e+03 -9.999000000000000000e+03 -9.999000000000000000e+03 -9.999000000000000000e+03 -9.999000000000000000e+03 -9.999000000000000000e+03 -9.999000000000000000e+03
2.074864999999999782e+03 2.064010000000000218e+03 2.054360999999999876e+03 2.046089999999999918e+03 2.038288999999999987e+03 2.031654999999999973e+03 2.027825000000000045e+03 2.022239000000000033e+03 2.012557000000000016e+03 2.003786000000000058e+03 2.001730000000000018e+03 2.006699000000000069e+03 -9.999000000000000000e+03 -9.999000000000000000e+03 -9.999000000000000000e+03 -9.999000000000000000e+03 -9.999000000000000000e+03 -9.999000000000000000e+03 -9.999000000000000000e+03 -9.999000000000000000e+03 -9.999000000000000000e+03 -9.999000000000000000e+03 -9.999000000000000000e+03 -9.999000000000000000e+03 -9.999000000000000000e+03 -9.999000000000000000e+03 -9.999000000000000000e+03 -9.999000000000000000e+03 -9.999000000000000000e+03 -9.999000000000000000e+03 -9.999000000000000000e+03 -9.999000000000000000e+03 -9.999000000000000000e+03 -9.999000000000000000e+03 -9.999000000000000000e+03 -9.999000000000000000e+03 -9.999000000000000000e+03
2.072398999999999887e+03 2.061744999999999891e+03 2.051472000000000207e+03 2.045189000000000078e+03 2.035617999999999938e+03 2.029963999999999942e+03 2.025377999999999929e+03 2.018387999999999920e+03 2.012539999999999964e+03 2.012461000000000013e+03 -9.999000000000000000e+03 -9.999000000000000000e+03 -9.999000000000000000e+03 -9.999000000000000000e+03 -9.999000000000000000e+03 -9.999000000000000000e+03 -9.999000000000000000e+03 -9.999000000000000000e+03 -9.999000000000000000e+03 -9.999000000000000000e+03 -9.999000000000000000e+03 -9.999000000000000000e+03 -9.999000000000000000e+03 -9.999000000000000000e+03 -9.999000000000000000e+03 -9.999000000000000000e+03 -9.999000000000000000e+03 -9.999000000000000000e+03 -9.999000000000000000e+03 -9.999000000000000000e+03 -9.999000000000000000e+03 -9.999000000000000000e+03 -9.999000000000000000e+03 -9.999000000000000000e+03 -9.999000000000000000e+03 -9.999000000000000000e+03 -9.999000000000000000e+03
2.064731000000000222e+03 2.058753000000000156e+03 2.050963000000000193e+03 2.046608999999999924e+03 2.037089999999999918e+03 2.033549999999999955e+03 2.025084000000000060e+03 2.018971999999999980e+03 -9.999000000000000000e+03 -9.999000000000000000e+03 -9.999000000000000000e+03 -9.999000000000000000e+03 -9.999000000000000000e+03 -9.999000000000000000e+03 -9.999000000000000000e+03 -9.999000000000000000e+03 -9.999000000000000000e+03 -9.999000000000000000e+03 -9.999000000000000000e+03 -9.999000000000000000e+03 -9.999000000000000000e+03 -9.999000000000000000e+03 -9.999000000000000000e+03 -9.999000000000000000e+03 -9.999000000000000000e+03 -9.999000000000000000e+03 -9.999000000000000000e+03 -9.999000000000000000e+03 -9.999000000000000000e+03 -9.999000000000000000e+03 -9.999000000000000000e+03 -9.999000000000000000e+03 -9.999000000000000000e+03 -9.999000000000000000e+03 -9.999000000000000000e+03 -9.999000000000000000e+03 -9.999000000000000000e+03
2.069943999999999960e+03 2.061869000000000142e+03 2.054969999999999800e+03 2.050119999999999891e+03 2.046931000000000040e+03 2.037951000000000022e+03 2.027102000000000089e+03 -9.999000000000000000e+03 -9.999000000000000000e+03 -9.999000000000000000e+03 -9.999000000000000000e+03 -9.999000000000000000e+03 -9.999000000000000000e+03 -9.999000000000000000e+03 -9.999000000000000000e+03 -9.999000000000000000e+03 -9.999000000000000000e+03 -9.999000000000000000e+03 -9.999000000000000000e+03 -9.999000000000000000e+03 -9.999000000000000000e+03 -9.999000000000000000e+03 -9.999000000000000000e+03 -9.999000000000000000e+03 -9.999000000000000000e+03 -9.999000000000000000e+03 -9.999000000000000000e+03 -9.999000000000000000e+03 -9.999000000000000000e+03 -9.999000000000000000e+03 -9.999000000000000000e+03 -9.999000000000000000e+03 -9.999000000000000000e+03 -9.999000000000000000e+03 -9.999000000000000000e+03 -9.999000000000000000e+03 -9.999000000000000000e+03
2.073143999999999778e+03 2.064617000000000189e+03 2.053858000000000175e+03 2.047726000000000113e+03 2.042643000000000029e+03 2.037951000000000022e+03 -9.999000000000000000e+03 -9.999000000000000000e+03 -9.999000000000000000e+03 -9.999000000000000000e+03 -9.999000000000000000e+03 -9.999000000000000000e+03 -9.999000000000000000e+03 -9.999000000000000000e+03 -9.999000000000000000e+03 -9.999000000000000000e+03 -9.999000000000000000e+03 -9.999000000000000000e+03 -9.999000000000000000e+03 -9.999000000000000000e+03 -9.999000000000000000e+03 -9.999000000000000000e+03 -9.999000000000000000e+03 -9.999000000000000000e+03 -9.999000000000000000e+03 -9.999000000000000000e+03 -9.999000000000000000e+03 -9.999000000000000000e+03 -9.999000000000000000e+03 -9.999000000000000000e+03 -9.999000000000000000e+03 -9.999000000000000000e+03 -9.999000000000000000e+03 -9.999000000000000000e+03 -9.999000000000000000e+03 -9.999000000000000000e+03 -9.999000000000000000e+03
