examples/overland_flow/examples/SC_30m_Mar17.asc
nrows 260
cellsize 30.0
xllcorner 0.0
ncols 272
yllcorner 0.0
[rows 48 to 63 of 260, columns 185 to 221 of 272]
2.069456999999999880e+03 2.077527000000000044e+03 2.088378999999999905e+03 2.088884000000000015e+03 2.081068999999999960e+03 2.070576000000000022e+03 2.067242999999999938e+03 2.063942000000000007e+03 2.053637000000000171e+03 2.043460000000000036e+03 2.034227000000000089e+03 2.026353000000000065e+03 2.012086000000000013e+03 2.007494999999999891e+03 2.002232999999999947e+03 1.990961999999999989e+03 1.983801999999999907e+03 1.975887999999999920e+03 1.963711999999999989e+03 1.958169000000000096e+03 1.952005000000000109e+03 1.949466333333333296e+03 1.948926999999999907e+03 1.951984999999999900e+03 1.950736000000000104e+03 1.954268000000000029e+03 1.967371000000000095e+03 1.970886999999999944e+03 1.971955999999999904e+03 1.972789999999999964e+03 1.974179000000000087e+03 1.981230000000000018e+03 1.975625000000000000e+03 1.978001999999999953e+03 1.979478000000000065e+03 1.972271999999999935e+03 1.973038999999999987e+03
2.062385000000000218e+03 2.074253999999999905e+03 2.080219000000000051e+03 2.083882000000000062e+03 2.076791999999999916e+03 2.070159000000000106e+03 2.057961999999999989e+03 2.053429999999999836e+03 2.051445999999999913e+03 2.042388999999999896e+03 2.035222999999999956e+03 2.029085000000000036e+03 2.024839999999999918e+03 2.013042999999999893e+03 2.001281999999999925e+03 1.989000999999999976e+03 1.978614000000000033e+03 1.969528000000000020e+03 1.957660000000000082e+03 1.950914999999999964e+03 1.950668333333333294e+03 1.950545000000000073e+03 1.958992999999999938e+03 1.966477000000000089e+03 1.960647999999999911e+03 1.959324000000000069e+03 1.971867999999999938e+03 1.981123000000000047e+03 1.985800999999999931e+03 1.989394999999999982e+03 1.992109999999999900e+03 1.992574000000000069e+03 1.987570999999999913e+03 1.992699000000000069e+03 1.990330999999999904e+03 1.985090999999999894e+03 1.981993999999999915e+03
2.058144999999999982e+03 2.064483000000000175e+03 2.070583000000000084e+03 2.077059000000000196e+03 2.074007999999999811e+03 2.062048999999999978e+03 2.054518999999999778e+03 2.046538000000000011e+03 2.038824000000000069e+03 2.036030999999999949e+03 2.031511999999999944e+03 2.025955999999999904e+03 2.018163999999999987e+03 2.011576999999999998e+03 2.002826000000000022e+03 1.992609999999999900e+03 1.982871000000000095e+03 1.974611000000000104e+03 1.958087999999999965e+03 1.951775666666666666e+03 1.954385999999999967e+03 1.960211000000000013e+03 1.966537000000000035e+03 1.975717000000000098e+03 1.971666999999999916e+03 1.962230000000000018e+03 1.970852000000000089e+03 1.982913999999999987e+03 1.994894999999999982e+03 2.001429000000000087e+03 2.002971000000000004e+03 2.003449000000000069e+03 1.998691000000000031e+03 2.005374000000000024e+03 2.003648999999999887e+03 1.999330999999999904e+03 1.989522999999999911e+03
2.045515000000000100e+03 2.053264000000000124e+03 2.065414999999999964e+03 2.070771999999999935e+03 2.070250000000000000e+03 2.059721000000000004e+03 2.049579999999999927e+03 2.043306000000000040e+03 2.033991999999999962e+03 2.024777000000000044e+03 2.023009000000000015e+03 2.015557999999999993e+03 2.011631000000000085e+03 2.003759999999999991e+03 1.996621000000000095e+03 1.990426999999999907e+03 1.980250999999999976e+03 1.969867999999999938e+03 1.956136999999999944e+03 1.953497000000000071e+03 1.966773999999999887e+03 1.973048999999999978e+03 1.980298999999999978e+03 1.982037000000000035e+03 1.982316000000000031e+03 1.976538000000000011e+03 1.972747333333333472e+03 1.979558999999999969e+03 1.996067999999999984e+03 2.009513999999999896e+03 2.020035000000000082e+03 2.015623000000000047e+03 2.011659000000000106e+03 2.015291999999999916e+03 2.016855000000000018e+03 2.011087999999999965e+03 2.004700000000000045e+03
2.027711000000000013e+03 2.045260999999999967e+03 2.058677000000000135e+03 2.062666000000000167e+03 2.060923999999999978e+03 2.057402000000000044e+03 2.051465000000000146e+03 2.040866999999999962e+03 2.033682999999999993e+03 2.026117999999999938e+03 2.014569999999999936e+03 2.009939000000000078e+03 2.000930000000000064e+03 1.997018000000000029e+03 1.986183999999999969e+03 1.981634000000000015e+03 1.973096999999999980e+03 1.967461999999999989e+03 1.957333499999999958e+03 1.961541999999999916e+03 1.974096000000000004e+03 1.986637999999999920e+03 1.993444999999999936e+03 1.993083000000000084e+03 1.988160000000000082e+03 1.982627999999999929e+03 1.979242999999999938e+03 1.980045000000000073e+03 1.991560999999999922e+03 2.009594000000000051e+03 2.028193999999999960e+03 2.027835000000000036e+03 2.025467000000000098e+03 2.027614000000000033e+03 2.025657999999999902e+03 2.021586999999999989e+03 2.016297000000000025e+03
2.020384000000000015e+03 2.036314000000000078e+03 2.046574000000000069e+03 2.053860999999999876e+03 2.054576000000000022e+03 2.053298999999999978e+03 2.046377999999999929e+03 2.039398999999999887e+03 2.037318999999999960e+03 2.028130000000000109e+03 2.018162000000000035e+03 2.011990999999999985e+03 2.002516000000000076e+03 1.994615999999999985e+03 1.986404999999999973e+03 1.979843000000000075e+03 1.975551999999999907e+03 1.962806000000000040e+03 1.958529999999999973e+03 1.966178000000000111e+03 1.983740000000000009e+03 1.996414999999999964e+03 2.002676999999999907e+03 2.003242999999999938e+03 1.991964999999999918e+03 1.986558999999999969e+03 1.991135999999999967e+03 1.984545000000000073e+03 1.987570999999999913e+03 2.005692999999999984e+03 2.025173999999999978e+03 2.029276000000000067e+03 2.037513999999999896e+03 2.039070999999999913e+03 2.036208000000000084e+03 2.031392000000000053e+03 2.027241999999999962e+03
2.015451999999999998e+03 2.025436999999999898e+03 2.039685999999999922e+03 2.045814000000000078e+03 2.048681000000000040e+03 2.051476999999999862e+03 2.043398999999999887e+03 2.035292999999999893e+03 2.027906999999999925e+03 2.023361000000000104e+03 2.014152000000000044e+03 2.009799999999999955e+03 1.999634999999999991e+03 1.995743999999999915e+03 1.988548999999999978e+03 1.984359999999999900e+03 1.977229000000000042e+03 1.961299600000000055e+03 1.960923000000000002e+03 1.974000999999999976e+03 1.987958000000000084e+03 2.002404999999999973e+03 2.014724999999999909e+03 2.010986000000000104e+03 2.003066000000000031e+03 1.995943999999999960e+03 1.998788000000000011e+03 1.997999000000000024e+03 1.988427999999999884e+03 1.997941000000000031e+03 2.010182999999999993e+03 2.025676999999999907e+03 2.037923999999999978e+03 2.044473999999999933e+03 2.047421000000000049e+03 2.043298000000000002e+03 2.037903999999999996e+03
2.012698000000000093e+03 2.018528000000000020e+03 2.031086999999999989e+03 2.041561999999999898e+03 2.047133000000000038e+03 2.049788000000000011e+03 2.044086999999999989e+03 2.037394999999999982e+03 2.029958000000000084e+03 2.024011999999999944e+03 2.020265000000000100e+03 2.013426999999999907e+03 2.006393000000000029e+03 1.999952999999999975e+03 1.991959000000000060e+03 1.986861000000000104e+03 1.973185999999999922e+03 1.961676200000000108e+03 1.963079999999999927e+03 1.981086999999999989e+03 1.996423999999999978e+03 2.007230000000000018e+03 2.021653000000000020e+03 2.022280999999999949e+03 2.011346999999999980e+03 2.003304000000000087e+03 2.008585000000000036e+03 2.002131000000000085e+03 1.990142000000000053e+03 1.998588999999999942e+03 2.012369999999999891e+03 2.023353000000000065e+03 2.034019000000000005e+03 2.046349999999999909e+03 2.055467000000000098e+03 2.056452000000000226e+03 2.051351000000000113e+03
2.007807000000000016e+03 2.013057999999999993e+03 2.026596000000000004e+03 2.037421000000000049e+03 2.040891000000000076e+03 2.044319999999999936e+03 2.043101000000000113e+03 2.040344000000000051e+03 2.040134000000000015e+03 2.037982999999999947e+03 2.025119999999999891e+03 2.010964999999999918e+03 2.005119999999999891e+03 1.996183999999999969e+03 1.990026000000000067e+03 1.981695999999999913e+03 1.968179000000000087e+03 1.962052799999999934e+03 1.971688000000000102e+03 1.984153000000000020e+03 1.995615000000000009e+03 2.010893000000000029e+03 2.026069999999999936e+03 2.028131000000000085e+03 2.020974999999999909e+03 2.012916999999999916e+03 2.016087999999999965e+03 2.002153999999999996e+03 1.993965999999999894e+03 2.005050999999999931e+03 2.021991999999999962e+03 2.028305000000000064e+03 2.038266000000000076e+03 2.047769000000000005e+03 2.054842000000000098e+03 2.063251999999999953e+03 2.063346000000000004e+03
2.001454999999999927e+03 2.008732999999999947e+03 2.017115999999999985e+03 2.022094000000000051e+03 2.033973999999999933e+03 2.038685999999999922e+03 2.037758000000000038e+03 2.039223999999999933e+03 2.037205999999999904e+03 2.031888999999999896e+03 2.020838999999999942e+03 2.011286000000000058e+03 2.001388999999999896e+03 1.990289999999999964e+03 1.983362000000000080e+03 1.975955999999999904e+03 1.965952375000000075e+03 1.965913000000000011e+03 1.980356999999999971e+03 1.985577999999999975e+03 1.991656999999999925e+03 2.007544000000000096e+03 2.018240000000000009e+03 2.027263999999999896e+03 2.025173000000000002e+03 2.024351000000000113e+03 2.019999000000000024e+03 2.008553000000000111e+03 1.996846999999999980e+03 2.001342000000000098e+03 2.012509000000000015e+03 2.023669000000000096e+03 2.035854000000000042e+03 2.043849999999999909e+03 2.053519999999999982e+03 2.062804999999999836e+03 2.069610000000000127e+03
1.999139000000000124e+03 1.998480000000000018e+03 2.003208000000000084e+03 2.014907999999999902e+03 2.019675999999999931e+03 2.028559999999999945e+03 2.026679000000000087e+03 2.030201000000000022e+03 2.025837999999999965e+03 2.023222999999999956e+03 2.015833000000000084e+03 2.006211000000000013e+03 1.997469000000000051e+03 1.990039999999999964e+03 1.979018000000000029e+03 1.966031124999999975e+03 1.965991750000000138e+03 1.973891000000000076e+03 1.986148999999999887e+03 1.992314000000000078e+03 1.996501999999999953e+03 2.001394999999999982e+03 2.015122000000000071e+03 2.027409000000000106e+03 2.030807000000000016e+03 2.032220000000000027e+03 2.025292999999999893e+03 2.015255000000000109e+03 2.000430000000000064e+03 2.005239000000000033e+03 2.009829999999999927e+03 2.022659000000000106e+03 2.033588999999999942e+03 2.042262999999999920e+03 2.053134000000000015e+03 2.061005999999999858e+03 2.071125000000000000e+03
2.011380000000000109e+03 1.997820999999999913e+03 1.989704999999999927e+03 2.002342000000000098e+03 2.011528999999999996e+03 2.015314000000000078e+03 2.014605000000000018e+03 2.020207000000000107e+03 2.018267000000000053e+03 2.010916999999999916e+03 2.008982999999999947e+03 1.999324000000000069e+03 1.991595000000000027e+03 1.981773999999999887e+03 1.972424999999999955e+03 1.966070500000000038e+03 1.966228000000000065e+03 1.983936999999999898e+03 1.992208000000000084e+03 1.999904999999999973e+03 2.003835000000000036e+03 2.003723999999999933e+03 2.010506000000000085e+03 2.016086000000000013e+03 2.025325000000000045e+03 2.038351000000000113e+03 2.030559999999999945e+03 2.016045000000000073e+03 2.006256000000000085e+03 2.012476000000000113e+03 2.021709000000000060e+03 2.022435999999999922e+03 2.030801999999999907e+03 2.042215999999999894e+03 2.053726000000000113e+03 2.061699000000000069e+03 2.073469999999999800e+03
2.015153999999999996e+03 2.007396999999999935e+03 1.989404999999999973e+03 1.986329999999999927e+03 1.998273999999999887e+03 2.004340999999999894e+03 2.003805000000000064e+03 2.007412000000000035e+03 2.008780999999999949e+03 2.004458000000000084e+03 1.995997000000000071e+03 1.991325000000000045e+03 1.979717000000000098e+03 1.970667999999999893e+03 1.966149249999999938e+03 1.966109875000000102e+03 1.973143000000000029e+03 1.987162000000000035e+03 1.997160000000000082e+03 2.008564000000000078e+03 2.014851000000000113e+03 2.013239000000000033e+03 2.014919000000000096e+03 2.017593000000000075e+03 2.024330999999999904e+03 2.036338999999999942e+03 2.033923000000000002e+03 2.015429000000000087e+03 2.012412000000000035e+03 2.022150000000000091e+03 2.030628999999999905e+03 2.035316000000000031e+03 2.037272999999999911e+03 2.044594000000000051e+03 2.049112000000000080e+03 2.058887999999999920e+03 2.070335999999999785e+03
2.023486000000000104e+03 2.014771999999999935e+03 1.995359999999999900e+03 1.982486000000000104e+03 1.986605999999999995e+03 1.990530999999999949e+03 1.991698000000000093e+03 1.997123000000000047e+03 1.997615000000000009e+03 1.994865999999999985e+03 1.983005000000000109e+03 1.975044000000000096e+03 1.969549999999999955e+03 1.968990999999999985e+03 1.968432000000000016e+03 1.971516000000000076e+03 1.979634000000000015e+03 1.993152000000000044e+03 2.004551999999999907e+03 2.010461999999999989e+03 2.017990999999999985e+03 2.025270999999999958e+03 2.025682000000000016e+03 2.023500000000000000e+03 2.026075000000000045e+03 2.032041999999999916e+03 2.031288000000000011e+03 2.020646999999999935e+03 2.016618999999999915e+03 2.027678000000000111e+03 2.035125000000000000e+03 2.040424999999999955e+03 2.044567000000000007e+03 2.047855999999999995e+03 2.056596000000000004e+03 2.062280999999999949e+03 2.066092000000000098e+03
2.012209000000000060e+03 2.003311999999999898e+03 1.994775000000000091e+03 1.979575000000000045e+03 1.978618999999999915e+03 1.978910000000000082e+03 1.978828999999999951e+03 1.981599999999999909e+03 1.985786000000000058e+03 1.977682999999999993e+03 1.972102000000000089e+03 1.972049333333333379e+03 1.972022999999999911e+03 1.971849999999999909e+03 1.982496000000000095e+03 1.984630000000000109e+03 1.982884999999999991e+03 1.996436999999999898e+03 2.008986000000000104e+03 2.018249000000000024e+03 2.024246000000000095e+03 2.031978000000000065e+03 2.034347999999999956e+03 2.026008000000000038e+03 2.030986000000000104e+03 2.037135999999999967e+03 2.034651000000000067e+03 2.023441000000000031e+03 2.024833000000000084e+03 2.032823000000000093e+03 2.038574000000000069e+03 2.043173999999999978e+03 2.048177000000000135e+03 2.053563999999999851e+03 2.062197000000000116e+03 2.068355000000000018e+03 2.071996999999999844e+03
1.995709000000000060e+03 1.992900000000000091e+03 1.987488000000000056e+03 1.978278000000000020e+03 1.977106499999999869e+03 1.976520749999999907e+03 1.975934999999999945e+03 1.975855800000000045e+03 1.975816199999999981e+03 1.975776600000000144e+03 1.975737000000000080e+03 1.978662000000000035e+03 1.983859999999999900e+03 1.985646999999999935e+03 1.987746000000000095e+03 1.995508000000000038e+03 1.986776000000000067e+03 2.002434999999999945e+03 2.010788999999999987e+03 2.023162000000000035e+03 2.033869999999999891e+03 2.039006000000000085e+03 2.036901000000000067e+03 2.036462999999999965e+03 2.039099999999999909e+03 2.042277000000000044e+03 2.040378999999999905e+03 2.029807000000000016e+03 2.027326000000000022e+03 2.038020999999999958e+03 2.043249000000000024e+03 2.049755000000000109e+03 2.054900999999999840e+03 2.060956000000000131e+03 2.064603000000000065e+03 2.070615999999999985e+03 2.075547999999999774e+03
