examples/overland_flow/examples/SC_30m_Mar17.asc
nrows 260
cellsize 30.0
xllcorner 0.0
ncols 272
yllcorner 0.0
[rows 64 to 79 of 260, columns 148 to 184 of 272]
2.196264000000000124e+03 2.199382000000000062e+03 2.199398999999999887e+03 2.196996999999999844e+03 2.194422000000000025e+03 2.180844000000000051e+03 2.175865999999999985e+03 2.171547999999999774e+03 2.160934999999999945e+03 2.148778999999999996e+03 2.130588000000000193e+03 2.114713999999999942e+03 2.103625000000000000e+03 2.089431999999999789e+03 2.097326000000000022e+03 2.100324000000000069e+03 2.096021000000000186e+03 2.102898999999999887e+03 2.102965999999999894e+03 2.107844000000000051e+03 2.108224999999999909e+03 2.101273999999999887e+03 2.093847999999999956e+03 2.083989999999999782e+03 2.076509000000000015e+03 2.074289999999999964e+03 2.070271000000000186e+03 2.064641999999999825e+03 2.053612000000000080e+03 2.045442000000000007e+03 2.030791999999999916e+03 2.009393000000000029e+03 2.007763999999999896e+03 2.011400000000000091e+03 2.001455999999999904e+03 1.998277000000000044e+03 1.990448000000000093e+03
2.178570000000000164e+03 2.177599999999999909e+03 2.178739000000000033e+03 2.178016000000000076e+03 2.176235000000000127e+03 2.172458000000000084e+03 2.163456000000000131e+03 2.160032000000000153e+03 2.152653999999999996e+03 2.142262000000000171e+03 2.125987999999999829e+03 2.113014999999999873e+03 2.099213000000000193e+03 2.083583000000000084e+03 2.079284000000000106e+03 2.080532999999999902e+03 2.089222999999999956e+03 2.084625000000000000e+03 2.082490999999999985e+03 2.080789000000000215e+03 2.087342000000000098e+03 2.088278999999999996e+03 2.075684000000000196e+03 2.065960999999999785e+03 2.062257999999999811e+03 2.061313000000000102e+03 2.061585999999999785e+03 2.056856000000000222e+03 2.050387000000000171e+03 2.035190000000000055e+03 2.018630000000000109e+03 2.006383000000000038e+03 2.000249000000000024e+03 1.997595000000000027e+03 1.992474999999999909e+03 1.986012999999999920e+03 1.985375000000000000e+03
2.163606999999999971e+03 2.164688000000000102e+03 2.160833000000000084e+03 2.162509000000000015e+03 2.160494999999999891e+03 2.159818000000000211e+03 2.154173999999999978e+03 2.146885999999999967e+03 2.144128999999999905e+03 2.136487999999999829e+03 2.124021000000000186e+03 2.114146999999999935e+03 2.098476000000000113e+03 2.086641999999999825e+03 2.077760000000000218e+03 2.065050000000000182e+03 2.072576000000000022e+03 2.075273999999999887e+03 2.061744000000000142e+03 2.060726999999999862e+03 2.061605000000000018e+03 2.060889000000000124e+03 2.058550999999999931e+03 2.047647999999999911e+03 2.039372000000000071e+03 2.042559999999999945e+03 2.045601000000000113e+03 2.046125999999999976e+03 2.031682000000000016e+03 2.015050999999999931e+03 2.003734999999999900e+03 1.992111000000000104e+03 1.991424600000000055e+03 1.991081400000000031e+03 1.990738200000000006e+03 1.990394999999999982e+03 1.989413000000000011e+03
2.147074999999999818e+03 2.151402000000000044e+03 2.151010999999999967e+03 2.149224000000000160e+03 2.146592999999999847e+03 2.144000000000000000e+03 2.140905999999999949e+03 2.138065000000000055e+03 2.132152999999999793e+03 2.128206999999999880e+03 2.121581999999999880e+03 2.111958000000000084e+03 2.097844000000000051e+03 2.088182999999999993e+03 2.073742999999999938e+03 2.063900000000000091e+03 2.051251999999999953e+03 2.060393000000000029e+03 2.057521000000000186e+03 2.044376999999999953e+03 2.039943999999999960e+03 2.039817000000000007e+03 2.035173999999999978e+03 2.025265000000000100e+03 2.006287000000000035e+03 2.011907999999999902e+03 2.016736000000000104e+03 2.016650000000000091e+03 2.011645999999999958e+03 1.995046000000000049e+03 1.992232500000000073e+03 1.992171749999999975e+03 1.992354000000000042e+03 1.993950000000000045e+03 1.998980000000000018e+03 2.002730000000000018e+03 2.001279999999999973e+03
2.134574999999999818e+03 2.138018000000000029e+03 2.140476999999999862e+03 2.140152000000000044e+03 2.133494999999999891e+03 2.131396000000000186e+03 2.128949999999999818e+03 2.126543000000000120e+03 2.122389000000000124e+03 2.114945999999999913e+03 2.109797000000000025e+03 2.107764999999999873e+03 2.101018000000000029e+03 2.089387999999999920e+03 2.075427999999999884e+03 2.065083000000000084e+03 2.047247000000000071e+03 2.044786000000000058e+03 2.050159000000000106e+03 2.040729000000000042e+03 2.022749000000000024e+03 2.021202999999999975e+03 2.012779999999999973e+03 2.003859999999999900e+03 1.998744999999999891e+03 1.997402000000000044e+03 1.997288000000000011e+03 1.996425999999999931e+03 1.995735999999999876e+03 1.995391000000000076e+03 1.997402000000000044e+03 2.003674999999999955e+03 2.005059999999999945e+03 2.005858999999999924e+03 2.011352000000000089e+03 2.011999000000000024e+03 2.013655999999999949e+03
2.123913000000000011e+03 2.126686999999999898e+03 2.130114999999999782e+03 2.127724000000000160e+03 2.125030000000000200e+03 2.118684999999999945e+03 2.117242000000000189e+03 2.114670999999999822e+03 2.108534000000000106e+03 2.105195999999999913e+03 2.096235999999999876e+03 2.096478000000000065e+03 2.097224000000000160e+03 2.081873999999999796e+03 2.071456000000000131e+03 2.060960000000000036e+03 2.051119000000000142e+03 2.037353000000000065e+03 2.026894000000000005e+03 2.028441000000000031e+03 2.018744999999999891e+03 2.008202999999999975e+03 2.008011999999999944e+03 2.006294000000000096e+03 2.002654999999999973e+03 2.003398999999999887e+03 2.008353000000000065e+03 2.002898999999999887e+03 2.003786000000000058e+03 2.001894000000000005e+03 2.006054000000000087e+03 2.011492999999999938e+03 2.016700000000000045e+03 2.015621000000000095e+03 2.021568999999999960e+03 2.025471999999999980e+03 2.021843000000000075e+03
2.116809999999999945e+03 2.116222999999999956e+03 2.118000000000000000e+03 2.116213999999999942e+03 2.112574000000000069e+03 2.111829000000000178e+03 2.104485999999999876e+03 2.100835999999999785e+03 2.097909999999999854e+03 2.091239999999999782e+03 2.087697000000000116e+03 2.088304000000000087e+03 2.085916999999999916e+03 2.076364000000000033e+03 2.065244999999999891e+03 2.053768000000000029e+03 2.046554000000000087e+03 2.040132000000000062e+03 2.024049999999999955e+03 2.014950000000000045e+03 2.010611666666666679e+03 2.009567000000000007e+03 2.017551999999999907e+03 2.014535000000000082e+03 2.008741999999999962e+03 2.014410000000000082e+03 2.019756000000000085e+03 2.024305000000000064e+03 2.024952999999999975e+03 2.015436999999999898e+03 2.018566000000000031e+03 2.020496000000000095e+03 2.026696999999999889e+03 2.024113000000000056e+03 2.029198000000000093e+03 2.036278000000000020e+03 2.036258000000000038e+03
2.111778999999999996e+03 2.104800999999999931e+03 2.106849999999999909e+03 2.105659000000000106e+03 2.101485000000000127e+03 2.098764999999999873e+03 2.096356999999999971e+03 2.087286000000000058e+03 2.086588999999999942e+03 2.078606000000000222e+03 2.074402999999999793e+03 2.078746999999999844e+03 2.069655000000000200e+03 2.066315000000000055e+03 2.056967000000000098e+03 2.049168999999999869e+03 2.038292999999999893e+03 2.035832000000000107e+03 2.022903000000000020e+03 2.013131499999999960e+03 2.012701000000000022e+03 2.019357999999999947e+03 2.027097999999999956e+03 2.021421000000000049e+03 2.013424999999999955e+03 2.024013999999999896e+03 2.031353000000000065e+03 2.035525000000000091e+03 2.035846999999999980e+03 2.029551999999999907e+03 2.030673999999999978e+03 2.033907999999999902e+03 2.037026000000000067e+03 2.031497000000000071e+03 2.034432000000000016e+03 2.046596999999999980e+03 2.048438999999999851e+03
2.110175999999999931e+03 2.098663000000000011e+03 2.095771999999999935e+03 2.097135000000000218e+03 2.094320999999999913e+03 2.087525999999999840e+03 2.084590000000000146e+03 2.079512000000000171e+03 2.073157999999999902e+03 2.066867999999999938e+03 2.057860999999999876e+03 2.055740999999999985e+03 2.055338999999999942e+03 2.046115999999999985e+03 2.039569999999999936e+03 2.038759999999999991e+03 2.030584000000000060e+03 2.022835000000000036e+03 2.014423000000000002e+03 2.013561999999999898e+03 2.021521999999999935e+03 2.028923999999999978e+03 2.036439000000000078e+03 2.026869999999999891e+03 2.018287000000000035e+03 2.031098999999999933e+03 2.038171000000000049e+03 2.042217000000000098e+03 2.039608999999999924e+03 2.041438000000000102e+03 2.040480999999999995e+03 2.043935999999999922e+03 2.049206000000000131e+03 2.044311999999999898e+03 2.042159000000000106e+03 2.048606999999999971e+03 2.058503999999999905e+03
2.100476000000000113e+03 2.099635000000000218e+03 2.089518999999999778e+03 2.087168999999999869e+03 2.083405000000000200e+03 2.077675000000000182e+03 2.072590999999999894e+03 2.065985000000000127e+03 2.062869999999999891e+03 2.052335000000000036e+03 2.041340999999999894e+03 2.031875000000000000e+03 2.028426999999999907e+03 2.028963999999999942e+03 2.024733999999999924e+03 2.022795000000000073e+03 2.020675999999999931e+03 2.017319999999999936e+03 2.015388666666666722e+03 2.022944999999999936e+03 2.024720000000000027e+03 2.032513999999999896e+03 2.039458000000000084e+03 2.033574000000000069e+03 2.021589999999999918e+03 2.033836999999999989e+03 2.043073000000000093e+03 2.049369999999999891e+03 2.049402999999999793e+03 2.048452999999999975e+03 2.049483999999999924e+03 2.049516000000000076e+03 2.059251000000000204e+03 2.059686999999999898e+03 2.056271000000000186e+03 2.056188999999999851e+03 2.066788000000000011e+03
2.096802000000000135e+03 2.091027999999999793e+03 2.088731000000000222e+03 2.078262999999999920e+03 2.074824000000000069e+03 2.067983999999999924e+03 2.061027000000000044e+03 2.050699000000000069e+03 2.045710000000000036e+03 2.040053000000000111e+03 2.024711000000000013e+03 2.023472999999999956e+03 2.023314000000000078e+03 2.020907999999999902e+03 2.020780666666666775e+03 2.020717000000000098e+03 2.020311333333333323e+03 2.020128999999999905e+03 2.030967000000000098e+03 2.034402000000000044e+03 2.037451000000000022e+03 2.033723999999999933e+03 2.037951999999999998e+03 2.037218000000000075e+03 2.026093000000000075e+03 2.033215999999999894e+03 2.048561000000000149e+03 2.054715999999999894e+03 2.058907000000000153e+03 2.059980000000000018e+03 2.058708000000000084e+03 2.057989999999999782e+03 2.064748000000000047e+03 2.069889999999999873e+03 2.070358999999999924e+03 2.067422000000000025e+03 2.073396999999999935e+03
2.098335000000000036e+03 2.083416000000000167e+03 2.076951000000000022e+03 2.072898999999999887e+03 2.060599999999999909e+03 2.054893999999999778e+03 2.048318999999999960e+03 2.039044000000000096e+03 2.032309999999999945e+03 2.028642000000000053e+03 2.026807999999999993e+03 2.032589999999999918e+03 2.033724999999999909e+03 2.028176999999999907e+03 2.029609999999999900e+03 2.030599999999999909e+03 2.033200000000000045e+03 2.035981999999999971e+03 2.049052999999999884e+03 2.048023000000000138e+03 2.048175999999999931e+03 2.039336999999999989e+03 2.038365999999999985e+03 2.040213999999999942e+03 2.034020999999999958e+03 2.033583000000000084e+03 2.045844000000000051e+03 2.052141000000000076e+03 2.063858000000000175e+03 2.070126999999999953e+03 2.070507999999999811e+03 2.060414999999999964e+03 2.070960000000000036e+03 2.077806999999999789e+03 2.082246000000000095e+03 2.081907999999999902e+03 2.084632999999999811e+03
2.101963000000000193e+03 2.096697999999999865e+03 2.078235000000000127e+03 2.061228999999999814e+03 2.052527999999999793e+03 2.045243999999999915e+03 2.039257000000000062e+03 2.032670799999999872e+03 2.032490399999999909e+03 2.033211999999999989e+03 2.038378999999999905e+03 2.039596000000000004e+03 2.044855999999999995e+03 2.035830999999999904e+03 2.038413999999999987e+03 2.047346999999999980e+03 2.045787000000000035e+03 2.050784000000000106e+03 2.054492000000000189e+03 2.056896000000000186e+03 2.052079999999999927e+03 2.049387000000000171e+03 2.044075000000000045e+03 2.045530999999999949e+03 2.042624000000000024e+03 2.033817999999999984e+03 2.043414999999999964e+03 2.054150999999999840e+03 2.066708000000000084e+03 2.073360999999999876e+03 2.074362000000000080e+03 2.070481999999999971e+03 2.077246999999999844e+03 2.086472000000000207e+03 2.094411999999999807e+03 2.095844999999999800e+03 2.096550999999999931e+03
2.097798999999999978e+03 2.097516000000000076e+03 2.085547000000000025e+03 2.069152999999999793e+03 2.055239000000000033e+03 2.039257000000000062e+03 2.034028999999999996e+03 2.032851200000000063e+03 2.039327999999999975e+03 2.044106999999999971e+03 2.051255000000000109e+03 2.049005999999999858e+03 2.052269999999999982e+03 2.045153000000000020e+03 2.044631000000000085e+03 2.054742999999999938e+03 2.057646000000000186e+03 2.057606999999999971e+03 2.061288000000000011e+03 2.063661000000000058e+03 2.060378000000000156e+03 2.049214333333333343e+03 2.049128000000000156e+03 2.047935999999999922e+03 2.050922000000000025e+03 2.041398999999999887e+03 2.041594666666666626e+03 2.055286000000000058e+03 2.069315000000000055e+03 2.076786000000000058e+03 2.079164999999999964e+03 2.077452999999999975e+03 2.085168999999999869e+03 2.095411999999999807e+03 2.104007999999999811e+03 2.109603999999999814e+03 2.109773999999999887e+03
2.090121000000000095e+03 2.088431999999999789e+03 2.076710999999999785e+03 2.061380000000000109e+03 2.044374000000000024e+03 2.037775000000000091e+03 2.037034000000000106e+03 2.046219000000000051e+03 2.048030999999999949e+03 2.056072000000000116e+03 2.060869000000000142e+03 2.059806000000000040e+03 2.062581999999999880e+03 2.049251000000000204e+03 2.049077999999999975e+03 2.061489999999999782e+03 2.066833000000000084e+03 2.066762000000000171e+03 2.067853999999999814e+03 2.066407999999999902e+03 2.055916000000000167e+03 2.049920000000000073e+03 2.051606000000000222e+03 2.051056000000000040e+03 2.057007000000000062e+03 2.054184000000000196e+03 2.041986000000000104e+03 2.053420999999999822e+03 2.065583999999999833e+03 2.077576000000000022e+03 2.085295000000000073e+03 2.087826000000000022e+03 2.094097999999999956e+03 2.101172999999999774e+03 2.110728000000000065e+03 2.119161999999999807e+03 2.119335000000000036e+03
2.081639000000000124e+03 2.065222000000000207e+03 2.058536999999999807e+03 2.045008000000000038e+03 2.042476000000000113e+03 2.041527000000000044e+03 2.052543000000000120e+03 2.062978999999999814e+03 2.060893000000000029e+03 2.062144999999999982e+03 2.068773000000000138e+03 2.070402000000000044e+03 2.066994999999999891e+03 2.055724000000000160e+03 2.055052000000000135e+03 2.068173999999999978e+03 2.074525000000000091e+03 2.075902999999999793e+03 2.075282000000000153e+03 2.068166000000000167e+03 2.062206000000000131e+03 2.060994999999999891e+03 2.059494000000000142e+03 2.059619999999999891e+03 2.065329000000000178e+03 2.060335999999999785e+03 2.047548999999999978e+03 2.048054999999999836e+03 2.064244000000000142e+03 2.078824999999999818e+03 2.086577000000000226e+03 2.091606000000000222e+03 2.098402999999999793e+03 2.106818000000000211e+03 2.115934000000000196e+03 2.123275000000000091e+03 2.126273000000000138e+03
