examples/overland_flow/examples/SC_30m_Mar17.asc
nrows 260
cellsize 30.0
xllcorner 0.0
ncols 272
yllcorner 0.0
[rows 208 to 223 of 260, columns 74 to 110 of 272]
2.293541999999999916e+03 2.293000000000000000e+03 2.289302999999999884e+03 2.286230000000000018e+03 2.282784999999999854e+03 2.278284999999999854e+03 2.273858999999999924e+03 2.271277000000000044e+03 2.274695999999999913e+03 2.278873000000000047e+03 2.279550999999999931e+03 2.282373000000000047e+03 2.287757000000000062e+03 2.291686999999999898e+03 2.291512999999999920e+03 2.288510999999999967e+03 2.285076000000000022e+03 2.281853000000000065e+03 2.281956000000000131e+03 2.285302000000000135e+03 2.287389999999999873e+03 2.288940999999999804e+03 2.289664000000000215e+03 2.289237000000000080e+03 2.287675999999999931e+03 2.286393000000000029e+03 2.283963000000000193e+03 2.280934999999999945e+03 2.280695000000000164e+03 2.283277000000000044e+03 2.286467999999999847e+03 2.288010999999999967e+03 2.290021000000000186e+03 2.291838999999999942e+03 2.293594999999999800e+03 2.296809000000000196e+03 2.300610000000000127e+03
2.295295000000000073e+03 2.293534000000000106e+03 2.290360999999999876e+03 2.285702999999999975e+03 2.281891999999999825e+03 2.277936000000000149e+03 2.273907666666666501e+03 2.274005000000000109e+03 2.277157999999999902e+03 2.281304000000000087e+03 2.283074000000000069e+03 2.285072999999999865e+03 2.288268000000000029e+03 2.290065000000000055e+03 2.290393999999999778e+03 2.289106999999999971e+03 2.287483999999999924e+03 2.286487999999999829e+03 2.286434999999999945e+03 2.287755000000000109e+03 2.290702000000000226e+03 2.291923999999999978e+03 2.292849999999999909e+03 2.291456000000000131e+03 2.289076000000000022e+03 2.287320000000000164e+03 2.285302000000000135e+03 2.282277999999999793e+03 2.282152000000000044e+03 2.285769999999999982e+03 2.287844999999999800e+03 2.291132999999999811e+03 2.292355000000000018e+03 2.292103000000000065e+03 2.292963999999999942e+03 2.298014000000000124e+03 2.303574999999999818e+03
2.294192000000000007e+03 2.291505000000000109e+03 2.288626999999999953e+03 2.284297999999999774e+03 2.281438999999999851e+03 2.277110999999999876e+03 2.274237999999999829e+03 2.278266999999999825e+03 2.279409000000000106e+03 2.283268999999999778e+03 2.284844000000000051e+03 2.289594999999999800e+03 2.291068999999999960e+03 2.291197000000000116e+03 2.290822999999999865e+03 2.289768999999999778e+03 2.290077000000000226e+03 2.290251000000000204e+03 2.290862999999999829e+03 2.292405000000000200e+03 2.293105000000000018e+03 2.293297000000000025e+03 2.294351000000000113e+03 2.293007999999999811e+03 2.290869999999999891e+03 2.288635000000000218e+03 2.286748999999999796e+03 2.287304000000000087e+03 2.288157000000000153e+03 2.290083000000000084e+03 2.291166000000000167e+03 2.293164999999999964e+03 2.294061000000000149e+03 2.293391999999999825e+03 2.293106666666666570e+03 2.298342000000000098e+03 2.305619000000000142e+03
2.292682999999999993e+03 2.290177000000000135e+03 2.286079000000000178e+03 2.281646999999999935e+03 2.279211999999999989e+03 2.277668333333333067e+03 2.278782999999999902e+03 2.282146999999999935e+03 2.280623999999999796e+03 2.284561999999999898e+03 2.288427999999999884e+03 2.292230000000000018e+03 2.293818999999999960e+03 2.293637000000000171e+03 2.293052000000000135e+03 2.291596000000000004e+03 2.291516000000000076e+03 2.292929999999999836e+03 2.293876999999999953e+03 2.294371000000000095e+03 2.294644999999999982e+03 2.295018000000000029e+03 2.295001000000000204e+03 2.294422999999999774e+03 2.291985000000000127e+03 2.290018000000000029e+03 2.289447999999999865e+03 2.289532000000000153e+03 2.292172999999999774e+03 2.293556000000000040e+03 2.294043000000000120e+03 2.294809000000000196e+03 2.295155000000000200e+03 2.295039999999999964e+03 2.295391000000000076e+03 2.298460999999999785e+03 2.303833999999999833e+03
2.292106000000000222e+03 2.289257999999999811e+03 2.284157999999999902e+03 2.280677000000000135e+03 2.278894666666666581e+03 2.278786999999999807e+03 2.282092000000000098e+03 2.283480000000000018e+03 2.283585000000000036e+03 2.286771999999999935e+03 2.291240999999999985e+03 2.294130000000000109e+03 2.294717999999999847e+03 2.294760000000000218e+03 2.293807999999999993e+03 2.292467999999999847e+03 2.292641000000000076e+03 2.293693000000000211e+03 2.295811000000000149e+03 2.296103999999999814e+03 2.296204000000000178e+03 2.296295000000000073e+03 2.295927999999999884e+03 2.295047000000000025e+03 2.293306999999999789e+03 2.292036000000000058e+03 2.291208000000000084e+03 2.291373000000000047e+03 2.292806999999999789e+03 2.294567000000000007e+03 2.295422000000000025e+03 2.295969999999999800e+03 2.296543999999999869e+03 2.296764999999999873e+03 2.297998999999999796e+03 2.300454000000000178e+03 2.303931999999999789e+03
2.292797000000000025e+03 2.289583999999999833e+03 2.283693000000000211e+03 2.279807999999999993e+03 2.279110000000000127e+03 2.282201000000000022e+03 2.286280999999999949e+03 2.285989999999999782e+03 2.286461999999999989e+03 2.289369000000000142e+03 2.291867999999999938e+03 2.294396999999999935e+03 2.295813000000000102e+03 2.295152999999999793e+03 2.293614000000000033e+03 2.292860999999999876e+03 2.293925999999999931e+03 2.295574000000000069e+03 2.297103000000000065e+03 2.298280000000000200e+03 2.298083999999999833e+03 2.297675000000000182e+03 2.297086999999999989e+03 2.295920999999999822e+03 2.294204000000000178e+03 2.293532999999999902e+03 2.292378000000000156e+03 2.292342000000000098e+03 2.292831999999999880e+03 2.294780000000000200e+03 2.296253000000000156e+03 2.297036000000000058e+03 2.297989000000000033e+03 2.298443000000000211e+03 2.299436999999999898e+03 2.301369999999999891e+03 2.302492000000000189e+03
2.295677000000000135e+03 2.291307999999999993e+03 2.283514000000000124e+03 2.280716666666666697e+03 2.283873000000000047e+03 2.291818999999999960e+03 2.293429000000000087e+03 2.289746999999999844e+03 2.289161000000000058e+03 2.290590000000000146e+03 2.292630000000000109e+03 2.294983000000000175e+03 2.296458000000000084e+03 2.296228999999999814e+03 2.293901333333333241e+03 2.294476000000000113e+03 2.296780999999999949e+03 2.299010000000000218e+03 2.300155999999999949e+03 2.300217000000000098e+03 2.300277999999999793e+03 2.299226000000000113e+03 2.298101000000000113e+03 2.296833999999999833e+03 2.295565000000000055e+03 2.294063000000000102e+03 2.292891000000000076e+03 2.293653999999999996e+03 2.294143999999999778e+03 2.295811999999999898e+03 2.297063999999999851e+03 2.298730000000000018e+03 2.299596000000000004e+03 2.300213999999999942e+03 2.300945000000000164e+03 2.301724999999999909e+03 2.302963999999999942e+03
2.296048999999999978e+03 2.292474000000000160e+03 2.283753999999999905e+03 2.282534000000000106e+03 2.289601000000000113e+03 2.294601999999999862e+03 2.294085999999999785e+03 2.292456000000000131e+03 2.290780999999999949e+03 2.291817000000000007e+03 2.293155000000000200e+03 2.296052000000000135e+03 2.297619000000000142e+03 2.298074999999999818e+03 2.297302000000000135e+03 2.297858000000000175e+03 2.303061000000000149e+03 2.303590999999999894e+03 2.303396999999999935e+03 2.303268999999999778e+03 2.301543000000000120e+03 2.300391000000000076e+03 2.299217999999999847e+03 2.297978999999999814e+03 2.296684000000000196e+03 2.294911999999999807e+03 2.293947999999999865e+03 2.295179999999999836e+03 2.296128999999999905e+03 2.297052999999999884e+03 2.298485000000000127e+03 2.300014999999999873e+03 2.301708000000000084e+03 2.302331999999999880e+03 2.302409999999999854e+03 2.302713000000000193e+03 2.303581000000000131e+03
2.296681999999999789e+03 2.290525999999999840e+03 2.284467999999999847e+03 2.288983999999999924e+03 2.294449999999999818e+03 2.295686999999999898e+03 2.295115999999999985e+03 2.293097999999999956e+03 2.292822000000000116e+03 2.294623999999999796e+03 2.293331000000000131e+03 2.297409999999999854e+03 2.300001999999999953e+03 2.300981000000000222e+03 2.301431999999999789e+03 2.302942000000000007e+03 2.305972999999999956e+03 2.306954999999999927e+03 2.305900000000000091e+03 2.305153999999999996e+03 2.303251000000000204e+03 2.301313999999999851e+03 2.300000000000000000e+03 2.299403999999999996e+03 2.298222000000000207e+03 2.297293999999999869e+03 2.296751999999999953e+03 2.296940999999999804e+03 2.298057999999999993e+03 2.298800999999999931e+03 2.299998999999999796e+03 2.301288000000000011e+03 2.303438000000000102e+03 2.304885999999999967e+03 2.304054000000000087e+03 2.304014000000000124e+03 2.304228000000000065e+03
2.295291999999999916e+03 2.288795000000000073e+03 2.288762000000000171e+03 2.292541000000000167e+03 2.295460000000000036e+03 2.296427000000000135e+03 2.295972000000000207e+03 2.293641000000000076e+03 2.293365999999999985e+03 2.298077999999999975e+03 2.299532000000000153e+03 2.300255999999999858e+03 2.302228000000000065e+03 2.303867000000000189e+03 2.303407999999999902e+03 2.304400999999999840e+03 2.306942000000000007e+03 2.308179999999999836e+03 2.307592000000000098e+03 2.306199999999999818e+03 2.303681999999999789e+03 2.302072000000000116e+03 2.301159999999999854e+03 2.300429999999999836e+03 2.300172999999999774e+03 2.299643999999999778e+03 2.299351000000000113e+03 2.299237999999999829e+03 2.299413000000000011e+03 2.300431999999999789e+03 2.301398000000000138e+03 2.302418000000000120e+03 2.305235000000000127e+03 2.305842000000000098e+03 2.305844000000000051e+03 2.305369000000000142e+03 2.305121000000000095e+03
2.292487999999999829e+03 2.289496000000000095e+03 2.290061000000000149e+03 2.293177999999999884e+03 2.295963999999999942e+03 2.297342999999999847e+03 2.297762000000000171e+03 2.297438000000000102e+03 2.302016000000000076e+03 2.305601000000000113e+03 2.305016999999999825e+03 2.303492000000000189e+03 2.305592999999999847e+03 2.305465999999999894e+03 2.304501000000000204e+03 2.305478999999999814e+03 2.308891000000000076e+03 2.310447000000000116e+03 2.309014000000000124e+03 2.306831000000000131e+03 2.303929000000000087e+03 2.302762000000000171e+03 2.302217000000000098e+03 2.301922999999999774e+03 2.301811999999999898e+03 2.301838000000000193e+03 2.301483999999999924e+03 2.301322999999999865e+03 2.301268000000000029e+03 2.301498999999999796e+03 2.302277999999999793e+03 2.303070999999999913e+03 2.304726000000000113e+03 2.306114000000000033e+03 2.306672999999999774e+03 2.307052000000000135e+03 2.306891000000000076e+03
2.292755000000000109e+03 2.293813000000000102e+03 2.293653999999999996e+03 2.294438999999999851e+03 2.297233999999999924e+03 2.299003000000000156e+03 2.300510000000000218e+03 2.302088999999999942e+03 2.305101999999999862e+03 2.306047000000000025e+03 2.306423999999999978e+03 2.304985000000000127e+03 2.305302999999999884e+03 2.306202000000000226e+03 2.305702000000000226e+03 2.309000000000000000e+03 2.312905000000000200e+03 2.314795999999999822e+03 2.312143999999999778e+03 2.307233999999999924e+03 2.304523000000000138e+03 2.303697999999999865e+03 2.303322000000000116e+03 2.303472000000000207e+03 2.303434999999999945e+03 2.303416000000000167e+03 2.303507000000000062e+03 2.303362000000000080e+03 2.302967000000000098e+03 2.302862000000000080e+03 2.303083000000000084e+03 2.303704000000000178e+03 2.304063000000000102e+03 2.305219000000000051e+03 2.306920999999999822e+03 2.307632999999999811e+03 2.308918999999999869e+03
2.296503999999999905e+03 2.297206999999999880e+03 2.297027000000000044e+03 2.297443999999999960e+03 2.298822999999999865e+03 2.300922999999999774e+03 2.302135000000000218e+03 2.303621000000000095e+03 2.305380000000000109e+03 2.306021000000000186e+03 2.306686000000000149e+03 2.306338000000000193e+03 2.306202000000000226e+03 2.307916000000000167e+03 2.309286999999999807e+03 2.311759000000000015e+03 2.317155000000000200e+03 2.317882999999999811e+03 2.314382000000000062e+03 2.308507999999999811e+03 2.305507999999999811e+03 2.304652999999999793e+03 2.304802999999999884e+03 2.305106000000000222e+03 2.304820000000000164e+03 2.304552999999999884e+03 2.305088999999999942e+03 2.305423999999999978e+03 2.304510000000000218e+03 2.304239000000000033e+03 2.304557999999999993e+03 2.304197999999999865e+03 2.304500000000000000e+03 2.305027999999999793e+03 2.305889999999999873e+03 2.308496000000000095e+03 2.310108999999999924e+03
2.299293000000000120e+03 2.302920000000000073e+03 2.301007999999999811e+03 2.300150999999999840e+03 2.300978000000000065e+03 2.301820999999999913e+03 2.303003000000000156e+03 2.303612999999999829e+03 2.304940999999999804e+03 2.306391000000000076e+03 -9.999000000000000000e+03 -9.999000000000000000e+03 -9.999000000000000000e+03 -9.999000000000000000e+03 -9.999000000000000000e+03 -9.999000000000000000e+03 -9.999000000000000000e+03 -9.999000000000000000e+03 -9.999000000000000000e+03 2.310891999999999825e+03 2.307405000000000200e+03 2.305695000000000164e+03 2.305777000000000044e+03 -9.999000000000000000e+03 -9.999000000000000000e+03 2.306003000000000156e+03 2.306483999999999924e+03 2.306340000000000146e+03 2.305385999999999967e+03 2.305067000000000007e+03 2.306159000000000106e+03 2.305489999999999782e+03 2.304929999999999836e+03 2.305474000000000160e+03 2.307534999999999854e+03 2.309967000000000098e+03 2.312034999999999854e+03
2.304847999999999956e+03 2.305362000000000080e+03 2.303494000000000142e+03 2.301985000000000127e+03 2.302811000000000149e+03 2.303534000000000106e+03 2.303744000000000142e+03 2.303998000000000047e+03 2.304231999999999971e+03 2.305961999999999989e+03 -9.999000000000000000e+03 -9.999000000000000000e+03 -9.999000000000000000e+03 -9.999000000000000000e+03 -9.999000000000000000e+03 -9.999000000000000000e+03 -9.999000000000000000e+03 -9.999000000000000000e+03 -9.999000000000000000e+03 -9.999000000000000000e+03 -9.999000000000000000e+03 -9.999000000000000000e+03 -9.999000000000000000e+03 -9.999000000000000000e+03 -9.999000000000000000e+03 -9.999000000000000000e+03 -9.999000000000000000e+03 2.307036000000000058e+03 2.306092000000000098e+03 2.305724000000000160e+03 2.307277000000000044e+03 2.307748000000000047e+03 2.306327999999999975e+03 2.305487999999999829e+03 2.309275000000000091e+03 2.311833999999999833e+03 2.314880000000000109e+03
2.306405999999999949e+03 2.306034999999999854e+03 2.303927999999999884e+03 2.303289000000000215e+03 2.304284999999999854e+03 2.305530000000000200e+03 2.304802000000000135e+03 2.304472999999999956e+03 2.304577000000000226e+03 -9.999000000000000000e+03 -9.999000000000000000e+03 -9.999000000000000000e+03 -9.999000000000000000e+03 -9.999000000000000000e+03 -9.999000000000000000e+03 -9.999000000000000000e+03 -9.999000000000000000e+03 -9.999000000000000000e+03 -9.999000000000000000e+03 -9.999000000000000000e+03 -9.999000000000000000e+03 -9.999000000000000000e+03 -9.999000000000000000e+03 -9.999000000000000000e+03 -9.999000000000000000e+03 -9.999000000000000000e+03 -9.999000000000000000e+03 2.307865999999999985e+03 2.308052999999999884e+03 2.307398999999999887e+03 2.310117999999999938e+03 2.310442000000000007e+03 2.309907000000000153e+03 2.309378000000000156e+03 2.311172999999999774e+03 2.313922999999999774e+03 2.317148999999999887e+03
