landlab/components/overland_flow/examples/chiri_10.asc
ncols         34
nrows         23
xllcorner     663161.026154
yllcorner     3532188.2157023
cellsize      9.6322669789774
NODATA_value  -9999
-9999 -9999 -9999 -9999 2662.371 -9999 -9999 -9999 -9999 -9999 -9999 -9999 -9999 -9999 -9999 -9999 -9999 -9999 -9999 -9999 -9999 -9999 -9999 -9999 -9999 -9999 -9999 -9999 -9999 -9999 -9999 -9999 -9999 -9999 
-9999 -9999 -9999 -9999 2659.439 2656.655 2653.28 2649.581 2644.477 2638.351 -9999 -9999 -9999 -9999 -9999 -9999 -9999 -9999 -9999 -9999 -9999 -9999 -9999 -9999 -9999 -9999 -9999 -9999 -9999 -9999 -9999 -9999 -9999 -9999 
-9999 -9999 -9999 2658.887 2656.64 2653.371 2650.237 2646.079 2640.011 2634.133 2630.155 2626.606 2622.256 2612.624 -9999 -9999 -9999 -9999 -9999 -9999 -9999 -9999 -9999 -9999 -9999 -9999 -9999 -9999 -9999 -9999 -9999 -9999 -9999 -9999 
-9999 -9999 -9999 2654.895 2652.785 2649.817 2646.232 2641.028 2635.349 2631.028 2627.6 2624.119 2619.093 2608.063 2604.952 2602.018 2599.087 2596.076 -9999 -9999 -9999 -9999 -9999 -9999 -9999 -9999 -9999 -9999 -9999 -9999 -9999 -9999 -9999 -9999 
-9999 -9999 -9999 2650.355 2649.069 2645.874 2641.017 2635.766 2631.427 2628.049 2624.58 2620.198 2614.221 2604.715 2600.985 2597.428 2594.052 2590.802 2587.658 2585.58 2584.504 2584.356 -9999 -9999 -9999 -9999 -9999 -9999 -9999 -9999 -9999 -9999 -9999 -9999 
-9999 -9999 2645.318 2646.666 2644.848 2641.015 2636.227 2631.741 2627.886 2624.49 2620.779 2615.854 2610.307 2601.687 2597.484 2593.53 2589.611 2586.043 2582.867 2580.546 2579.482 2579.171 2578.732 2577.163 2576.41 2575.645 2574.492 -9999 -9999 -9999 -9999 -9999 -9999 -9999 
-9999 -9999 2642.702 2642.944 2640.356 2636.426 2632.04 2627.621 2623.748 2620.457 2616.758 2612.409 2607.823 2598.94 2594.037 2589.494 2585.476 2581.39 2577.892 2575.313 2574.353 2574.138 2573.519 2571.62 2570.892 2570.22 2569.105 2567.74 2566.146 2564.226 2562.073 -9999 -9999 -9999 
-9999 -9999 2639.847 2640.723 2636.617 2632.703 2628.106 2623.708 2620.031 2616.881 2613.367 2609.184 2604.738 2600.224 2590.999 2585.726 2580.96 2576.339 2573.163 2571.094 2569.926 2569.073 2568.135 2567.176 2565.3 2564.552 2563.801 2562.678 2561.457 2559.916 2557.893 2555.681 -9999 -9999 
-9999 -9999 2636.989 2636.176 2632.981 2628.615 2623.99 2620.147 2616.748 2613.607 2610.421 2606.216 2601.788 2597.273 2588.861 2582.881 2576.359 2572.336 2569.937 2567.911 2566.162 2564.278 2562.725 2561.736 2560.16 2559.589 2559.083 2557.93 2556.729 2555.339 2553.477 2551.531 -9999 -9999 
-9999 -9999 2635.936 2634.648 2629.429 2624.426 2620.626 2617.358 2613.76 2610.151 2606.585 2602.712 2598.686 2594.511 2585.886 2579.867 2573.351 2569.933 2567.432 2564.773 2562.365 2560.302 2558.655 2557.413 2555.808 2555.158 2554.31 2553.255 2552.215 2550.992 2549.374 2547.756 2546.407 -9999 
-9999 -9999 2634.966 2634.194 2626.61 2622.008 2618.571 2614.904 2610.985 2607.249 2603.216 2599.104 2595.292 2591.413 2582.281 2577.032 2572.182 2568.407 2565.168 2562.085 2559.173 2556.904 2555.113 2553.376 2551.103 2550.429 2549.777 2548.704 2547.85 2547.029 2545.863 2544.485 2543.109 -9999 
-9999 -9999 2634.663 2634.071 2625.689 2621.234 2617.432 2613.236 2609.073 2605.18 2600.976 2596.652 2592.364 2587.826 2579.044 2574.293 2570.414 2566.571 2562.908 2559.427 2556.113 2553.23 2551.139 2549.334 2546.413 2545.54 2545.025 2544.27 2543.555 2542.892 2541.989 2540.877 2539.747 -9999 
-9999 -9999 2636.282 2634.327 2625.691 2621.11 2617.291 2613.452 2609.23 2604.253 2599.012 2594.6 2590.379 2585.802 2576.096 2571.8 2568.008 2564.32 2560.573 2556.412 2552.686 2549.667 2547.26 2545.055 2542.878 2540.173 2539.792 2539.582 2539.347 2538.98 2538.308 2537.392 2536.436 -9999 
-9999 2637.358 2637.554 2635.656 2632.164 2622.094 2618.248 2614.591 2610.392 2604.877 2598.976 2593.977 2588.512 2583.388 2577.813 2569.513 2565.423 2561.229 2557.043 2552.572 2549.026 2546.306 2543.665 2540.675 2538.034 2535.627 2535.454 2535.407 2535.355 2535.18 2534.703 2534.007 2533.247 -9999 
-9999 2638.644 2638.584 2636.933 2634.021 2624.245 2620.23 2616.343 2612.105 2606.388 2599.726 2594.085 2588.62 2582.683 2575.658 2568.076 2563.853 2558.645 2552.946 2548.715 2545.889 2542.912 2539.707 2537.032 2534.837 2532.038 2531.672 2531.564 2531.47 2531.312 2531.043 2530.615 2530.041 -9999 
-9999 2638.644 2640.136 2637.989 2635.38 2626.928 2622.794 2618.599 2613.808 2607.889 2601.367 2595.399 2589.552 2583.182 2576.343 2567.916 2564.228 2558.929 2552.146 2547.114 2543.638 2539.679 2536.463 2534.228 2531.781 2527.826 2527.333 2527.512 2527.674 2527.696 2527.524 2527.159 2526.756 -9999 
-9999 2641.173 2640.136 2637.989 2635.38 2626.928 2622.794 2620.925 2615.527 2609.476 2603.35 2597.156 2590.933 2584.905 2578.169 2568.806 2565.415 2560.891 2554.234 2547.909 2543.512 2538.73 2534.915 2531.762 2528.278 2524.117 2523.583 2523.547 2523.828 2524.118 2524.097 2523.88 2523.766 -9999 
-9999 2643.603 2642.102 2639.892 2637.092 2629.257 2625.273 2620.925 2615.527 2609.476 2603.35 2598.218 2591.931 2585.524 2579.69 2569.895 2566.199 2561.894 2556.07 2549.777 2544.692 2539.764 2535.323 2531.038 2526.699 2521.709 2520.382 2519.32 2519.261 2519.655 2520.011 2520.411 2520.911 -9999 
-9999 2646.683 2644.877 2642.411 2639.102 2635.31 2627.009 2622.666 2617.24 2611.098 2604.723 2598.218 2591.931 2585.524 2579.69 2575.361 2566.658 2562.37 2557.024 2550.979 2545.757 2541.137 2537.222 2532.524 2527.335 2523.331 2517.112 2514.64 2514.109 2514.562 2515.366 2516.297 2517.285 -9999 
-9999 2652.004 2649.111 2645.792 2641.864 2637.178 2628.292 2624.212 2618.977 2612.765 2606.455 2600.146 2593.654 2586.837 2580.873 2575.361 2566.658 2562.37 2557.024 2551.444 2546.356 2542.022 2538.073 2533.402 2528.499 2524.267 2516.016 2512.565 2511.382 2511.661 2512.298 2512.92 2514.224 -9999 
2659.945 2658.35 2654.586 2649.79 2644.626 2638.89 2629.413 2625.578 2620.58 2614.433 2608.023 2601.774 2595.225 2588.062 2581.573 2575.72 2566.866 2562.687 2557.478 2551.444 2546.356 2542.022 2538.073 2533.624 2529.065 2524.837 2516.066 2512.432 2510.828 2510.459 2510.425 2511.445 -9999 -9999 
2665.758 2663.341 2659.811 2654.546 2647.879 2641.623 2630.946 2626.801 2622.289 2616.12 2609.153 2602.792 2596.101 2588.378 2581.76 2575.883 2566.397 2561.977 2556.997 2551.4 2546.438 2542.138 2538.128 2533.624 2529.065 2524.837 2516.066 2512.282 2510.424 2509.503 -9999 -9999 -9999 -9999 
2671.115 2666.866 2662.327 2657.102 2650.738 -9999 -9999 -9999 -9999 -9999 -9999 -9999 -9999 -9999 -9999 -9999 -9999 -9999 -9999 -9999 -9999 -9999 -9999 -9999 -9999 -9999 -9999 -9999 -9999 -9999 -9999 -9999 -9999 -9999 
