landlab/components/overland_flow/examples/springcreek_30m.asc
ncols         272
nrows         260
xllcorner     994515.98652089
yllcorner     4370144.2350973
cellsize      30
NODATA_value  -9999
[rows 31 to 61 of 260, columns 140 to 209 of 272]
2228.094 2220.916 2215.3 2211.891 2208.023 2197.197 2195.329 2196.403 2186.667 2182.024 2173.113 2164.151 2158.958 2159.723 2158.447 2158.438 2150.305 2147.008 2144.354 2136.412 2134.734 2130.966 2123.768 2120.96 2123.398 2121.326 2124.601 2129.626 2132.192 2135.63 2131.647 2135.269 2131.543 2133.66 2136.963 2135.699 2133.49 2140.271 2146.596 2145.451 2145.327 2147.001 2150.649 2148.968 2146.96 2141.934 2137.415 2143.052 2142.198 2138.194 2134.845 2130.302 2123.003 2119.683 2116.732 2111.465 2109.492 2104.61 2100.336 2095.785 2084.462 2072.767 2066.246 2064.457 2067.16 2062.59 2059.811 2052 2042.911 2036.983
2232.553 2224.437 2219.767 2213.952 2208.535 2199.04 2191.806 2185.122 2182.242 2176.457 2169.873 2167.018 2167.945 2165.326 2163.038 2158.758 2152.668 2148.283 2145.263 2140.413 2135.067 2131.23 2125.393 2121.985 2117.896 2116.486 2116.897 2120.991 2118.23 2123.803 2124.946 2128.601 2126.517 2130.015 2135.095 2128.802 2128.807 2137.533 2138.438 2135.757 2142.009 2147.63 2148.395 2147.017 2142.204 2136.554 2134.161 2138.749 2139.956 2136.301 2132.861 2128.278 2122.46 2119.999 2116.74 2113.12 2109.922 2105.208 2098.286 2092.103 2085.344 2080.568 2079.293 2077.703 2074.515 2073.311 2072.248 2066.62 2054.641 2049.504
2231.418 2223.507 2217.36 2212.276 2208.929 2199.626 2192.14 2186.021 2183.661 2175.568 2172.504 2172.174 2172.69 2170.131 2163.905 2160.006 2157.986 2151.859 2148.578 2145.703 2140.341 2136.915 2134.355 2129.239 2125.227 2121.687 2113.896 2111.48 2109.073 2112.856 2117.067 2122.428 2121.522 2124.091 2125.736 2121.281 2125.371 2132.976 2132.764 2133.939 2138.064 2144.262 2143.018 2139.546 2137.396 2128.376 2134.284 2136.964 2137.86 2136.792 2135.59 2131.584 2125.949 2122.106 2116.265 2113.953 2112.459 2110.832 2109.204 2102.964 2094.605 2096.711 2093.076 2090.695 2087.29 2081.369 2085.092 2079.826 2067.202 2062.151
2230.449 2222.829 2217.93 2210.178 2204.728 2196.688 2190.436 2184.616 2181.301 2183.683 2183.269 2180.981 2178.193 2171.968 2168.136 2165.313 2161.018 2155.984 2153.269 2150.344 2144.243 2140.737 2135.278 2132.821 2127.424 2121.895 2118.656 2114.368 2110.676 2106.332 2110.738 2117.511 2119.286 2121.711 2122.976 2118.813 2123.822 2122.893 2130.096 2135.843 2135.079 2133.874 2131.675 2128.685 2125.049 2122.844 2129.717 2135.004 2136.55 2134.514 2135.71 2129.476 2124.123 2118.813 2111.805 2111.762 2112.803 2111.785 2110.693 2111.034 2111.341 2107.369 2109.259 2108.469 2095.254 2091.985 2092.061 2093.493 2081.537 2076.729
2239.22 2229.958 2222.511 2215.31 2206.202 2197.793 2193.371 2186.512 2185.504 2188.217 2187.502 2186.566 2183.819 2176.329 2171.371 2168.484 2164.225 2161.827 2159.894 2153.594 2148.634 2143.333 2137.162 2134.817 2128.844 2122.649 2121.346 2116.656 2112.564 2106.772 2106.083 2110.532 2109.592 2115.979 2115.542 2115.747 2119.747 2123.814 2130.82 2136.226 2135.568 2129.757 2124.948 2121.924 2119.373 2121.358 2128.066 2135.502 2135.568 2132.528 2129.37 2125.029 2116.042 2110.311 2106.932 2105.363 2110.72 2107.526 2102.739 2106.103 2111.834 2116.152 2116.144 2117.777 2106.537 2097.439 2100.385 2100.023 2097.548 2084.892
2244.558 2232.235 2223.707 2216.388 2208.707 2202.991 2196.133 2195.594 2194.811 2193.42 2191.173 2189.227 2185.828 2182.579 2176.22 2170.509 2169.229 2166.157 2165.833 2161.191 2152.519 2147.052 2142.191 2138.871 2136.093 2131.581 2123.333 2118.535 2114.683 2109.746 2100.932 2104.76 2105.535 2110.517 2108.121 2112.842 2120.056 2127.144 2134.927 2136.77 2131.6 2121.35 2120.345 2114.845 2114.833 2122.541 2128.677 2133.672 2131.147 2127.559 2123.946 2116.321 2108.439 2104.967 2096.553 2096.529 2098.187 2095.744 2097.293 2100.06 2106.175 2112.768 2115.777 2113.476 2096.313 2089.916 2090.421 2098.071 2095.531 2069.956
2246.209 2234.494 2225.236 2218.898 2210.02 2207.352 2209.274 2207.731 2203.392 2197.303 2193.41 2189.361 2185.756 2183.626 2177.469 2172.926 2171.377 2166.445 2170.224 2168.017 2158.707 2150.256 2144.211 2137.506 2134.243 2133.205 2124.45 2120.294 2115.534 2108.302 2101.355 2097.511 2100.753 2102.093 2105.345 2111.895 2119.613 2127.033 2131.923 2132.896 2126.394 2118.501 2112.134 2109.984 2112.278 2120.772 2125.359 2127.52 2127.528 2120.688 2119.311 2116.516 2113.498 2110.716 2099.959 2089.555 2085.696 2083.802 2087.446 2092.673 2096.095 2101.519 2103.066 2098.141 2084.374 2069.54 2059.818 2061.204 2059.605 2053.744
2249.77 2239.584 2231.869 2224.751 2221.931 2221.925 2221.072 2220.141 2205.451 2195.493 2192.93 2189.467 2185.675 2180.154 2171.249 2168.712 2165.031 2162.936 2160.872 2163.437 2160.688 2154.334 2145.072 2139.082 2134.293 2129.477 2126.195 2122.824 2117.378 2113.236 2105.467 2095.343 2096.101 2098.528 2101.764 2110.991 2119.71 2124.514 2126.006 2125.796 2126.887 2119.248 2107.965 2106.959 2111.798 2116.579 2120.299 2123.717 2122.865 2119.683 2110.013 2110.382 2110.494 2111.681 2102.409 2096.366 2087.862 2075.545 2075.731 2081.889 2086.664 2089.155 2086.988 2085.605 2073.545 2056.656 2045.011 2037.811 2033.593 2032.458
2256.345 2246.779 2233.478 2224.108 2218.406 2218.16 2218.521 2216.103 2201.071 2194.131 2189.251 2187.063 2184.793 2177.348 2168.584 2165.325 2159.364 2156.999 2156.927 2156.331 2157.867 2155.009 2147.039 2141.976 2134.914 2122.585 2123.121 2124.762 2120.308 2113.692 2107.046 2100.171 2092.049 2094.298 2099.447 2107.234 2115.03 2117.034 2117.021 2123.636 2123.796 2118.388 2106.612 2100.155 2107.059 2114.199 2114.486 2118.083 2118.875 2116.63 2110.001 2101.46 2099.077 2107.995 2106.126 2099.352 2089.358 2080.686 2068.541 2070.808 2077.896 2079.759 2070.375 2067.841 2061.515 2053.826 2038.782 2023.937 2019.286 2017.474
2258.9 2243.604 2231.826 2221.574 2210.244 2206.197 2204.486 2205.858 2198.899 2189.942 2182.175 2181.185 2179.088 2174.244 2169.613 2162.021 2160.451 2157.887 2148.003 2147.73 2146.059 2146.779 2145.874 2141.482 2136.004 2128.827 2121.5 2123.559 2121.349 2112.151 2107.259 2100.613 2093.102 2090.566 2094.762 2105.21 2110.19 2108.453 2108.881 2116.408 2118.941 2113.423 2106.485 2096.918 2100.844 2107.195 2109.639 2111.31 2114.079 2112.574 2110.718 2101.552 2092.999 2097.816 2100.034 2089.353 2083.723 2076.563 2063.276 2058.459 2063.489 2067.394 2063.026 2052.112 2049.84 2045.217 2036.348 2021.782 2010.508 2005.563
2259.546 2245.182 2233.736 2218.891 2207.423 2203.255 2195.941 2194.046 2190.276 2185.18 2179.844 2172.787 2169.923 2168.58 2165.476 2160.9 2156.72 2152.102 2148.255 2144.67 2141.876 2138.244 2138.086 2134.794 2134.451 2134.653 2122.829 2119.603 2112.354 2110.643 2111.115 2103.192 2098.595 2089.202 2089.647 2099.498 2103.458 2099.56 2104.94 2108.864 2109.475 2105.621 2101.477 2095.524 2094.316 2097.186 2105.029 2109.768 2111.472 2106.169 2101.915 2098.703 2089.008 2085.119 2090.418 2085.202 2074.459 2070.437 2063.616 2048.125 2050.351 2055.311 2053.194 2044.392 2036.398 2031.967 2026.667 2022.973 2009.666 1997.114
2258.625 2248.775 2236.155 2222.496 2212.972 2204.186 2196.755 2192.722 2184.952 2181.583 2177.687 2170.608 2168.672 2164.283 2159.417 2159.163 2154.307 2149.005 2146.237 2141.965 2135.555 2133.172 2129.717 2126.177 2122.015 2123.169 2120.271 2114.537 2112.92 2110.921 2107.293 2103.685 2101.006 2093.829 2083.443 2088.467 2094.995 2094.907 2095.318 2096.688 2096.855 2094.732 2094.467 2091.307 2086.979 2097.965 2105.535 2112.039 2110.051 2098.792 2090.803 2086.496 2081.873 2074.711 2077.492 2078.046 2071.669 2059.123 2055.473 2043.197 2036.017 2042.67 2043.456 2035.306 2026.995 2018.43 2011.478 2011.455 2005.122 1995.939
2250.358 2244.465 2232.244 2219.733 2212.665 2205.817 2199.182 2195.206 2187.727 2185.147 2179.917 2172.918 2171.486 2168.331 2160.233 2156.061 2146.882 2145.907 2143.721 2137.712 2136.451 2135.075 2121.492 2115.115 2108.932 2107.438 2108.559 2104.706 2101.448 2100.014 2102.304 2101.77 2096.673 2092.46 2083.854 2081.571 2085.921 2085.647 2088.017 2086.675 2088.534 2086.427 2085.889 2086.496 2085.308 2095.173 2101.526 2109.366 2111.954 2101.037 2085.876 2076.89 2071.7 2061.842 2066.921 2068.49 2065.625 2058.807 2047.727 2038.648 2026.014 2025.092 2028.537 2026.719 2014.512 2011.357 2001.159 1996.383 1995.729 1991.382
2237.905 2234.597 2225.432 2214.54 2208.266 2202.854 2199.046 2196.203 2188.912 2184.653 2180.532 2176.1 2174.387 2172.095 2165.62 2159.895 2151.064 2147.99 2143.434 2136.927 2133.619 2130.681 2125.47 2118.826 2111.161 2101.313 2095.576 2091.663 2086.284 2085.895 2089.098 2095.649 2098.165 2092.264 2086.994 2076.448 2074.216 2074.183 2075.88 2078.721 2079.423 2078.315 2073.873 2073.879 2083.581 2090.885 2100.58 2109.624 2111.717 2104.325 2091.588 2079.637 2064.485 2052.253 2053.35 2059.797 2055.913 2051.787 2042.824 2033.48 2019.227 2012.092 2012.386 2015.194 2007.9 1996.46 1991.463 1981.988 1982.91 1978.335
2226.512 2221.961 2218.888 2210.165 2203.394 2199.517 2194.625 2191.796 2185.966 2181.552 2176.569 2172.459 2171.578 2170.567 2163.468 2155.361 2150.094 2147.468 2142.637 2137.447 2135.709 2127.341 2121.291 2117.361 2107.895 2096.967 2094.363 2092.27 2087.727 2081.205 2077.837 2080.418 2089.205 2091.531 2090.192 2082.983 2077.174 2065.776 2061.765 2067.032 2073.516 2073.272 2068.512 2072.572 2082.556 2094.229 2101.251 2102.829 2105.59 2100.308 2091.495 2077.777 2066.184 2055.223 2044.487 2045.808 2047.024 2042.041 2037.994 2026.114 2008.271 1999.426 2001.444 2000.37 1999.441 1988.945 1975.597 1972.489 1967.195 1962.223
2225.876 2220.717 2214.116 2206.343 2203.812 2195.113 2192.486 2189.208 2184.832 2181.38 2171.736 2168.542 2165.484 2160.602 2156.546 2149.019 2145.56 2141.287 2138.19 2133.985 2131.973 2121.885 2118.064 2110.005 2107.047 2106.38 2111.121 2104.364 2098.212 2091.913 2082.637 2071.474 2074.04 2084.146 2090.859 2090.583 2084.862 2078.559 2067.141 2057.608 2061.806 2064.04 2061.3 2073.692 2084.701 2090.814 2094.63 2097.143 2097.948 2096.775 2086.752 2070.753 2061.696 2050.865 2040.607 2033.438 2034.641 2035.015 2027.528 2017.947 2006.331 1993.377 1985.098 1990.457 1984.948 1978.732 1975.247 1962.016 1955.773 1948.402
2228.894 2222.388 2218.721 2211.094 2206.591 2199.282 2196.729 2189.579 2184.944 2180.181 2174.208 2171.722 2166.078 2160.054 2157.496 2154.809 2148.156 2142.635 2140.149 2135.84 2134.373 2131.628 2133.579 2130.449 2123.888 2117.011 2110.227 2101.391 2100.165 2098.157 2089.682 2081.682 2067.077 2072.303 2083.664 2088.356 2086.162 2085.927 2076.439 2063.015 2051.985 2049.761 2058.987 2066.665 2075.137 2082.483 2083.565 2088.725 2091.339 2084.596 2082.115 2073.606 2062.173 2049.644 2042.029 2029.769 2021.518 2020.204 2019.488 2011.41 2003.786 1987.971 1975.946 1977.568 1976.671 1961.213 1954.273 1948.542 1945.393 1942.765
2231.889 2227.7 2222.406 2217.929 2211.438 2205.147 2198.679 2193.93 2188.59 2184.205 2179.979 2172.763 2168.546 2168.15 2161.609 2157.103 2146.237 2143.992 2145.32 2145.349 2145.442 2144.446 2139.99 2135.524 2124.906 2119.619 2110.769 2099.672 2094.357 2089.481 2085.077 2086.861 2073.094 2062.655 2072.192 2082.596 2082.065 2079.823 2078.841 2075.767 2064.686 2048.272 2049.881 2059.333 2067.152 2069.457 2077.527 2088.379 2088.884 2081.069 2070.576 2067.243 2063.942 2053.637 2043.46 2034.227 2026.353 2012.086 2007.495 2002.233 1990.962 1983.802 1975.888 1963.712 1958.169 1952.005 1948.542 1948.927 1951.985 1950.736
2236.227 2231.403 2225.278 2220.679 2213.284 2209.042 2197.366 2192.534 2190.077 2185.814 2183.252 2173.396 2168.042 2165.474 2158.874 2147.562 2145.824 2146.711 2149.453 2153.586 2152.046 2148.903 2143.073 2132.451 2119.98 2111.636 2102.11 2095.757 2090.159 2081.281 2075.081 2071.14 2066.927 2059.781 2064.876 2072.208 2075.598 2073.793 2073.703 2075.969 2069.888 2055.846 2041.609 2049.504 2057.291 2062.385 2074.254 2080.219 2083.882 2076.792 2070.159 2057.962 2053.43 2051.446 2042.389 2035.223 2029.085 2024.84 2013.043 2001.282 1989.001 1978.614 1969.528 1957.66 1950.915 1948.542 1950.545 1958.993 1966.477 1960.648
2236.515 2230.458 2225.236 2219.167 2213.931 2207.062 2199.455 2196.092 2191.099 2185.231 2183.009 2175.737 2171.24 2162.587 2155.229 2151.73 2152.113 2154.52 2158.33 2159.597 2153.506 2147.533 2140.398 2130.371 2121.031 2106.386 2095.929 2091.924 2084.659 2081.008 2078.218 2070.897 2065.259 2059.199 2055.827 2062.128 2065.41 2074.186 2071.041 2070.113 2068.534 2059.089 2044.641 2035.701 2045.984 2058.145 2064.483 2070.583 2077.059 2074.008 2062.049 2054.519 2046.538 2038.824 2036.031 2031.512 2025.956 2018.164 2011.577 2002.826 1992.61 1982.871 1974.611 1958.088 1949.738 1954.386 1960.211 1966.537 1975.717 1971.667
2238.18 2233.124 2225.753 2220.231 2215.496 2210.247 2204.467 2198.787 2192.035 2186.32 2181.003 2174.95 2170.687 2160.889 2158.124 2158.875 2159.349 2160.282 2161.216 2159.187 2152.643 2144.459 2136.031 2127.117 2116.852 2104.643 2095.992 2095.376 2093.187 2090.834 2086.793 2080.562 2078.667 2066.611 2056.052 2048.949 2056.128 2061.759 2065.811 2060.75 2062.65 2057.502 2045.263 2034.204 2033.037 2045.515 2053.264 2065.415 2070.772 2070.25 2059.721 2049.58 2043.306 2033.992 2024.777 2023.009 2015.558 2011.631 2003.76 1996.621 1990.427 1980.251 1969.868 1956.137 1953.497 1966.774 1973.049 1980.299 1982.037 1982.316
2240.531 2233.3 2227.392 2223.301 2216.934 2210.357 2206.274 2200.291 2193.959 2187.702 2181.388 2176.645 2172.073 2167.28 2164.523 2163.552 2161.51 2157.976 2157.125 2153.113 2148.336 2141.109 2131.696 2122.533 2112.078 2104.659 2103.725 2112.415 2107.255 2098.608 2091.745 2088.762 2083.226 2073.404 2063.045 2052.101 2045.425 2055.954 2059.425 2061.686 2057.53 2055.303 2048.363 2036.707 2023.604 2027.711 2045.261 2058.677 2062.666 2060.924 2057.402 2051.465 2040.867 2033.683 2026.118 2014.57 2009.939 2000.93 1997.018 1986.184 1981.634 1973.097 1967.462 1953.787 1961.542 1974.096 1986.638 1993.445 1993.083 1988.16
2244.385 2236.363 2230.441 2224.052 2217.73 2213.404 2207.704 2201.073 2196.097 2188.595 2182.913 2183.419 2181.693 2172.719 2171.451 2168.747 2163.521 2158.109 2152.969 2146.714 2144.023 2136.762 2132.586 2123.218 2116.718 2115.955 2118.77 2117.3 2109.747 2098.198 2094.202 2088.137 2084.257 2074.535 2062.269 2049.051 2040.812 2046.761 2051.299 2051.257 2052.183 2051.761 2051.712 2040.571 2026.269 2020.384 2036.314 2046.574 2053.861 2054.576 2053.299 2046.378 2039.399 2037.319 2028.13 2018.162 2011.991 2002.516 1994.616 1986.405 1979.843 1975.552 1962.806 1954.742 1966.178 1983.74 1996.415 2002.677 2003.243 1991.965
2247.008 2240.999 2232.82 2226.426 2221.168 2214.313 2207.504 2203.773 2197.377 2191.036 2189.181 2188.029 2183.625 2180.632 2176.123 2172.894 2167.823 2159.716 2155.303 2148.974 2145.039 2139.647 2135.192 2130.285 2125.309 2127.694 2131.138 2125.272 2112.183 2102.978 2097.385 2087.71 2078.414 2070.755 2059.008 2053.681 2040.978 2035.569 2037.825 2044.418 2046.774 2045.338 2048.565 2041.972 2030.483 2015.452 2025.437 2039.686 2045.814 2048.681 2051.477 2043.399 2035.293 2027.907 2023.361 2014.152 2009.8 1999.635 1995.744 1988.549 1984.36 1977.229 1960.472 1960.923 1974.001 1987.958 2002.405 2014.725 2010.986 2003.066
2253.695 2245.975 2236.243 2228.047 2221.294 2214.935 2210.223 2207.09 2195.704 2195.598 2195.243 2190.569 2186.726 2184.523 2173.18 2168.969 2164.782 2160.044 2156.571 2149.271 2145.398 2143.35 2140.475 2136.216 2133.047 2139.16 2142.727 2135.384 2121.971 2113.962 2102.588 2093.938 2090.811 2078.553 2068.924 2058.267 2048.817 2043.258 2030.869 2025.37 2035.409 2036.786 2038.204 2038.5 2028.373 2012.698 2018.528 2031.087 2041.562 2047.133 2049.788 2044.087 2037.395 2029.958 2024.012 2020.265 2013.427 2006.393 1999.953 1991.959 1986.861 1973.186 1960.472 1963.08 1981.087 1996.424 2007.23 2021.653 2022.281 2011.347
2255.204 2247.339 2237.072 2229.665 2220.178 2213.546 2209.015 2203.307 2196.806 2198.001 2197.865 2193.235 2187.281 2180.066 2172.687 2165.478 2158.458 2156.963 2152.64 2147.493 2147.275 2147.386 2144.49 2142.521 2142.7 2147.511 2149.902 2141.7 2130.351 2117.108 2105.632 2101.471 2096.073 2084.69 2076.772 2064.704 2057.454 2054.336 2043.372 2027.934 2020.801 2027.588 2028.996 2028.411 2020.496 2007.807 2013.058 2026.596 2037.421 2040.891 2044.32 2043.101 2040.344 2040.134 2037.983 2025.12 2010.965 2005.12 1996.184 1990.026 1981.696 1968.179 1960.472 1971.688 1984.153 1995.615 2010.893 2026.07 2028.131 2020.975
2242.982 2246.84 2239.163 2229.884 2218.465 2215.408 2209.778 2206.392 2204.541 2205.194 2200.231 2197.806 2187.242 2178.321 2172.152 2163.672 2158.216 2153.547 2149.804 2149.1 2155.545 2147.519 2146.792 2147.986 2150.092 2153.653 2154.786 2142.98 2134.416 2121.554 2113.542 2105.518 2096.411 2085.209 2077.423 2069.68 2064.962 2058.425 2049.496 2041.646 2028.781 2016.552 2022.5 2020.723 2011.551 2001.455 2008.733 2017.116 2022.094 2033.974 2038.686 2037.758 2039.224 2037.206 2031.889 2020.839 2011.286 2001.389 1990.29 1983.362 1975.956 1963.234 1965.913 1980.357 1985.578 1991.657 2007.544 2018.24 2027.264 2025.173
2243.183 2245.217 2240.915 2231.146 2221.49 2217.767 2214.205 2214.352 2212.931 2211.673 2207.031 2197.958 2189.863 2182.317 2171.588 2166.882 2162.613 2158.905 2147.257 2147.008 2152.657 2149.417 2146.482 2152.113 2155.892 2160.379 2156.478 2147.816 2134.968 2120.637 2110.845 2101.653 2096.852 2085.467 2073.528 2065.477 2061.355 2059.481 2053.052 2047.918 2037.034 2026.032 2010.129 2010 2000.457 1996.905 1996.575 2003.208 2014.908 2019.676 2028.56 2026.679 2030.201 2025.838 2023.223 2015.833 2006.211 1997.469 1990.04 1979.018 1963.878 1963.234 1973.891 1986.149 1992.314 1996.502 2001.395 2015.122 2027.409 2030.807
2242.758 2241.377 2237.442 2233.063 2228.429 2221.986 2221.873 2220.278 2221.628 2219.983 2213.502 2202.586 2193.561 2188.087 2181.913 2178.118 2171.708 2161.784 2152.928 2140.946 2141.49 2142.951 2148.855 2152.987 2157.567 2158.525 2152.473 2142.467 2130.097 2114.85 2103.154 2095.579 2092.848 2085.971 2075.866 2067.908 2060.768 2053.581 2049.684 2045.438 2041.615 2036.213 2020.947 2013.5 2010.438 2011.38 1997.821 1989.705 2002.342 2011.529 2015.314 2014.605 2020.207 2018.267 2010.917 2008.983 1999.324 1991.595 1981.774 1972.425 1963.234 1966.228 1983.937 1992.208 1999.905 2003.835 2003.724 2010.506 2016.086 2025.325
2226.125 2231.323 2231.79 2231.142 2228.002 2224.248 2223.895 2225.096 2226.214 2227.446 2221.3 2212.44 2203.084 2193.348 2190.996 2186.011 2176.046 2165.945 2151.679 2139.622 2134.104 2139.546 2147.723 2150.53 2153.836 2152.026 2148.335 2135.301 2124.289 2111.506 2097.266 2094.218 2087.457 2083.142 2076.088 2064.762 2058.219 2052.854 2043.91 2037.885 2038.952 2037.11 2025.693 2017.809 2016.188 2015.154 2007.397 1989.405 1986.33 1998.274 2004.341 2003.805 2007.412 2008.781 2004.458 1995.997 1991.325 1979.717 1970.668 1963.234 1963.234 1973.143 1987.162 1997.16 2008.564 2014.851 2013.239 2014.919 2017.593 2024.331
2220.224 2224.892 2228.163 2227.472 2225.022 2222.344 2220.625 2226.397 2230.465 2232.515 2230.732 2224.057 2213.337 2204.677 2194.12 2179.411 2168.655 2159.291 2143.087 2135.21 2126.676 2130.043 2139.357 2142.297 2141.38 2145.764 2142.808 2130.855 2120.118 2108.42 2100.257 2095.615 2084.987 2076.131 2070.152 2060.601 2056.587 2050.246 2039.34 2027.344 2030.26 2032.202 2022.522 2013.804 2012.914 2023.486 2014.772 1995.36 1982.486 1986.606 1990.531 1991.698 1997.123 1997.615 1994.866 1983.005 1975.044 1966.568 1963.33 1968.432 1971.516 1979.634 1993.152 2004.552 2010.462 2017.991 2025.271 2025.682 2023.5 2026.075
