landlab/components/overland_flow/examples/SpringCreek.asc
ncols         245
nrows         258
xllcorner     994515.91663383
yllcorner     4370139.5556715
cellsize      30
NODATA_value  -9999
[rows 155 to 185 of 258, columns 70 to 139 of 245]
2327.737 2324.57 2322.689 2321.121 2320.874 2322.396 2327.134 2329.872 2332.04 2331.636 2329.474 2325.18 2322.835 2321.733 2320.55 2318.856 2319.71 2312.161 2302.855 2292.02 2288.203 2283.634 2278.995 2272.276 2264.732 2255.148 2251.507 2247.009 2243.79 2237.433 2231.99 2230.522 2231.802 2236.856 2242.895 2243.032 2240.627 2240.462 2235.875 2226.756 2219.559 2210.927 2202.191 2194.114 2196.943 2206.974 2217.705 2228.552 2238.143 2246.468 2250.351 2255.772 2260.958 2265.885 2269.993 2267.294 2270.227 2270.227 2263.168 2257.215 2255.784 2256.359 2255.496 2255.716 2255.106 2257.571 2259.516 2258.475 2263.182 2265.899
2328.3 2325.406 2322.237 2319.167 2318.836 2320.004 2321.742 2327.217 2331.291 2330.79 2325.398 2319.328 2320.266 2320.943 2319.599 2316.826 2317.817 2310.69 2303.041 2294.906 2287.844 2278.914 2271.755 2269.252 2259.271 2255.287 2247.433 2243.008 2241.614 2236.224 2233.973 2233.409 2237.412 2241.162 2242.174 2241.78 2241.627 2245.131 2232.73 2226.381 2216.228 2205.325 2199.559 2197.01 2203.487 2208.866 2221.984 2231.034 2241.95 2247.602 2250.448 2256.3 2258.479 2258.475 2257.37 2260.585 2269.323 2266.424 2263.67 2260.191 2259.018 2258.074 2259.153 2258.505 2256.699 2258.885 2261.24 2265.316 2269.181 2270.177
2327.33 2324.293 2320.964 2318.536 2316.872 2316.909 2316.446 2322.401 2327.966 2326.98 2320.085 2316.794 2318.439 2319.829 2319.404 2316.885 2313.571 2311.185 2306.844 2298.382 2290.972 2279.518 2272.812 2267.833 2261.682 2257.414 2248.911 2244.009 2243.27 2239.875 2237.724 2241.281 2245.668 2245.989 2243.767 2241.454 2239.292 2239.648 2231.697 2222.657 2211.161 2203.22 2198.463 2202.405 2208.481 2215.615 2222.912 2231.581 2239.167 2242.798 2245.307 2249.869 2249.084 2249.715 2251.253 2254.831 2255.699 2258.901 2262.251 2264.982 2266.041 2263.267 2262.025 2263.04 2261.746 2262.27 2263.969 2267.03 2270.471 2273.671
2324.254 2322.098 2319.835 2317.997 2316.034 2314.85 2315.262 2318.438 2322.209 2322.729 2318.091 2315.756 2317.285 2318.979 2319.202 2315.807 2308.167 2308.518 2307.518 2303.095 2293.798 2283.469 2273.533 2268.149 2260.45 2255.504 2250.791 2248.64 2246.659 2244.009 2242.583 2245.483 2248.076 2247.255 2244.255 2241.195 2235.392 2231.28 2227.548 2219.332 2210.549 2201.038 2201.227 2205.998 2207.552 2216.77 2223.006 2229.289 2231.099 2234.003 2236.661 2240.891 2243.548 2243.566 2246.405 2253.95 2257.051 2259.71 2264.37 2268.163 2269.882 2266.389 2267.135 2266.99 2266.264 2265.801 2266.248 2267.241 2270.629 2277.76
2321.789 2319.569 2317.014 2316.928 2314.936 2313.431 2312.957 2315.741 2319.063 2319.965 2317.465 2313.979 2313.112 2317.377 2318.021 2313.092 2305.644 2305.412 2306.363 2302.791 2293.556 2284.474 2272.211 2267.849 2260.613 2255.047 2254.192 2251.85 2248.987 2246.171 2246.664 2249.673 2249.956 2248.137 2245.013 2241.195 2235.115 2231.682 2225.49 2218.725 2211.966 2204.669 2202.931 2208.812 2222.341 2217.543 2219.884 2222.668 2227.78 2230.897 2233.703 2239.977 2242.767 2246.958 2252.262 2257.915 2262.834 2267.707 2269.024 2269.409 2271.049 2269.426 2271.023 2270.515 2268.473 2267.782 2269.236 2268.013 2272.981 2281.592
2318.267 2318.455 2315.441 2312.769 2311 2309.822 2308.922 2312.411 2316.379 2317.75 2315.6 2309.126 2306.734 2311.36 2312.795 2307.245 2302.785 2301.886 2300.085 2296.052 2290.297 2283.054 2274.244 2269.022 2264.44 2260.502 2257.349 2254.073 2251.61 2251.471 2252.773 2255.122 2254.375 2249.328 2245.778 2240.779 2236.374 2231.599 2225.234 2220.824 2213.931 2208.957 2203.581 2205.989 2208.446 2214.074 2220.066 2221.716 2229.591 2233.913 2239.193 2245.868 2248.594 2254.143 2259.83 2261.8 2269.699 2274.056 2274.765 2274.557 2273.994 2275.419 2275.22 2273.439 2270.448 2268.533 2270.749 2268.918 2273.397 2282.302
2315.76 2315.979 2313.846 2310.079 2305.563 2307.277 2304.752 2309.587 2312.288 2313.286 2311.448 2307.909 2304.713 2308.196 2308.677 2305.853 2300.852 2294.997 2293.546 2290.472 2285.01 2278.236 2274.387 2271.563 2268.63 2263.58 2257.625 2254.693 2254.376 2254.076 2253.568 2257.22 2254.657 2249.737 2245.68 2240.495 2235.359 2229.87 2224.614 2218.897 2213.011 2209.451 2205.642 2211.246 2212.381 2215.639 2220.786 2225.73 2233.785 2238.26 2245.237 2251.753 2256.677 2259.605 2267.105 2267.61 2272.739 2280.4 2282.084 2278.802 2278.636 2279.347 2280.858 2278.211 2274.205 2272.758 2273.113 2272.273 2275.39 2282.184
2311.093 2311.416 2310.255 2308.889 2304.794 2305.415 2304.375 2306.884 2309.15 2310.348 2307.441 2305.336 2302.755 2303.653 2306.551 2305.916 2304.546 2295.125 2289.486 2285.565 2282.124 2276.845 2268.804 2269.776 2269.403 2263.727 2256.925 2255.011 2256.865 2254.759 2251.451 2249.871 2249.298 2245.607 2242.81 2241.104 2234.442 2228.358 2221.362 2215.284 2210.488 2207.407 2210.674 2219.28 2221.791 2218.548 2218.997 2228.336 2233.138 2240.471 2250.103 2256.804 2264.422 2268.979 2268.614 2274.272 2278.776 2284.474 2289.642 2284.451 2282.043 2286.542 2285.684 2281.876 2278.546 2277.679 2279.481 2277.528 2277.805 2281.486
2306.488 2307.835 2306.111 2306.678 2304.904 2303.017 2302.399 2304.996 2307.166 2307.936 2306.947 2303.976 2299.991 2296.333 2298.266 2302.246 2305.049 2298.636 2292.866 2279.843 2277.465 2272.793 2267.639 2265.258 2264.903 2260.126 2255.612 2251.591 2250.382 2249.109 2244.423 2245.561 2243.916 2243.268 2245.884 2245.844 2237.328 2231.372 2218.213 2211.965 2210.538 2211.747 2217.077 2222.923 2223.898 2220.885 2222.907 2232.667 2239.128 2245.042 2255.903 2263.174 2270.868 2274.39 2278.283 2279.896 2279.774 2289.375 2294.953 2293.636 2293.004 2294.31 2293.09 2285.089 2280.971 2281.31 2283.68 2282.815 2280.581 2281.625
2306.113 2306.704 2304.477 2304.211 2303.282 2300.756 2299.061 2300.835 2305.263 2306.401 2305.765 2302.096 2298.251 2294.21 2292.376 2297.641 2305.633 2297.141 2290.255 2276.487 2267.571 2269.461 2265.261 2259.142 2255.558 2256.007 2253.711 2248.235 2243.778 2245.685 2242.989 2241.356 2241.082 2243.791 2258.957 2240.78 2236.258 2229.01 2217.171 2211.733 2213.274 2217.244 2218.286 2223.017 2228.82 2227.204 2230.312 2235.914 2243.994 2252.502 2256.824 2268.941 2277.024 2282.562 2285.54 2291.532 2291.859 2295.553 2296.397 2294.912 2292.798 2292.978 2294.617 2292.008 2285.256 2290.358 2289.923 2287.142 2287.341 2283.665
2305.625 2306.18 2303.426 2301.518 2299.854 2296.878 2293.559 2296.704 2301.192 2303.18 2303.152 2300.374 2297.018 2292.476 2290.428 2293.058 2293.07 2290.101 2281.878 2272.254 2265.483 2262.179 2260.685 2257.205 2253.228 2252.43 2249.77 2246.683 2243.985 2242.102 2241.098 2238.756 2236.542 2236.755 2235.593 2229.695 2228.555 2224.378 2219.194 2212.406 2217.334 2221.334 2224.332 2229.518 2232.068 2233.638 2231.596 2238.236 2247.313 2253.773 2260.271 2267.36 2273.935 2290.287 2299.934 2301.613 2304.217 2299.072 2296.672 2293.524 2290.972 2289.447 2293.776 2295.016 2293.024 2294.758 2293.256 2290.809 2293.104 2293.176
2302.746 2304.14 2301.372 2298.864 2297.125 2295.428 2293.069 2294.001 2297.339 2298.694 2299.02 2298.154 2295.972 2292.611 2284.529 2282.501 2281.758 2275.892 2274.2 2267.948 2256.922 2255.521 2255.352 2254.237 2251.299 2249.05 2246.439 2244.243 2243.699 2240.492 2237.878 2235.82 2234.328 2231.402 2228.474 2224.905 2219.951 2217.761 2215.371 2213.902 2218.208 2223.376 2229.957 2233.659 2238.572 2241.345 2231.431 2233.811 2244.913 2251.352 2258.58 2263.522 2270.363 2287.886 2297.296 2308.248 2305.454 2297.666 2293.275 2288.368 2283.286 2286.32 2289.828 2294 2294.351 2293.348 2293.465 2291.328 2293.152 2295.188
2295.82 2298.387 2297.289 2294.903 2295.425 2295.11 2293.244 2292.576 2294.549 2296.398 2294.808 2295.113 2294.891 2292.277 2286.913 2282.573 2277.467 2269.305 2267.515 2264.199 2258.485 2256.912 2253.581 2250.421 2246.338 2247.058 2246.22 2244.721 2241.67 2239.258 2236.197 2233.166 2231.051 2227.537 2223.189 2219.494 2217.489 2218.715 2219.834 2220.736 2220.215 2223.916 2229.154 2231.271 2236.572 2240.907 2234.93 2235.086 2241.238 2244.317 2253.617 2259.318 2268.932 2280.735 2289.755 2295.646 2296.381 2292.974 2287.545 2283.825 2278.852 2281.778 2285.498 2289.446 2287.849 2286.849 2287.926 2289.632 2292.473 2294.979
2293.292 2295.581 2294.68 2292.854 2294.299 2294.797 2293.438 2291.988 2293.451 2294.59 2293.511 2293.085 2294.433 2295.01 2295.23 2291.573 2286.072 2279.902 2274.281 2271.203 2266.398 2258.788 2253.246 2248.714 2244.595 2244.143 2245.581 2245.309 2243.407 2237.304 2233.762 2231.472 2228.537 2224.462 2221.04 2219.11 2219.87 2222.392 2224.427 2225.084 2225.28 2227.681 2230.02 2234.607 2238.167 2242.126 2245.57 2244.81 2244.016 2243.349 2243.641 2253.981 2264.364 2272.099 2279.643 2283.066 2284.801 2285.271 2284.542 2279.806 2276.107 2277.816 2281.206 2282.669 2281.947 2280.436 2282.304 2287.333 2290.997 2294.152
2293.121 2294.327 2293.208 2291.783 2293.629 2294.388 2293.906 2291.429 2292.726 2293.986 2292.304 2292.836 2293.876 2295.314 2296.975 2297.273 2293.448 2288.264 2279.69 2271.223 2266.858 2258.39 2254.235 2248.679 2244.401 2242.816 2243.347 2244.906 2240.065 2234.021 2231.391 2229.103 2226.78 2224.162 2221.434 2219.891 2221.608 2225.882 2228.045 2230.628 2229.216 2229.968 2233.181 2236.874 2240.833 2244.578 2248.333 2249.198 2248.034 2247.08 2247.114 2250.909 2255.732 2263.524 2271.466 2272.443 2276.178 2277.907 2277.781 2275.638 2272.419 2273.571 2277.087 2278.39 2279.328 2280.822 2283.453 2287.227 2291.047 2294.792
2291.52 2293.066 2289.51 2288.736 2293.543 2294.021 2293.613 2289.68 2288.492 2290.583 2289.954 2289.886 2292.686 2293.365 2299.202 2298.569 2295.82 2290.816 2281.492 2275.982 2268.359 2257.554 2254.212 2248.136 2243.728 2241.823 2240.018 2237.348 2233.227 2230.468 2228.745 2226.653 2224.841 2222.756 2222.808 2225.134 2227.546 2231.238 2232.992 2233.384 2232.372 2231.093 2234.987 2239.679 2243.583 2248.753 2252.154 2255.331 2254.963 2252.642 2251.871 2253.716 2253.665 2254.45 2256.916 2267.321 2268.272 2268.81 2268.732 2268.222 2268.444 2270.035 2274.378 2276.729 2278.645 2281.147 2283.811 2286.981 2289.881 2293.516
2289.152 2288.125 2286.258 2284.126 2290.152 2293.1 2292.231 2283.494 2284.003 2285.982 2285.482 2282.113 2288.575 2293.581 2305.876 2299.225 2293.835 2291.956 2282.7 2275.872 2266.978 2260.644 2254.392 2247.635 2244.797 2241.778 2238.817 2234.982 2231.714 2229.693 2226.538 2224.164 2223.873 2224.257 2226.4 2229.642 2232.852 2233.197 2235.718 2236.055 2234.677 2234.638 2239.604 2241.942 2246.879 2252.058 2256.956 2259.652 2259.77 2257.225 2257.754 2256.402 2257.232 2258.316 2259.285 2263.21 2266.036 2266.709 2266.821 2268.508 2270.141 2271.329 2274.357 2277.039 2278.803 2280.243 2282.007 2284.728 2289.563 2292.857
2286.233 2283.263 2281.014 2280.304 2281.661 2281.728 2284.366 2280.312 2281.295 2284.052 2283.351 2280.445 2281.282 2291.665 2301.806 2291.618 2287.311 2286.928 2282.454 2270.563 2265.667 2256.582 2254.675 2249.345 2245.375 2243.687 2240.417 2236.069 2233.172 2230.08 2225.872 2226.325 2228.11 2229.819 2230.614 2233.686 2235.001 2237.063 2238.276 2239.079 2239.732 2240.306 2244.231 2247.103 2251.831 2256.028 2259.985 2263.98 2264.19 2263.017 2262.556 2261.334 2262.904 2268.279 2269.628 2270.931 2271.957 2272.702 2277.597 2276.452 2274.82 2275.294 2276.483 2277.995 2279.926 2281.226 2280.712 2283.083 2290.309 2293.646
2285.002 2282.961 2281.251 2280.635 2280.276 2280.032 2279.186 2277.974 2278.704 2280.708 2282.391 2279.669 2279.049 2285.725 2288.543 2287.061 2280.343 2282.926 2279.515 2272.797 2268.444 2260.108 2258.492 2252.631 2246.066 2243.748 2239.784 2235.328 2233.58 2229.141 2226.871 2228.459 2231.898 2233.686 2234.395 2236.499 2237.776 2239.112 2241.54 2242.302 2243.945 2245.615 2247.229 2253.632 2255.946 2259.991 2265.341 2267.78 2267.661 2267.9 2269.668 2267.612 2271.039 2274.648 2282.044 2284.127 2284.932 2284.761 2284.106 2283.328 2279.5 2280.936 2280.272 2279 2281.548 2284.414 2285.077 2286.657 2289.285 2291.844
2285.147 2283.463 2282.328 2281.516 2281.1 2280.881 2278.982 2276.115 2274.738 2274.504 2280.352 2278.135 2271.309 2281.043 2281.69 2280.028 2278.797 2280.32 2277.261 2269.798 2265.603 2259.702 2255.795 2249.587 2244.324 2241.47 2238.052 2235.35 2231.271 2227.694 2228.938 2231.149 2233.92 2235.529 2237.754 2239.434 2240.692 2242.419 2243.315 2245.825 2248.317 2250.807 2253.328 2256.906 2261.129 2265.056 2269.088 2274.149 2274.313 2272.639 2277.979 2277.005 2279.003 2286.892 2290.851 2298.147 2297.573 2295.142 2291.142 2286.164 2285.846 2288.117 2285.007 2280.763 2283.265 2286.432 2290.793 2291.242 2291.118 2290.894
2284.805 2283.721 2283.074 2282.389 2282.089 2281.622 2280.51 2274.88 2272.063 2269.131 2270.563 2272.115 2268.267 2273.577 2275.96 2275.772 2275.9 2276.771 2274.034 2270.261 2264.406 2260.526 2255.421 2248.876 2245.32 2240.356 2236.391 2233.036 2229.685 2229.357 2231.771 2233.252 2235.105 2237.726 2240.174 2242.452 2243.737 2245.835 2247.407 2248.953 2252.549 2256.031 2259.014 2260.638 2264.512 2267.148 2273.368 2283.254 2284.539 2279.799 2287.007 2289.745 2293.494 2303.985 2312.366 2311.856 2310.531 2303.973 2296.29 2291.32 2292.181 2294.438 2292.532 2286.944 2291.973 2291.908 2294.35 2297.597 2295.344 2292.516
2284.382 2283.077 2282.647 2282.054 2281.748 2280.8 2275.67 2270.842 2270.041 2269.034 2267.498 2268.368 2268.002 2271.405 2271.198 2269.062 2272.164 2273.303 2271.983 2268.67 2263.565 2259.016 2253.756 2249.092 2244.338 2239.117 2235.518 2231.623 2230.22 2232.49 2234.156 2235.841 2237.774 2240.152 2242.253 2244.609 2247.831 2249.783 2252.415 2254.1 2254.718 2259.91 2262.989 2266.029 2270.542 2274.989 2278.566 2293.106 2299.205 2295.513 2300.42 2300.286 2308.056 2316.307 2330.055 2324.879 2316.806 2308.897 2301.831 2296.592 2297.281 2296.809 2293.978 2291.431 2293.039 2296.963 2301.151 2303.577 2306.322 2300.346
2283.888 2281.689 2281.083 2281.049 2280.875 2278.443 2272.846 2268.57 2268.198 2267.767 2266.957 2266.575 2266.67 2268.213 2269.491 2267.407 2269.828 2271.189 2270.358 2266.75 2263.182 2257.504 2252.678 2247.758 2242.862 2238.931 2234.489 2230.924 2232.241 2234.461 2236.389 2238.077 2240.263 2241.904 2243.123 2247.286 2250.164 2255.008 2257.841 2259.72 2260.069 2262.524 2267.719 2271.496 2280.64 2293.285 2296.808 2294.248 2312.987 2313.311 2315.839 2320.74 2320.096 2325.599 2337.446 2339.089 2324.881 2313.095 2306.637 2303.331 2302.38 2299.535 2294.83 2292.314 2292.059 2300.697 2305.789 2310.308 2310.629 2308.434
2284.282 2281.802 2280.569 2280.475 2280.269 2281.111 2280.353 2273.106 2269.802 2267.855 2267.105 2266.657 2266.078 2265.604 2265.746 2265.567 2267.418 2268.469 2268.601 2265.644 2260.93 2256.329 2251.24 2245.543 2241.987 2238.681 2234.129 2231.843 2233.882 2236.368 2238.073 2240.03 2241.968 2244.553 2245.421 2249.86 2255.661 2259.704 2266.531 2266.982 2266.895 2267.174 2272.496 2278.386 2289.786 2307.084 2310.732 2308.672 2315.291 2320.768 2325.545 2327.419 2327.372 2329.91 2341.637 2345.563 2329.271 2322.885 2316.404 2310.881 2308.051 2302.558 2296.557 2292.14 2291.964 2298.065 2307.881 2317.604 2318.056 2312.745
2284.898 2282.395 2282.127 2281.956 2281.972 2282.292 2281.205 2276.651 2269.154 2269.508 2269.25 2267.567 2265.76 2263.943 2262.266 2261.836 2263.112 2265.043 2263.794 2262.161 2258.534 2255.34 2250.071 2244.11 2241.908 2238.001 2234.356 2232.777 2235.702 2237.991 2241.015 2242.944 2243.462 2246.148 2249.298 2252.309 2258.629 2268.435 2270.84 2273.881 2276.315 2276.645 2282.885 2288.422 2297.726 2308.99 2317.156 2319.91 2320.992 2324.925 2330.721 2333.282 2334.84 2337.025 2343.799 2351.946 2337.702 2330.407 2324.287 2319.11 2310.103 2302.615 2299.951 2294.072 2292.481 2296.883 2304.474 2313.503 2320.235 2320.005
2286.821 2285.572 2284.74 2284.434 2283.412 2282.31 2281.255 2278.907 2279.47 2276.168 2272.395 2268.548 2266.416 2263.137 2258.702 2257.505 2259.046 2258.974 2260.359 2258.656 2256.769 2253.748 2249.137 2246.267 2242.705 2237.686 2235.343 2234.371 2236.975 2239.492 2243.415 2245.613 2246.016 2248.187 2250.31 2253.778 2256.81 2263.338 2270.104 2276.686 2282.675 2290.959 2292.473 2298.989 2305.095 2310.142 2316.514 2321.262 2325.109 2330.23 2331.812 2335.138 2341.821 2344.229 2353.645 2355.686 2349.033 2337.447 2326.059 2319.037 2310.102 2304.986 2305.03 2298.778 2295.624 2297.401 2301.864 2305.678 2317.634 2320.599
2289.86 2290.212 2288.191 2285.667 2284.001 2281.249 2280.204 2281.067 2282.113 2281.55 2272.91 2267.769 2267.144 2263.832 2259.252 2256.32 2256.103 2255.748 2256.13 2256.499 2254.942 2251.235 2247.582 2245.456 2241.911 2237.835 2235.272 2236.185 2238.124 2240.8 2244.104 2246.48 2248.595 2250.56 2252.601 2255.823 2256.958 2261.68 2266.911 2272.684 2284.202 2292.11 2294.353 2305.092 2308.842 2313.672 2318.882 2319.938 2324.15 2328.33 2330.161 2333.354 2336.266 2339.871 2349.291 2356.01 2346.493 2334.384 2326.584 2316.578 2316.135 2313.335 2307.858 2302.893 2299.751 2299.793 2300.585 2303.021 2309.443 2316.498
2293.298 2293.36 2290.447 2287.923 2284.725 2281.099 2280.941 2282.42 2282.301 2280.605 2275.893 2272.628 2271.014 2268.526 2263.124 2258.317 2256.033 2255.046 2254.227 2253.869 2252.548 2248.937 2246.783 2243.708 2239.973 2237.657 2236.497 2239.26 2241.082 2241.951 2243.712 2246.964 2250.951 2253.551 2255.502 2257.298 2259.825 2263.419 2265.354 2269.285 2276.237 2280.969 2293.355 2305.54 2307.916 2310.181 2314.446 2317.966 2320.133 2322.447 2325.729 2328.081 2330.952 2338.016 2341.469 2341.087 2338.903 2334.994 2330.247 2328.232 2323.237 2320.071 2314.816 2304.904 2301.523 2301.962 2302.88 2303.362 2304.059 2307.848
2293.152 2293.083 2290.9 2288.907 2286.661 2284.827 2285.058 2282.991 2280.897 2279.903 2280.065 2278.714 2271.263 2268.683 2264.767 2259.411 2256.81 2256.652 2254.347 2252.305 2249.667 2247.959 2245.18 2241.738 2239.051 2237.468 2239.191 2242.711 2244.801 2243.941 2244.029 2247.917 2251.373 2255.676 2258.552 2259.456 2262.124 2265.151 2267.703 2268.094 2269.335 2283.507 2295.114 2294.673 2295.144 2303.978 2307.926 2315.198 2317.052 2317.052 2323.001 2327.923 2332.03 2337.56 2339.851 2338.676 2335.2 2332.868 2331.56 2328.784 2321.001 2320.127 2318.869 2305.337 2302.454 2303.48 2305.597 2306.142 2304.952 2304.474
2292.069 2292.215 2290.299 2289.79 2290.31 2289.82 2287.173 2284.771 2281.985 2281.49 2281.519 2278.247 2270.798 2268.947 2268.758 2264.118 2260.076 2257.492 2255.558 2251.138 2247.151 2244.771 2244.072 2240.977 2238.771 2239.924 2241.793 2245.009 2247.054 2247.133 2247.218 2249.875 2252.689 2255.921 2258.468 2261.711 2265 2266.798 2270.475 2275.854 2278.72 2279.553 2284.62 2292.177 2300.518 2309.338 2315.083 2318.295 2319.056 2318.757 2327.702 2329.668 2333.971 2338.25 2341.116 2338.577 2334.249 2328.353 2324.737 2322.371 2316.696 2316.568 2312.896 2304.698 2304.135 2304.307 2307.575 2309.764 2309.982 2307.76
2290.636 2290.166 2289.748 2290.361 2293.33 2292.964 2290.342 2285.857 2282.722 2280.7 2279.507 2277.076 2273.614 2271.156 2269.036 2265.857 2260.491 2258.214 2255.948 2249.622 2246.358 2244.03 2241.936 2240.277 2240.763 2241.888 2243.699 2246.777 2248.351 2250.257 2251.049 2252.468 2254.167 2255.45 2257.178 2263.333 2267.855 2270.015 2275.302 2281.157 2285.566 2292.672 2296.469 2301.28 2309.484 2316.313 2321.877 2324.836 2328.862 2331.474 2332.262 2335.178 2338.162 2341.606 2343.144 2339.655 2331.491 2322.889 2316.58 2316.396 2315.433 2314.408 2311.209 2308.08 2307.25 2306.65 2309.16 2315.865 2317.822 2316.878
