landlab/components/overland_flow/examples/springcreek_30m.asc
ncols         272
nrows         260
xllcorner     994515.98652089
yllcorner     4370144.2350973
cellsize      30
NODATA_value  -9999
[rows 62 to 92 of 260, columns 140 to 209 of 272]
2216.979 2219.303 2223.364 2224.394 2222.409 2220.257 2212.771 2217.843 2223.561 2229.279 2232.23 2226.611 2220.918 2212.379 2194.594 2173.501 2160.875 2144.936 2132.869 2122.059 2117.455 2120.885 2125.845 2126.953 2125.318 2132.002 2136.637 2132.789 2120.573 2110.977 2106.43 2096.232 2089.453 2084.103 2072.625 2062.679 2056.054 2046.256 2038.175 2024.057 2022.975 2025.295 2018.17 2004.672 2007.388 2012.209 2003.312 1994.775 1979.575 1978.619 1978.91 1978.829 1981.6 1985.786 1977.683 1972.102 1966.568 1972.023 1971.85 1982.496 1984.63 1982.885 1996.437 2008.986 2018.249 2024.246 2031.978 2034.348 2026.008 2030.986
2214.78 2220.283 2223.321 2222.397 2220.69 2211.953 2202.688 2204.646 2211.323 2215.35 2218.294 2216.631 2205.369 2201.015 2190.541 2181.87 2163.073 2146.511 2133.119 2116.123 2104.332 2103.356 2114.456 2112.368 2112.357 2118.589 2123.21 2125.891 2119.177 2113.6 2107.751 2095.278 2089.606 2085.334 2077.2 2067.551 2056.038 2043.092 2030.281 2017.204 2012.649 2016.04 2011.305 2001.585 1996.596 1995.709 1992.9 1987.488 1978.278 1975.935 1975.935 1975.935 1974.98 1972.102 1972.102 1975.737 1978.662 1983.86 1985.647 1987.746 1995.508 1986.776 2002.435 2010.789 2023.162 2033.87 2039.006 2036.901 2036.463 2039.1
2216.063 2221.978 2222.986 2220.748 2209.618 2199.21 2192.488 2191.169 2196.264 2199.382 2199.399 2196.997 2194.422 2180.844 2175.866 2171.548 2160.935 2148.779 2130.588 2114.714 2103.625 2089.432 2097.326 2100.324 2096.021 2102.899 2102.966 2107.844 2108.225 2101.274 2093.848 2083.99 2076.509 2074.29 2070.271 2064.642 2053.612 2045.442 2030.792 2009.393 2007.764 2011.4 2001.456 1998.277 1990.448 1984.737 1981.56 1979.293 1980.646 1983.143 1985.823 1987.57 1985.292 1978.481 1977.546 1985.368 1990.591 1993.384 1997.093 1996.549 2001.077 1995.714 2004.945 2017.342 2031.414 2037.028 2047.765 2043.124 2043.554 2048.33
2218.975 2223.985 2221.005 2211.654 2196.376 2187.383 2180.034 2175.038 2178.57 2177.6 2178.739 2178.016 2176.235 2172.458 2163.456 2160.032 2152.654 2142.262 2125.988 2113.015 2099.213 2083.583 2079.284 2080.533 2089.223 2084.625 2082.491 2080.789 2087.342 2088.279 2075.684 2065.961 2062.258 2061.313 2061.586 2056.856 2050.387 2035.19 2018.63 2006.383 2000.249 1997.595 1992.475 1986.013 1982.549 1982.52 1988.506 1991.654 1994.314 1996.088 1996.48 1998.571 1995.922 1988.488 1988.879 1996.66 1999.59 2004.873 2010.543 2003.358 2009.471 2005.222 2005.802 2021.934 2034.883 2042.847 2050.821 2049.055 2049.284 2056.666
2221.467 2221.677 2214.579 2202.876 2186.534 2175.274 2164.786 2158.913 2163.607 2164.688 2160.833 2162.509 2160.495 2159.818 2154.174 2146.886 2144.129 2136.488 2124.021 2114.147 2098.476 2086.642 2077.76 2065.05 2072.576 2075.274 2061.744 2060.727 2061.605 2060.889 2058.551 2047.648 2039.372 2042.56 2045.601 2046.126 2031.682 2015.051 2003.735 1992.111 1988.935 1988.935 1988.935 1990.395 1989.413 1994.379 1997.111 2002.753 2006.212 2008.297 2008.784 2010.846 2006.285 1995.437 1998.284 2007.087 2012.855 2012.802 2019.32 2012.62 2017.573 2017.844 2007.735 2018.139 2030.205 2042.257 2049.269 2052.612 2055.854 2059.78
2222.753 2214.282 2201.916 2189.682 2180.717 2162.565 2152.012 2145.212 2147.075 2151.402 2151.011 2149.224 2146.593 2144 2140.906 2138.065 2132.153 2128.207 2121.582 2111.958 2097.844 2088.183 2073.743 2063.9 2051.252 2060.393 2057.521 2044.377 2039.944 2039.817 2035.174 2025.265 2006.287 2011.908 2016.736 2016.65 2011.646 1995.046 1990.867 1990.867 1992.354 1993.95 1998.98 2002.73 2001.28 2006.344 2009.623 2012.463 2019.585 2021.388 2023.45 2021.851 2011.917 1997.647 2004.366 2017.656 2025.51 2023.575 2027.278 2021.353 2024.336 2026.033 2024.464 2015.866 2029.487 2042.845 2048.352 2056.554 2061.438 2064.631
2220.447 2203.387 2188.219 2177.957 2167.046 2155.428 2145.024 2136.348 2134.575 2138.018 2140.477 2140.152 2133.495 2131.396 2128.95 2126.543 2122.389 2114.946 2109.797 2107.765 2101.018 2089.388 2075.428 2065.083 2047.247 2044.786 2050.159 2040.729 2022.749 2021.203 2012.78 2003.86 1998.745 1997.402 1997.288 1996.426 1994.402 1991.641 1997.402 2003.675 2005.06 2005.859 2011.352 2011.999 2013.656 2021.684 2025.295 2026.922 2028.572 2035.462 2036.562 2029.24 2011.486 1998.401 2003.787 2021.809 2035.849 2032.162 2038.714 2026.474 2026.76 2039.021 2037.654 2020.72 2032.716 2045.43 2055.228 2062.549 2066.161 2070.3
2213.681 2198.599 2183.117 2169.072 2155.132 2146.719 2140.065 2129.388 2123.913 2126.687 2130.115 2127.724 2125.03 2118.685 2117.242 2114.671 2108.534 2105.196 2096.236 2096.478 2097.224 2081.874 2071.456 2060.96 2051.119 2037.353 2026.894 2028.441 2018.745 2008.203 2008.012 2006.294 2002.655 2003.399 2008.353 2002.899 2003.786 2001.894 2006.054 2011.493 2016.7 2015.621 2021.569 2025.472 2021.843 2032.686 2040.754 2042.517 2043.273 2044.227 2046.131 2034.386 2015.664 2006.491 2013.873 2023.441 2036.951 2043.235 2045.652 2042.431 2034.28 2046.313 2046.442 2027.361 2032.634 2045.709 2056.636 2062.476 2070.76 2076.294
2203.102 2193.219 2181.813 2164.075 2148.805 2139.828 2134.514 2124.497 2116.81 2116.223 2118 2116.214 2112.574 2111.829 2104.486 2100.836 2097.91 2091.24 2087.697 2088.304 2085.917 2076.364 2065.245 2053.768 2046.554 2040.132 2024.05 2014.95 2008.545 2009.567 2017.552 2014.535 2008.742 2014.41 2019.756 2024.305 2024.953 2015.437 2018.566 2020.496 2026.697 2024.113 2029.198 2036.278 2036.258 2036.829 2051.986 2055.197 2056.366 2053.438 2048.287 2031.182 2018.445 2011.945 2026.207 2033.8 2040.152 2052.397 2053.627 2054.633 2048.253 2048.981 2053.323 2041.96 2034.695 2046.488 2056.385 2061.749 2070.65 2074.977
2191.588 2186.659 2174.62 2159.655 2148.552 2137.268 2125.513 2121.819 2111.779 2104.801 2106.85 2105.659 2101.485 2098.765 2096.357 2087.286 2086.589 2078.606 2074.403 2078.747 2069.655 2066.315 2056.967 2049.169 2038.293 2035.832 2022.903 2011.593 2012.701 2019.358 2027.098 2021.421 2013.425 2024.014 2031.353 2035.525 2035.847 2029.552 2030.674 2033.908 2037.026 2031.497 2034.432 2046.597 2048.439 2047.63 2053.54 2064.327 2062.209 2052.135 2040.306 2025.125 2020.682 2019.541 2029.706 2041.339 2051.809 2058.636 2061.264 2067.031 2065.829 2061.979 2057.9 2049.534 2041.464 2051.757 2061.613 2068.852 2078.35 2083.466
2176.074 2176.75 2166.99 2153.615 2142.451 2128.435 2122.687 2112.845 2110.176 2098.663 2095.772 2097.135 2094.321 2087.526 2084.59 2079.512 2073.158 2066.868 2057.861 2055.741 2055.339 2046.116 2039.57 2038.76 2030.584 2022.835 2014.423 2012.257 2021.522 2028.924 2036.439 2026.87 2018.287 2031.099 2038.171 2042.217 2039.609 2041.438 2040.481 2043.936 2049.206 2044.312 2042.159 2048.607 2058.504 2059.838 2064.166 2067.231 2061.682 2051.764 2039.525 2035.203 2024.079 2028.377 2029.735 2035.841 2052.035 2061.206 2070.398 2074.114 2081.758 2074.251 2063.024 2056.09 2045.034 2054.41 2066.497 2078.246 2085.422 2093.599
2166.104 2164.559 2158.636 2151.173 2140.954 2125.566 2116.258 2107.145 2100.476 2099.635 2089.519 2087.169 2083.405 2077.675 2072.591 2065.985 2062.87 2052.335 2041.341 2031.875 2028.427 2028.964 2024.734 2022.795 2020.676 2017.32 2012.272 2022.945 2024.72 2032.514 2039.458 2033.574 2021.59 2033.837 2043.073 2049.37 2049.403 2048.453 2049.484 2049.516 2059.251 2059.687 2056.271 2056.189 2066.788 2071.595 2073.516 2071.715 2063.789 2051.929 2050.444 2042.364 2033.19 2040.185 2048.048 2043.145 2052.465 2067.067 2076.124 2082.661 2086.207 2079.924 2075.448 2062.035 2047.904 2056.645 2069.972 2080.593 2091.66 2099.595
2154.29 2155.71 2149.925 2144.77 2136.342 2127.583 2115.428 2104.061 2096.802 2091.028 2088.731 2078.263 2074.824 2067.984 2061.027 2050.699 2045.71 2040.053 2024.711 2023.473 2023.314 2020.908 2020.717 2020.717 2018.555 2020.129 2030.967 2034.402 2037.451 2033.724 2037.952 2037.218 2026.093 2033.216 2048.561 2054.716 2058.907 2059.98 2058.708 2057.99 2064.748 2069.89 2070.359 2067.422 2073.397 2082.439 2081.708 2075.057 2062.96 2058.562 2062.172 2044.799 2047.1 2054.659 2060.247 2061.189 2059.39 2073.443 2083.291 2089.308 2090.321 2085.945 2074.328 2059.439 2051.522 2061.69 2079.285 2087.759 2096.815 2103.599
2143.704 2144.805 2143.806 2137.886 2133.886 2125.698 2114.873 2106.953 2098.335 2083.416 2076.951 2072.899 2060.6 2054.894 2048.319 2039.044 2032.31 2026.698 2026.808 2032.59 2033.725 2028.177 2029.61 2030.6 2033.2 2035.982 2049.053 2048.023 2048.176 2039.337 2038.366 2040.214 2034.021 2033.583 2045.844 2052.141 2063.858 2070.127 2070.508 2060.415 2070.96 2077.807 2082.246 2081.908 2084.633 2089.542 2088.328 2076.205 2069.235 2067.991 2060.076 2048.429 2057.631 2066.235 2073.626 2073.801 2072.365 2081.135 2090.145 2097.634 2090.251 2080.32 2066.322 2056.719 2057.375 2068.229 2081.252 2095.438 2103.868 2108.401
2133.914 2133.69 2134.049 2132.901 2126.495 2120.93 2116.212 2108.808 2101.963 2096.698 2078.235 2061.229 2052.528 2045.244 2039.257 2032.213 2029.366 2033.212 2038.379 2039.596 2044.856 2035.831 2038.414 2047.347 2045.787 2050.784 2054.492 2056.896 2052.08 2049.387 2044.075 2045.531 2042.624 2033.818 2043.415 2054.151 2066.708 2073.361 2074.362 2070.482 2077.247 2086.472 2094.412 2095.845 2096.551 2099.725 2090.932 2081.096 2076.95 2073.431 2060.255 2055.773 2069.778 2080.331 2085.904 2086.979 2080.581 2085.571 2095.521 2100.523 2092.375 2079.423 2067.244 2061.43 2062.631 2069.106 2081.577 2097.126 2104.862 2112.873
2120.216 2122.724 2123.981 2124.287 2122.661 2114.406 2111.444 2104.665 2097.799 2097.516 2085.547 2069.153 2055.239 2039.257 2034.029 2030.832 2039.328 2044.107 2051.255 2049.006 2052.27 2045.153 2044.631 2054.743 2057.646 2057.607 2061.288 2063.661 2060.378 2047.849 2049.128 2047.936 2050.922 2041.399 2040.018 2055.286 2069.315 2076.786 2079.165 2077.453 2085.169 2095.412 2104.008 2109.604 2109.774 2104.767 2093.538 2085.464 2084.083 2072.019 2062.32 2060.534 2074.002 2090.319 2101.24 2099.517 2093.589 2091.795 2100.457 2096.818 2085.86 2073.153 2065.804 2068.058 2072.264 2072.803 2080.876 2094.493 2102.558 2111.26
2118.984 2110.102 2112.847 2114.894 2115.169 2112.898 2104.116 2097.238 2090.121 2088.432 2076.711 2061.38 2044.374 2034.171 2037.034 2046.219 2048.031 2056.072 2060.869 2059.806 2062.582 2049.251 2049.078 2061.49 2066.833 2066.762 2067.854 2066.408 2055.916 2049.92 2051.606 2051.056 2057.007 2054.184 2041.986 2053.421 2065.584 2077.576 2085.295 2087.826 2094.098 2101.173 2110.728 2119.162 2119.335 2110.819 2097.411 2092.418 2084.458 2076.798 2076.366 2072.103 2080.855 2090.045 2107.637 2113.707 2106.475 2101.417 2102.502 2094.152 2082.245 2073.128 2074.619 2080.175 2078.64 2082.079 2083.179 2089.271 2102.423 2112.769
2114.96 2109.726 2101.945 2105.121 2106.5 2105.361 2097.017 2095.847 2081.639 2065.222 2058.537 2045.008 2037.112 2041.527 2052.543 2062.979 2060.893 2062.145 2068.773 2070.402 2066.995 2055.724 2055.052 2068.174 2074.525 2075.903 2075.282 2068.166 2062.206 2060.995 2059.494 2059.62 2065.329 2060.336 2047.549 2048.055 2064.244 2078.825 2086.577 2091.606 2098.403 2106.818 2115.934 2123.275 2126.273 2118.87 2105.662 2095.813 2087.702 2083.592 2086.047 2083.516 2089.417 2098.352 2109.782 2124.246 2123.136 2112.807 2107.096 2094.656 2083.291 2077.822 2087.083 2093.434 2088.705 2087.908 2091.084 2092.174 2103.824 2112.11
2107.084 2104.37 2098.454 2093.874 2093.709 2091.918 2085.787 2083.173 2070.052 2059.707 2048.667 2039.76 2046.224 2055.946 2066.909 2074.037 2072.836 2072.316 2075.395 2080.975 2076.525 2059.806 2063.648 2074.78 2084.267 2082.291 2076.328 2071.425 2062.096 2063.05 2061.526 2063.758 2074.756 2070.346 2054.76 2048.846 2060.596 2072.127 2087.238 2091.54 2095.901 2104.67 2115.405 2122.326 2130.162 2126.15 2113.111 2102.749 2097.215 2093.428 2090.508 2092.408 2098.222 2108.186 2119.39 2129.238 2129.474 2120.468 2110.767 2098.462 2086.937 2084.955 2100.771 2105.979 2098.959 2098.25 2097.545 2097.186 2099.103 2111.867
2095.631 2095.407 2090.906 2085.679 2079.932 2075.332 2072.652 2071.999 2071.138 2062.44 2048.074 2046.971 2059.208 2068.9 2075.51 2086.064 2084.897 2082.447 2085.025 2087.226 2079.889 2062.905 2067.61 2080.954 2088.058 2084.652 2079.796 2076.093 2070.364 2067.921 2062.074 2063.031 2076.198 2083.136 2068.365 2053.362 2056.92 2068.432 2082.834 2089.343 2093.739 2099.849 2112.005 2121.447 2131.229 2131.543 2119.055 2110.083 2105.877 2103.903 2098.044 2096.707 2107.624 2117.335 2128.701 2136.707 2130.02 2119.437 2103.781 2095.202 2085.699 2090.709 2101.476 2113.266 2108.817 2108.452 2108.265 2105.973 2110.244 2112.404
2079.074 2084.542 2083.422 2075.838 2068.82 2057.792 2057.166 2058.063 2062.587 2062.763 2047.205 2048.234 2063.663 2078.909 2087.621 2094.59 2097.406 2091.061 2093.357 2091.681 2081.585 2067.956 2070.145 2084.638 2089.748 2085.978 2087.405 2080.092 2073.029 2075.792 2073.162 2069.06 2071.62 2078.154 2074.922 2065.262 2057.084 2061.975 2076.361 2084.35 2091.132 2098.966 2107.968 2117.684 2128.811 2131.376 2121.895 2116.311 2113.625 2113.527 2109.466 2106.493 2114.147 2124.729 2135.639 2133.754 2123.007 2114.955 2102.003 2094.061 2089.971 2099.107 2107.695 2116.27 2118.776 2117.974 2117.79 2118.033 2118.16 2119.557
2067.745 2070.845 2069.816 2064.483 2057.166 2057.166 2060.091 2056.249 2052.1 2049.06 2048.876 2052.83 2065.833 2076.136 2095.512 2102.922 2103.537 2097.588 2101.635 2099.761 2086.392 2073.202 2074.661 2088.211 2092.623 2091.682 2089.414 2085.069 2083.293 2084.989 2078.746 2076.859 2073.753 2080.282 2087.215 2078.85 2066.443 2060.143 2067.697 2079.542 2088.661 2095.332 2105.39 2110.754 2114.498 2121.693 2121.81 2120.695 2121.367 2122.569 2117.286 2114.112 2119.501 2130.76 2137.18 2133.383 2121.152 2108.81 2101.732 2094.053 2095.764 2105.324 2116.444 2123.775 2125.809 2128.897 2128.595 2129.577 2128.447 2123.475
2063.913 2062.439 2062.186 2057.799 2061.865 2067.179 2068.409 2065.515 2065.238 2067.931 2066.959 2059.191 2067.515 2079.322 2099.592 2108.88 2110.231 2107.271 2111.766 2105.389 2094.193 2080.765 2078.26 2094.405 2099.569 2098.77 2097.1 2090.78 2092.603 2090.052 2084.43 2087.432 2082.378 2084.709 2091.701 2087.16 2072.214 2066.277 2065.549 2073.323 2085.645 2091.174 2096.651 2102.417 2108.127 2112.791 2118.288 2122.968 2127.321 2128.376 2127.315 2123.485 2125.77 2136.341 2135.965 2128.58 2119.303 2114.252 2105.51 2095.745 2101.912 2108.419 2117.507 2127.126 2136.229 2136.864 2141.604 2141.442 2135.414 2128.528
2063.323 2059.884 2059.359 2063.892 2073.308 2078.113 2078.777 2073.589 2077.801 2081.549 2079.112 2071.928 2070.261 2083.969 2099.161 2112.102 2116.167 2114.315 2117.372 2109.755 2101.507 2085.745 2083.381 2097.338 2108.496 2109.167 2106.753 2102.087 2099.188 2094.677 2092.494 2090.845 2085.233 2097.275 2094.291 2081.346 2072.413 2074.231 2073.694 2071.121 2078.083 2087.755 2094.121 2097.857 2105.746 2109.79 2117.307 2122.538 2129.354 2136.361 2134.959 2135.285 2135.814 2139.779 2135.866 2130.012 2126.034 2120.424 2107.066 2100.726 2108.798 2116.181 2120.012 2126.669 2134.62 2142.637 2148.161 2146.14 2135.432 2132.446
2074.758 2071.527 2073.98 2071.977 2084.689 2088.249 2085.31 2085.581 2083.552 2090.488 2088.371 2081.659 2074.017 2083.61 2098.048 2112.485 2121.572 2124.563 2124.815 2116.529 2105.191 2088.647 2085.195 2104.032 2112.686 2116.934 2114.702 2109.482 2102.442 2098.6 2099.367 2095.545 2093.868 2100.304 2091.477 2080.905 2082.274 2083.616 2084.747 2079.296 2075.934 2085.623 2092.121 2100.967 2109.581 2112.412 2119.301 2123.956 2131.396 2138.727 2145.657 2146.655 2146.885 2143.837 2139.806 2136.771 2128.521 2116.442 2104.737 2105.037 2113.029 2122.459 2129.107 2133.314 2134.992 2146.361 2149.583 2146.536 2135.21 -9999
2088.15 2083.749 2086.746 2084.253 2089.793 2094.443 2095.141 2095.388 2093.785 2096.151 2091.56 2083.311 2081.997 2081.883 2098.021 2114.122 2122.338 2131.21 2129.316 2119.747 2105.566 2096.614 2097.151 2111.494 2119.017 2122.185 2119.652 2114.955 2111.869 2108.634 2102.695 2096.577 2097.494 2101.564 2096.018 2084.552 2087.861 2092.869 2092.826 2088.147 2079.555 2079.576 2088.526 2099.334 2106.58 2111.975 2119.34 2122.371 2131.584 2137.094 2144.912 2148.794 2149.481 2140.754 2131.297 2131.444 2123.412 2112.932 2107.199 2108.432 2114.525 2121.027 2134.182 2143.329 2148.179 -9999 -9999 -9999 -9999 -9999
2095.338 2091.681 2097.01 2095.925 2096.486 2098.767 2102.429 2103.104 2102.564 2102.943 2094.033 2092.502 2092.213 2085.076 2102.132 2113.507 2128.99 2137.485 2136.3 2121.101 2109.069 2101.746 2106.375 2118.536 2126.394 2130.395 2125.461 2124.921 2122.039 2114.115 2106.779 2100.024 2099.6 2103.454 2100.455 2087.103 2093.421 2098.61 2100.14 2095.158 2085.739 2082.706 2085.257 2091.578 2101.026 2111.563 2118.537 2124.387 2131.103 2135.437 2139.757 2143.683 2147.976 2140.927 2130.196 2122.129 2118.596 2114.976 2109.115 2115.498 2121.127 2127.622 2134.434 2143.123 -9999 -9999 -9999 -9999 -9999 -9999
2100.18 2097.313 2103.589 2102.199 2101.017 2105.46 2106.813 2111.122 2111.935 2110.144 2096.818 2098.503 2101.032 2090.506 2102.337 2116.732 2132.119 2143.101 2143.264 2127.364 2116.918 2105.71 2109.532 2121.986 2134.184 2139.992 2138.656 2134.341 2128.774 2119.843 2113.242 2108.502 2106.257 2105.073 2099.095 2098.605 2098.773 2101.102 2102.125 2096.453 2088.772 2086.595 2089.282 2090.869 2100.253 2110.325 2117.127 2122.039 2127.089 2132.124 2133.663 2138.566 2143.197 2139.115 2132.283 2124.929 2120.716 2116.376 2113.036 2118.764 2129.422 2136.732 2142.216 2149.093 -9999 -9999 -9999 -9999 -9999 -9999
2105.899 2105.183 2110.014 2110.887 2109.396 2112.253 2113.134 2116.349 2120.18 2112.239 2107.74 2111.579 2106.755 2097.32 2099.849 2118.258 2134.303 2146.387 2147.366 2136.157 2123.151 2110.379 2110.281 2125.183 2139.104 2147.645 2149.302 2140.476 2132.372 2126.048 2119.792 2113.86 2110.438 2109.197 2106.091 2106.76 2105.857 2106.384 2105.064 2097.923 2091.99 2090.084 2099.604 2099.511 2096.778 2104.564 2110.87 2118.778 2121.921 2128.228 2132.37 2135.562 2141.132 2139.762 2134.09 2127.51 2122.556 2122.443 2117.201 2123.235 2134.639 2147.097 2153.198 2156.701 -9999 -9999 -9999 -9999 -9999 -9999
2111.212 2111.581 2113.959 2111.326 2114.164 2119.369 2121.927 2124.186 2125.479 2119.468 2115.96 2121.903 2115.287 2105.815 2101.859 2116.672 2131.319 2147.534 2149.765 2142.964 2129.731 2118.199 2110.281 2126.936 2139.113 2151.328 2156.728 2149.83 2141.224 2132.022 2126.115 2119.288 2117.229 2113.551 2109.866 2112.075 2109.875 2111.069 2111.501 2102.083 2093.776 2091.856 2101.202 2111.79 2105.564 2103.241 2110.944 2117.197 2124.089 2129.929 2133.38 2136.966 2144.714 2144.949 2137.692 2132.27 2127.315 2128.51 2123.908 2126.813 2140.589 2150.212 2162.156 -9999 -9999 -9999 -9999 -9999 -9999 -9999
2119.295 2119.782 2120.185 2117.992 2119.425 2126.3 2131.511 2134.718 2134.853 2124.982 2121.538 2131.977 2127.342 2114.417 2102.235 2109.666 2129.311 2148.205 2152.952 2146.71 2134.727 2127.224 2115.743 2125.966 2138.042 2153.734 2162.778 2159.103 2148.296 2140.392 2131.634 2124.204 2124.844 2118.784 2115.15 2114.91 2114.149 2114.708 2111.922 2102.261 2097.265 2092.884 2104.674 2113.497 2112.751 2105.191 2108.475 2118.45 2126.771 2134.958 2138.829 2145.938 2147.706 2148.672 2141.99 2137.207 2137.257 2134.336 2126.787 2129.689 2139.355 2150.676 2160.961 -9999 -9999 -9999 -9999 -9999 -9999 -9999
