landlab/components/overland_flow/examples/springcreek_30m.asc
ncols         272
nrows         260
xllcorner     994515.98652089
yllcorner     4370144.2350973
cellsize      30
NODATA_value  -9999
[rows 124 to 154 of 260, columns 70 to 139 of 272]
2318.083 2318.489 2317.752 2314.48 2311.635 2309.94 2307.362 2304.542 2300.261 2295.382 2291.085 2284.196 2280.952 2278.583 2274.741 2272.405 2271.184 2269.046 2267.973 2268.656 2266.513 2260.044 2254.963 2253.41 2255.452 2255.262 2245.868 2237.206 2229.582 2221.024 2218.811 2226.235 2240.968 2242.252 2231.115 2222.704 2213.303 2203.62 2192.472 2178.568 2168.469 2164.955 2160.599 2160.599 2156.309 2153.158 2157.12 2160.945 2155.113 2145.587 2140.773 2142.909 2144.972 2154.667 2165.469 2171.344 2179.177 2186.414 2193.189 2200.583 2209.712 2217.219 2223.404 2230.102 2236.222 2238.758 2241.809 2241.244 2245.63 2244.407
2320.819 2321.238 2320.741 2317.992 2318.214 2314.659 2306.133 2301.131 2294.441 2291.568 2288.211 2281.939 2279.52 2276.172 2272.288 2269.719 2268.805 2267.579 2265.952 2265.867 2263.451 2259.031 2255.136 2252.189 2254.01 2257.614 2250.768 2240.306 2232.214 2224.658 2216.463 2216.337 2228.131 2236.81 2228.168 2215.803 2206.416 2199.431 2183.382 2167.846 2164.54 2164.305 2164.409 2163.09 2160.872 2163.606 2166.927 2166.912 2157.212 2146.638 2143.086 2145.93 2146.271 2153.497 2163.637 2171.13 2180.879 2186.208 2192.478 2200.832 2207.593 2210.881 2212.803 2221.058 2226.92 2232.28 2231.751 2230.877 2232.187 2238.482
2322.876 2325.634 2325.088 2323.151 2318.448 2313.565 2307.015 2298.445 2290.388 2285.138 2280.569 2279.348 2277.052 2272.359 2269.037 2267.516 2265.852 2265.093 2264.615 2263.42 2262.115 2259.391 2256.912 2252.88 2245.668 2244.289 2242.465 2238.433 2235.955 2232.388 2218.735 2207.988 2211.094 2223.539 2224.689 2209.366 2193.853 2193.486 2173.833 2167.071 2170.292 2171.874 2171.883 2171.7 2171.707 2171.806 2172.677 2168.203 2159.375 2148.728 2145.439 2150.293 2155.469 2153.115 2154.428 2161.984 2171.742 2182.753 2190.745 2195.853 2199.683 2204.249 2204.083 2210.456 2215.966 2220.676 2227.145 2226.03 2227.649 2231.858
2322.768 2328.158 2329.155 2324.081 2317.69 2311.347 2302.753 2296.284 2291.666 2283.122 2278.738 2276.648 2272.606 2270.426 2267.951 2265.013 2262.343 2261.799 2261.981 2262.011 2260.899 2259.625 2258.35 2254.015 2246.744 2243.239 2232.72 2231.266 2233.339 2234.318 2224.973 2211.517 2197.122 2203.367 2210.305 2202.152 2187.564 2179.663 2169.742 2173.104 2173.142 2178.65 2178.845 2177.129 2176.058 2175.183 2173.287 2170.808 2163.113 2155.478 2148.563 2156.733 2164.018 2166.292 2164.552 2160.572 2162.642 2168.044 2172.478 2180.643 2185.336 2195.212 2200.368 2205.104 2215.188 2221.634 2223.47 2222.077 2221.569 2225.892
2320.782 2326.427 2327.147 2321.878 2315.979 2307.189 2299.568 2292.859 2287.677 2281.298 2278.308 2275.621 2270.931 2268.99 2267.094 2262.491 2258.106 2257.758 2258.776 2259.909 2260.036 2258.853 2257.656 2254.131 2254.772 2247.013 2236.389 2229.375 2223.216 2233.634 2227.577 2210.894 2196.832 2192.925 2190.697 2185.078 2181.499 2173.826 2176.211 2179.985 2180.434 2183.169 2183.789 2180.348 2179.729 2177.531 2174.971 2172.725 2165.079 2158.457 2149.336 2161.3 2168.335 2174.332 2177.178 2175.329 2168.187 2167.432 2173.521 2179.134 2181.311 2184.252 2195.625 2204.156 2210.254 2218.972 2221.029 2219.156 2218.994 2220.52
2318.371 2317.349 2321.135 2317.573 2313.34 2306.075 2296.76 2292.106 2285.984 2281.853 2279.869 2276.422 2272.534 2270.07 2265.838 2262.533 2257.932 2256.274 2255.911 2257.391 2258.68 2258.591 2256.968 2253.753 2255.093 2249.867 2241.367 2231.384 2218.2 2217.587 2207.526 2205.059 2201.151 2197.254 2187.943 2181.302 2175.79 2179.57 2187.271 2185.058 2185.223 2187.219 2183.128 2183.491 2183.059 2179.863 2176.672 2171.905 2162.708 2154.467 2154.426 2161.183 2169.051 2176.556 2184.077 2185.914 2180.214 2170.721 2174.865 2186.01 2187.128 2188.238 2192.198 2195.162 2205.74 2211.096 2214.176 2213.857 2212.983 2216.475
2311.023 2309.104 2313.948 2314.827 2310.992 2303.654 2297.873 2291.515 2286.011 2283.631 2281.269 2276.959 2273.197 2269.38 2266.657 2262.991 2259.082 2257.638 2255.052 2254.788 2256.979 2257.879 2256.557 2248.806 2243.366 2243.59 2238.089 2229.334 2221.768 2219.002 2211.836 2209.392 2205.284 2197.449 2186.448 2178.175 2184.185 2189.003 2192.676 2192.613 2193.978 2192.331 2189.188 2187.609 2185.249 2179.58 2173.458 2161.73 2157.376 2154.426 2160.17 2163.353 2169.097 2177.348 2183.667 2186.799 2186.304 2181.524 2173.684 2181.793 2190.395 2196.206 2194.612 2193.989 2195.171 2204.54 2208.841 2208.122 2207.123 2211.079
2303.203 2303.948 2307.096 2310.538 2312.866 2306.711 2298.788 2290.943 2285.846 2280.12 2278.672 2276.523 2272.756 2270.265 2268.218 2263.577 2259.997 2257.981 2254.344 2251.118 2251.855 2255.994 2252.957 2246.413 2239.592 2235.547 2234.863 2230.49 2222.741 2216.383 2208.713 2209.024 2204.081 2190.821 2180.331 2184.926 2190.352 2196.053 2197.977 2194.676 2199.094 2197.129 2195.292 2194.672 2183.965 2181.307 2174.471 2161.87 2157.107 2154.426 2157.051 2163.646 2170.762 2173.182 2182.584 2186.235 2187.79 2188.675 2184.032 2177.711 2185.755 2196.101 2198.47 2202.208 2200.395 2201.73 2206.315 2206.537 2206.694 2208.517
2301.211 2301.224 2303.192 2310.82 2319.051 2311.586 2301.421 2293.848 2287.416 2282.086 2278.768 2275.102 2271.055 2269.968 2267.134 2263.361 2260.466 2257.732 2253.225 2248.867 2244.165 2249.888 2251.334 2243.368 2237.885 2232.532 2226.16 2223.217 2220.707 2212.713 2206.258 2194.559 2193.037 2182.591 2182.717 2189.065 2197.167 2202.881 2203.508 2202.311 2202.404 2200.912 2198.341 2197.063 2191.06 2183.667 2173.918 2168.192 2163.179 2159.412 2154.855 2162.62 2173.184 2176.201 2180.69 2183.691 2188.042 2194.429 2196.627 2187.986 2180.689 2188.032 2198.15 2207.891 2208.694 2208.506 2207.159 2207.048 2208.811 2208.986
2296.917 2295.832 2300.955 2307.168 2313.455 2309.055 2304.718 2296.436 2289.022 2283.452 2279.672 2273.981 2269.353 2267.241 2265.469 2262.531 2259.779 2256.544 2251.779 2246.139 2242.255 2248.863 2252.338 2241.619 2235.778 2229.844 2219.394 2212.771 2213.63 2208.895 2200.096 2190.562 2186.698 2187.871 2192.806 2196.528 2202.44 2210.643 2212.135 2212.158 2206.952 2202.086 2195.841 2193.685 2188.974 2181.841 2172.062 2171.69 2170.111 2163.141 2157.208 2158.609 2170.821 2176.988 2181.272 2181.592 2185.513 2193.316 2196.455 2197.333 2187.167 2185.344 2193.504 2195.832 2203.2 2208.168 2209.924 2209.938 2210.898 2214.167
2293.238 2292.293 2297.771 2302.668 2307.006 2304.828 2303.199 2296.441 2288.846 2284.196 2279.391 2274.277 2270.96 2267.516 2264.449 2261.977 2257.824 2255.401 2248.658 2243.684 2239.903 2240.063 2240.325 2236.826 2230.003 2221.18 2215.527 2205.952 2199.889 2194.575 2193.311 2190.52 2191.064 2196.626 2200.083 2202.865 2207.604 2212.708 2218.338 2210.511 2205.439 2199.694 2194.376 2186.75 2183.027 2180.107 2176.511 2174.934 2172.315 2165.229 2158.714 2158.072 2168.398 2179.546 2185.142 2184.059 2186.612 2191.334 2195.132 2196.893 2196.297 2187.079 2193.405 2197.03 2199.808 2206.232 2208.096 2216.953 2219.977 2217.792
2292.789 2292.01 2295.251 2298.545 2300.72 2298.911 2296.467 2292.094 2287.4 2282.688 2278.082 2274.603 2271.082 2267.617 2264.434 2261.007 2256.765 2256.563 2248.65 2244.527 2238.767 2232.021 2229.151 2221.01 2218.768 2215.473 2207.873 2202.951 2203.577 2202.577 2199.75 2196.587 2194.887 2202.776 2207.468 2207.722 2217.432 2218.036 2208.935 2204.512 2198.651 2194.614 2191.971 2183.519 2183.893 2181.822 2182.896 2176.166 2172.032 2165.29 2160.257 2162.735 2169.766 2178.302 2185.661 2190.077 2191.332 2194.252 2195.32 2196.35 2199.464 2192.753 2190.909 2195.346 2208.17 2209.585 2209.287 2213.858 2220.109 2221.347
2291.866 2291.404 2292.12 2294.624 2295.961 2294.241 2290.59 2287.888 2283.599 2280.378 2276.36 2272.578 2270.298 2267.305 2262.398 2259.998 2258.671 2257.364 2248.441 2244.156 2236.672 2233.397 2226.419 2218.671 2214.158 2212.337 2212.226 2211.486 2210.535 2210.621 2207.882 2196.874 2199.196 2206.238 2212.033 2215.805 2219.797 2210.445 2206.774 2203.615 2197.688 2195.416 2193.256 2192.099 2188.942 2187.428 2184.568 2178.647 2171.285 2164.145 2161.57 2170.618 2174.205 2182.039 2189.103 2194.282 2197.676 2197.881 2203.341 2206.038 2201.963 2197.989 2192.712 2197.524 2204.245 2209.833 2213.765 2217.862 2218.617 2220.126
2291.876 2290.992 2290.88 2291.807 2292.632 2291.886 2287.882 2283.418 2280.096 2276.894 2273.71 2269.49 2265.841 2261.419 2257.949 2258.395 2255.394 2251.186 2245.056 2232.64 2230.179 2228.175 2221.808 2219.053 2220.003 2226.728 2225.099 2223.128 2220.024 2215.364 2208.253 2203.239 2206.999 2211.484 2214.68 2215.865 2215.153 2208.406 2206.353 2204.134 2199.615 2195.221 2196.612 2197.004 2194.414 2193.159 2186.084 2177.885 2169.785 2163.991 2167.615 2176.623 2181.024 2185.018 2193.754 2199.009 2202.75 2205.991 2209.495 2210.643 2207.908 2201.741 2195.698 2197.314 2204.699 2210.659 2217.081 2220.673 2220.779 2220.028
2293.467 2291.165 2289.578 2289.483 2288.502 2287.713 2286.252 2283.04 2278.838 2275.365 2270.725 2266.885 2259.617 2254.686 2254.044 2251.123 2243.983 2239.335 2237.233 2234.794 2233.286 2232.82 2236.957 2238.194 2237.769 2236.161 2237.645 2233.62 2227.298 2220.552 2207.154 2207.581 2209.665 2216.999 2219.373 2218.749 2215.761 2211.209 2209.652 2207.709 2202.752 2196.535 2197.891 2196.987 2194.973 2192.542 2184.216 2176.393 2169.922 2164.247 2172.834 2180.343 2185.506 2189.758 2194.204 2204.254 2210.193 2210.94 2215.007 2214.158 2211.582 2206.345 2199.177 2199.352 2206.235 2210.523 2217.883 2221.977 2222.834 2223.658
2293.041 2291.143 2288.667 2286.849 2285.614 2284.286 2283.942 2282.924 2279.667 2272.647 2267.5 2261.048 2258.575 2258.434 2257.957 2251.929 2253.119 2251.676 2244.614 2244.35 2243.349 2242.888 2249.098 2251.147 2250.292 2248.257 2244.715 2242.084 2233.417 2218.159 2212.493 2212.039 2216.559 2221.746 2221.872 2221.061 2218.732 2213.747 2210.078 2207.286 2203.401 2199.702 2198.341 2192.642 2182.314 2180.931 2179.615 2174.306 2168.546 2166.63 2170.894 2180.274 2185.706 2191.965 2198.534 2208.904 2213.748 2219.074 2219.715 2218.637 2213.998 2209.376 2204.466 2200.379 2205.002 2207.043 2218.38 2221.466 2223.554 2226.198
2294.323 2291.902 2288.558 2284.883 2281.537 2281.526 2281.582 2281.713 2277.948 2270.747 2265.465 2262.476 2264.648 2266.255 2265.433 2262.922 2260.096 2255.855 2252.455 2251.927 2252.092 2251.864 2257.476 2263.183 2263.197 2259.646 2252.46 2246.05 2232.335 2221.006 2221.783 2219.211 2219.378 2222.405 2222.424 2219.3 2217.092 2212.182 2207.662 2205.292 2202.057 2198.284 2195.65 2187.158 2181.002 2174.672 2170.071 2170.374 2167.446 2171.434 2178.939 2181.855 2182.78 2190.49 2200.1 2208.669 2216.386 2222.712 2223.188 2220.07 2215.95 2212.063 2207.645 2202.932 2206.857 2210.17 2215.94 2219.408 2223.439 2228.071
2294.984 2291.59 2285.966 2283.134 2281.221 2278.311 2277.878 2274.056 2270.994 2268.969 2269.044 2267.211 2268.297 2271.582 2271.194 2270.408 2265.314 2257.59 2260.938 2257.397 2260.206 2259.017 2262.819 2270.093 2271.344 2268.57 2253.655 2243.61 2231.215 2231.736 2229.06 2223.468 2221.702 2223.422 2223.003 2221.45 2217.246 2210.778 2207.312 2207.497 2199.346 2194.628 2189.641 2182.479 2183.175 2182.235 2170.839 2169.573 2171.041 2175.984 2185.158 2189.384 2189.242 2192.405 2199.204 2209.137 2219.386 2224.966 2226.352 2222.438 2217.919 2214.044 2209.388 2205.774 2210.012 2214.197 2216.428 2219.781 2224.705 2229.902
2293.63 2290.576 2283.022 2279.782 2277.799 2275.983 2275.983 2277.848 2281.576 2278.625 2273.25 2268.58 2271.601 2274.21 2275.827 2270.913 2267.866 2269.877 2270.274 2269.132 2267.555 2269.898 2269.927 2273.489 2272.79 2266.613 2254.19 2244.306 2240.168 2237.823 2235.942 2231.163 2228.098 2224.487 2222.658 2220.814 2216.104 2211.718 2208.064 2208.349 2198.097 2194.019 2190.907 2191.021 2188.111 2181.167 2172.319 2174.109 2179.729 2185.568 2190.338 2196.071 2198.176 2198.754 2199.36 2211.446 2222.908 2230.163 2231.611 2225.273 2220.137 2215.324 2211.777 2208.301 2215.502 2220.746 2218.466 2224.455 2230.308 2231.521
2291.117 2285.517 2280.872 2280.672 2279.706 2280.766 2281.967 2283.369 2282.743 2281.456 2277.018 2275.113 2276.846 2279.832 2280.198 2278.828 2276.413 2277.347 2278.256 2274.845 2274.903 2276.707 2279.297 2280.5 2270.225 2262.972 2256.337 2255.586 2250.717 2245.671 2238.445 2233.545 2228.158 2223.461 2219.815 2217.969 2213.269 2211.057 2209.36 2203.973 2194.833 2196.385 2198.507 2197.029 2191.308 2184.725 2173.623 2178.662 2183.608 2189.275 2193.873 2198.089 2202.442 2207.733 2208.945 2211.586 2221.392 2232.149 2234.338 2231.486 2222.382 2216.966 2214.942 2211.264 2218.26 2220.44 2220.244 2229.336 2233.473 2235.641
2288.991 2284.29 2284.076 2283.85 2281.232 2284.52 2284.987 2283.317 2281.219 2280.069 2278.402 2278.691 2281.228 2284.097 2284.518 2282.022 2281.481 2284.768 2285.615 2283.859 2278.921 2283.601 2285.927 2281.315 2270.143 2267.068 2265.479 2264.477 2258.061 2248.865 2240.475 2232.226 2227.454 2222.977 2220.809 2217.79 2209.167 2208.055 2206.509 2203.059 2201.509 2202.548 2200.71 2197.848 2194.99 2186.437 2174.938 2178.2 2187.922 2195.612 2197.706 2200.673 2206.197 2210.31 2218.452 2218.623 2219.314 2233.643 2234.338 2233.911 2224.671 2219.406 2220.174 2214.868 2213.818 2218.427 2219.546 2223.501 2231.774 2232.54
2287.204 2287.671 2287.432 2287.8 2288.324 2289.136 2289.492 2283.648 2280.532 2281.144 2281.195 2279.796 2283.834 2286.855 2289.033 2288.682 2288.076 2292.145 2293.401 2291.577 2286.447 2288.506 2294.147 2288.59 2279.507 2276.741 2273.485 2268.003 2258.243 2249.853 2240.269 2230.365 2226.817 2222.189 2218.471 2211.577 2207.897 2207.897 2208.424 2208.951 2208.408 2208.059 2202.37 2198.229 2192.423 2182.775 2175.794 2180.676 2190.097 2197.435 2201.402 2204.713 2206.389 2215.136 2222.187 2224.875 2226.054 2231.677 2233.923 2233.131 2228.889 2224.061 2222.808 2220.079 2216.715 2217.527 2219.062 2224.54 2230.805 2231.663
2291.498 2291.215 2290.594 2292.265 2293.596 2294.019 2291.613 2289.157 2287.024 2286.914 2286.178 2284.033 2285.672 2290.684 2293.778 2295.28 2293.816 2296.328 2299.768 2298.644 2295.25 2297.331 2300.672 2297.129 2290.208 2290.636 2281.887 2267.758 2255.429 2246.638 2238.67 2231.397 2227.139 2222.865 2219.419 2216.215 2216.819 2218.258 2214.266 2210.863 2207.854 2205.611 2202.253 2197.286 2192.04 2183.183 2177.033 2184.321 2193.482 2198.439 2205.591 2209.32 2208.53 2217.693 2222.794 2228.597 2230.836 2231.599 2235.948 2233.862 2230.199 2227.882 2225.538 2222.67 2219.101 2221.283 2221.324 2230.016 2234.943 2238.092
2294.975 2294.238 2292.158 2294.333 2295.602 2293.841 2292.176 2292.333 2294.867 2294.726 2292.843 2290.258 2289.98 2293.263 2297.385 2300.544 2301.633 2302.162 2303.657 2307.285 2305.125 2308.286 2308.262 2305.057 2302.384 2304.694 2295.592 2270.642 2258.991 2243.53 2234.769 2231.005 2225.12 2219.959 2219.295 2220.764 2221.045 2219.956 2216.731 2213.409 2208.742 2208.233 2203.188 2199.026 2193.753 2186.344 2178.98 2184.669 2192.966 2200.167 2206.473 2209.734 2214.599 2218.512 2225.503 2233.512 2234.462 2238.141 2244.976 2234.994 2231.089 2230.927 2230.277 2225.816 2225.734 2228.869 2225.703 2228.2 2234.839 2243.994
2297.238 2296.7 2295.31 2296.047 2296.754 2294.14 2294.327 2298.268 2299.428 2298.925 2295.542 2292.409 2292.156 2296.452 2300.784 2306.68 2308.677 2308.736 2311.308 2312.105 2314.15 2312.649 2319.177 2309.542 2305.409 2294.931 2286.466 2266.557 2257.749 2244.957 2236.364 2231.688 2226.173 2222.68 2221.711 2221.574 2220.891 2219.431 2218.671 2220.504 2212.744 2207.663 2202.446 2197.107 2191.054 2184.778 2181.318 2188.619 2195.047 2201.172 2205.688 2207.118 2216.648 2221.854 2229.026 2235.478 2238.217 2241.222 2243.361 2232.466 2233.398 2234.02 2231.598 2229.498 2230.628 2233.666 2233.16 2229.895 2232.652 2244.671
2300.554 2300.213 2299.974 2300.348 2299.672 2300.194 2302.407 2306.035 2307.922 2304.128 2298.015 2292.309 2294.162 2299.234 2305.634 2310.579 2316.192 2317.298 2320.083 2320.647 2317.499 2309.484 2300.301 2301.918 2306.768 2284.906 2274.766 2261.033 2251.153 2242.198 2236.853 2231.193 2228.196 2224.928 2222.304 2220.461 2218.733 2211.248 2211.209 2212.151 2207.991 2204.762 2197.644 2192.41 2186.354 2181.846 2185.588 2195.113 2202.311 2207.736 2211.891 2216.352 2219.769 2223.817 2230.988 2236.408 2242.91 2242.322 2240.392 2238.417 2237.63 2236.951 2233.075 2230.835 2232.28 2234.684 2235.937 2234.372 2234.326 2242.455
2304.021 2303.354 2302.862 2304.712 2304.356 2303.21 2305.375 2310.548 2316.852 2309.212 2301.013 2294.684 2297.143 2302.875 2310.426 2315.764 2321.303 2326.213 2328.48 2330.779 2322.865 2315.853 2293.765 2292.282 2295.565 2279.712 2270.404 2256.745 2247.785 2242.598 2237.073 2233.544 2230.078 2225.004 2219.832 2217.779 2214.377 2208.086 2206.53 2205.015 2203.252 2197.051 2193.473 2191.242 2184.649 2182.696 2187.768 2198.791 2206.142 2211.926 2219.178 2224.325 2228.894 2232.25 2234.128 2240.647 2245.711 2245.496 2242.287 2241.625 2243.761 2242.579 2234.908 2231.751 2232.453 2238.799 2242.326 2239.517 2236.969 2241.768
2306.585 2304.648 2305.067 2306.973 2307.409 2305.125 2305.242 2310.722 2316.648 2311.305 2303.586 2300.786 2301.444 2305.898 2313.56 2320.953 2329.658 2331.439 2337.004 2335.135 2327.96 2321.259 2296.521 2279.917 2283.376 2276.071 2268.325 2256.897 2249.484 2242.716 2236.007 2231.499 2229.511 2225.182 2222.219 2219.655 2213.17 2209.693 2206.602 2206.382 2206.13 2199.477 2195.518 2193.204 2187.58 2184.612 2192.741 2198.58 2205.452 2212.22 2222.09 2228.47 2235.535 2240.814 2242.367 2243.674 2246.615 2246.917 2243.503 2243.689 2245.313 2245.001 2239.886 2233.325 2234.381 2240.436 2245.843 2245.012 2242.673 2241.657
2309.165 2306.344 2306.578 2309.546 2309.254 2306.914 2306.054 2310.826 2312.902 2310.992 2306.49 2304.554 2303.573 2307.885 2314.889 2324.594 2332.816 2338.999 2342.975 2338.352 2322.544 2308.071 2295.244 2280.649 2274.044 2269.707 2259.393 2252.512 2245.749 2241.511 2237.374 2234.379 2231.093 2225.606 2222.637 2218.459 2214.14 2208.019 2208.013 2208.821 2209.383 2203.854 2199.634 2197.719 2189.912 2185.676 2197.606 2202.157 2205.624 2210.668 2219.934 2230.318 2241.565 2246.85 2250.734 2250.169 2251.95 2248.133 2244.01 2244.678 2246.729 2245.8 2241.353 2237.878 2238.186 2242.104 2246.378 2246.964 2246.435 2243.615
2312.896 2312.027 2311.752 2312.356 2313.083 2311.891 2311.772 2314.032 2315.523 2314.47 2309.719 2304.967 2305.224 2308.836 2317.217 2325.973 2332.327 2341.602 2345.069 2335.599 2318.37 2304.953 2293.999 2281.782 2274.193 2267.147 2259.715 2254.144 2246.894 2241.41 2237.588 2233.959 2228.955 2223.007 2219.609 2217.97 2217.24 2214.771 2215.005 2213.435 2208.11 2205.509 2202.586 2197.392 2192.429 2188.582 2198.715 2205.59 2211.29 2214.622 2222.223 2231.4 2240.479 2247.826 2257.639 2258.668 2256.019 2251.068 2246.928 2247.708 2248.821 2246.896 2242.895 2242.424 2241.609 2243.25 2244.592 2247.538 2252.605 2248.743
2317.268 2316.278 2315.966 2317.369 2316.395 2315.715 2315.665 2317.442 2319.923 2318.183 2315.685 2311.482 2310.803 2313.178 2319.021 2325.007 2331.526 2338.909 2335.489 2325.881 2313.571 2304.86 2298.354 2284.08 2275.406 2266.604 2258.03 2252.132 2244.018 2240.914 2235.293 2230.546 2226.698 2219.848 2218.399 2219.129 2221.177 2221.377 2222.501 2217.456 2210.728 2209.847 2204.375 2196.711 2190.72 2193.01 2199.618 2207.602 2217.888 2219.16 2228.23 2236.883 2242.999 2252.696 2260.154 2262.491 2259.263 2254.88 2254.636 2255.765 2251.954 2247.24 2243.882 2244.849 2244.008 2245.066 2245.627 2251.281 2256.76 2257.177
