landlab/components/overland_flow/examples/SpringCreek.asc
ncols         245
nrows         258
xllcorner     994515.91663383
yllcorner     4370139.5556715
cellsize      30
NODATA_value  -9999
[rows 62 to 92 of 258, columns 70 to 139 of 245]
2299.695 2295.421 2293.739 2292.387 2293.073 2294.232 2292.259 2285.758 2282.176 2277.304 2269.42 2266.811 2266.345 2263.865 2260.406 2257.708 2255.885 2252.154 2247.621 2244.477 2240.119 2236.823 2232.57 2236.515 2246.777 2251.175 2255.007 2257.846 2253.987 2256.936 2257.342 2255.723 2257.22 2252.132 2245.6 2248.377 2245.292 2252.818 2256.808 2259.255 2259.325 2257.561 2247.464 2237.746 2231.07 2228.274 2221.605 2214.674 2207.835 2205.942 2204.684 2200.575 2195.564 2195.775 2192.63 2185.114 2193.182 2197.303 2200.317 2201.614 2202.091 2225.487 2230.35 2227.801 2217.942 2210.556 2204.261 2203.972 2206.175 2213.495
2293.798 2291.324 2285.128 2284.291 2284.304 2287.525 2290.317 2286.783 2282.464 2278.043 2274.067 2271.316 2270.01 2269.859 2265.185 2260.658 2258.878 2255.386 2249.801 2245.53 2240.062 2236.178 2232.199 2232.465 2238.538 2247.792 2257.045 2258.556 2248.674 2245.674 2246.621 2247.249 2249.788 2248.9 2244.593 2243.392 2245.054 2253.25 2260.106 2257.96 2256.178 2255.679 2249.708 2241.548 2232.955 2222.934 2218.552 2215.126 2210.52 2209.215 2207.833 2204.191 2197.231 2191.185 2183.995 2182.435 2184.59 2189.063 2191.302 2191.421 2197.364 2203.154 2211.692 2213.959 2207.564 2203.982 2200.207 2202.263 2209.834 2217.663
2286.443 2284.509 2280.281 2278.937 2279.186 2281.575 2286.026 2286.836 2281.908 2282.012 2281.358 2278.045 2274.344 2270.387 2266.317 2261.902 2256.561 2255.032 2249.812 2243.432 2239.99 2233.521 2231.484 2229.911 2239.069 2247.299 2253.31 2258.109 2254.326 2243.01 2238.214 2240.141 2246.43 2247.529 2245.826 2240.709 2244.879 2254.737 2260.853 2256.965 2253.176 2251.169 2249.154 2243.238 2232.87 2228.246 2223.5 2218.756 2212.65 2208.154 2206.6 2201.284 2198.028 2197.241 2187.103 2179.111 2179.87 2181.652 2183.733 2186.018 2189.768 2195.245 2198.522 2198.06 2198.15 2195.964 2194.443 2204.767 2213.649 2219.37
2285.884 2283.127 2281.326 2277.428 2279.288 2283.165 2285.832 2286.847 2285.971 2284.727 2283.382 2281.5 2275.396 2270.569 2267.443 2262.609 2256.632 2255.121 2249.564 2245.682 2239.913 2232.403 2229.712 2227.326 2235.165 2243.167 2245.862 2252.908 2252.951 2246.794 2239.834 2231.705 2242.411 2245.174 2242.349 2238.931 2242.321 2248.828 2255.859 2254.946 2245.243 2245.274 2247.012 2243.785 2238.679 2233.835 2226.128 2219.566 2215.1 2209.729 2205.046 2195.152 2195.199 2193.441 2188.346 2183.91 2175.945 2174.976 2174.985 2180.113 2179.895 2181.361 2182.686 2183.663 2191.213 2194.566 2198.953 2206.39 2214.615 2221.522
2284.743 2280.728 2279.611 2275.116 2279.042 2283.409 2285.778 2289.353 2290.198 2286.516 2282.534 2279.689 2273.854 2268.661 2267.555 2266.323 2262.265 2256.703 2250.797 2246.876 2239.897 2232.967 2228.825 2225.301 2227.758 2234.298 2245.303 2245.78 2246.285 2244.652 2239.262 2233.044 2230.528 2235.952 2232.595 2235.034 2238.795 2243.667 2243.79 2248.134 2243.947 2242.213 2244.542 2242.204 2236.929 2230.272 2227.429 2221.522 2216.53 2208.658 2204.484 2198.246 2193.913 2190.086 2183.948 2183.17 2176.665 2172.936 2170.634 2173.657 2171.251 2180.458 2186.684 2190.256 2197.222 2201.394 2208.582 2215.663 2220.115 2221.357
2285.322 2282.652 2279.045 2272.956 2272.343 2278.264 2283.706 2290.376 2293.563 2286.85 2281.679 2278.877 2274.524 2272.557 2271.449 2269.862 2264.152 2256.282 2252.428 2245.951 2237.626 2232.039 2227.651 2223.856 2223.405 2230.859 2238.064 2241.223 2240.741 2240.572 2231.894 2231.571 2226.386 2227.964 2228.924 2233.074 2233.781 2231.972 2238.436 2240.989 2240.828 2234.501 2236.993 2240.231 2236.462 2232.35 2228.611 2222.4 2218.5 2210.065 2205.043 2198.912 2196.183 2190.95 2185.336 2180.312 2176.249 2172.347 2167.45 2169.218 2170.147 2184.482 2188.196 2195.206 2197.296 2203.595 2212.491 2221.036 2216.952 2208.686
2286.416 2282.674 2278.286 2271.727 2268.187 2274.684 2282.678 2288.587 2288.525 2285.565 2283.124 2279.686 2276.339 2271.128 2269.517 2269.108 2263.32 2257.4 2251.651 2244.845 2239.19 2231.204 2226.211 2223.303 2220.148 2224.145 2231.709 2232.497 2234.94 2236.57 2231.983 2228.464 2225.105 2222.286 2221.564 2228.765 2232.912 2231.961 2231.165 2234.594 2235.555 2232.946 2231.326 2235.964 2235.953 2234.984 2233.646 2231.094 2223.244 2214.34 2208.256 2201.97 2196.703 2190.859 2182.963 2179.645 2172.659 2171.532 2168.183 2163.183 2171.955 2182.194 2184.845 2182.337 2186.146 2199.303 2210.205 2204.793 2198.701 2195.504
2285.416 2281.086 2277.541 2272.455 2265.91 2273.372 2281.099 2285.187 2282.935 2279.666 2282.355 2279.48 2273.7 2269.653 2263.983 2258.982 2259.357 2257.78 2249.952 2241.439 2232.281 2228.464 2224.711 2220.846 2219.613 2219.118 2225.511 2230.442 2234.324 2234.975 2232.239 2226.933 2221.825 2221.077 2218.606 2225.944 2231.742 2232.944 2228.827 2230.708 2233.175 2230.602 2229.654 2233.55 2233.453 2234.232 2234.789 2233.368 2225.403 2218.136 2208.626 2199.708 2193.945 2189.92 2185.543 2181.39 2172.951 2168.377 2165.635 2161.344 2163.11 2175.144 2175.76 2167.311 2172.79 2188.96 2194.792 2190.768 2179.947 2176.931
2285.428 2283.095 2277.443 2271.842 2264.254 2270.858 2278.49 2282.016 2280.212 2277.698 2279.292 2278.375 2272.193 2267.086 2262.094 2256.058 2253.505 2252.635 2248.317 2244.218 2234.216 2225.911 2222.283 2218.715 2217.369 2217.299 2220.416 2226.218 2233.677 2234.208 2231.172 2224.821 2219.539 2218.056 2215.914 2221.788 2230.839 2231.829 2228.871 2220.116 2224.257 2224.899 2220.609 2226.295 2227.463 2229.05 2232.032 2231.115 2220.749 2213.918 2203.186 2195.29 2195.261 2194.653 2186.53 2181.326 2173.951 2169.708 2162.493 2159.635 2155.552 2165.221 2164.148 2156.296 2155.185 2162.316 2170.013 2172.718 2170.195 2161.927
2281.367 2279.199 2273.263 2268.511 2261.518 2269.217 2271.754 2273.319 2272.047 2270.238 2275.385 2274.425 2272.182 2269.576 2262.033 2257.467 2250.661 2244.39 2245.942 2242.83 2231.753 2226.006 2219.495 2216.901 2215.684 2214.83 2218.799 2225.494 2231.659 2232.927 2230.781 2223.561 2219.922 2213.464 2212.736 2219.785 2225.549 2227.69 2227.332 2224.538 2217.421 2218.138 2219.839 2221.548 2218.179 2221.053 2225.203 2222.873 2217.985 2209.822 2203.77 2201.35 2201.076 2196.362 2186.898 2179.442 2172.221 2168.217 2161.801 2155.958 2148.819 2154.337 2153.104 2144.222 2143.035 2145.403 2155.249 2155.003 2152.632 2154.204
2276.247 2270.127 2268.65 2267.269 2260.901 2259.89 2265.015 2262.646 2263.7 2267.071 2272.083 2272.267 2269.881 2267.388 2259.378 2254.642 2247.859 2240.665 2236.803 2234.178 2230.773 2223.748 2219.904 2215.981 2213.179 2213.595 2220.283 2225.208 2227.42 2228.255 2227.301 2222.354 2216.633 2210.627 2207.3 2217.136 2219.499 2223.48 2226.005 2224.276 2221.27 2213.894 2212.638 2216.793 2212.597 2209.999 2221.046 2221.643 2217.746 2208.863 2210.375 2211.441 2205.352 2196.196 2187.156 2181.675 2173.859 2167.734 2161.862 2155.613 2145.292 2142.033 2140.924 2134.437 2130.051 2141.735 2144.792 2145.347 2142.227 2143.578
2276.17 2272.973 2271.171 2269.951 2263.927 2257.978 2255.137 2254.805 2254.27 2260.287 2270.721 2270.539 2268.278 2262.387 2259.031 2252.576 2243.439 2239.159 2231.71 2228.447 2222.702 2219.411 2218.13 2215.614 2210.399 2210.984 2218.737 2222.578 2222.124 2222.774 2223.979 2220.106 2214.553 2209.136 2206.37 2216.759 2221.789 2222.813 2223.776 2221.724 2218.917 2214.902 2210.397 2209.001 2208.744 2206.298 2214.708 2219.438 2220.813 2220.425 2218.161 2216.972 2210.174 2201.08 2192.174 2185.266 2177.93 2172.005 2166.792 2159.859 2152.397 2141.447 2126.335 2122.048 2121.078 2130.065 2136.604 2139.479 2134.181 2134.889
2280.862 2278.31 2271.7 2268.62 2266.738 2263.4 2259.167 2254.021 2251.135 2250.583 2259.603 2264.483 2261.173 2257.942 2254.684 2250.219 2245.903 2239.586 2232.351 2229.332 2224.925 2222.299 2220.768 2216.059 2209.007 2207.511 2213.039 2216.693 2217.652 2221.798 2223.08 2221.221 2211.207 2205.093 2207.288 2216.015 2218.089 2220.594 2221.943 2220.774 2217.124 2212.5 2206.052 2208.584 2207.602 2203.113 2206.847 2212.76 2223.941 2225.305 2225.14 2220.954 2217.072 2209.305 2199.115 2191.872 2184.265 2176.928 2168.611 2161.149 2155.976 2148.391 2137.931 2121.609 2110.342 2122.054 2135.743 2137.372 2134.182 2124.026
2283.11 2279.863 2275.184 2270.793 2269.412 2266.633 2261.007 2258.091 2254.984 2249.016 2246.96 2243.445 2246.119 2248.226 2247.989 2248.56 2244.275 2240.447 2234.362 2231.314 2228.263 2227.392 2222.973 2217.239 2211.076 2206.325 2207.71 2207.768 2211.258 2219.935 2222.524 2220.45 2210.791 2201.98 2205.658 2209.197 2215.833 2219.205 2219.286 2221.316 2219.455 2212.358 2202.92 2206.726 2203.706 2195.84 2200.378 2207.77 2215.884 2225.103 2232.6 2229.055 2220.953 2215.956 2209.348 2198.486 2186.203 2176.292 2165.559 2159.075 2151.91 2144.622 2137.469 2118.956 2109.445 2120.727 2129.971 2131.198 2130.286 2123.293
2280.998 2278.76 2277.204 2273.514 2270.358 2266.858 2264.435 2261.216 2257.162 2253.881 2249.597 2244.851 2241.689 2240.076 2245.72 2247.756 2247.091 2245.902 2241.325 2236.965 2234.124 2229.845 2225.021 2221.056 2213.195 2204.215 2204.866 2204.544 2207.092 2213.375 2218.085 2218.878 2208.219 2199.047 2199.422 2206.854 2211.814 2214.785 2218.553 2221.128 2219.394 2211.169 2204.205 2196.796 2193.816 2188.981 2191.45 2200.253 2208.376 2214.2 2220.795 2227.496 2223.891 2219.446 2210.102 2197.02 2186.015 2171.371 2159.295 2149.17 2143.897 2138.36 2129.508 2107.549 2102.108 2111.091 2113.845 2116.7 2121.993 2120.835
2280.822 2279.755 2280.142 2276.794 2271.793 2270.474 2266.688 2264.753 2260.8 2258.771 2254.266 2245.612 2243.435 2235.903 2243.591 2249.537 2250.96 2252.055 2249.228 2245.267 2240.12 2232.11 2227.176 2222.01 2214.104 2206.565 2202.106 2202.699 2203.756 2206.012 2209.61 2212.249 2208.071 2199.817 2194.594 2201.295 2205.411 2209.902 2218.458 2220.466 2217.06 2209.525 2206.138 2198.406 2192.746 2185.338 2182.591 2188.761 2198.361 2203.21 2206.149 2216.185 2217.701 2211.905 2205.209 2194.67 2181.24 2169.1 2161.356 2146.324 2134.352 2124.541 2113.536 2102.947 2093.626 2097.521 2089.928 2098.954 2108.826 2111.355
2283.951 2284.389 2283.111 2282.521 2280.027 2271.014 2269.791 2267.16 2261.051 2257.521 2253.573 2248.093 2245.62 2234.553 2233.486 2246.721 2253.672 2258.1 2257.055 2255.597 2246.303 2236.305 2230.094 2220.913 2217.149 2210.436 2202.202 2199.582 2200.191 2201.357 2204.385 2206.415 2203.045 2199.264 2192.518 2195.166 2201.699 2209.507 2213.72 2219.387 2220.452 2217.547 2211.271 2204.454 2196.39 2186.308 2179.15 2176.066 2185.708 2187.329 2196.98 2202.361 2205.247 2202.208 2197.25 2191.556 2181.85 2173.644 2167.416 2155.695 2145.16 2132.094 2125.115 2117.402 2108.959 2097.098 2083.534 2079.549 2088.73 2098.01
2287.681 2291.25 2292.048 2290.217 2285.857 2280.846 2275.086 2268.157 2260.304 2254.69 2251.771 2244.215 2242.092 2236.603 2231.507 2239.383 2250.209 2261.416 2266.185 2261.312 2253.583 2242.873 2233.176 2226.319 2220.261 2211.78 2207.429 2202.513 2197.437 2194.995 2197.605 2195.908 2194.453 2194.823 2189.296 2192.52 2197.023 2205.835 2212.937 2222.365 2222.885 2220.588 2211.907 2206.207 2198.735 2190.493 2183.941 2168.298 2170.573 2171.34 2186.713 2190.157 2191.228 2192.779 2189.107 2185.801 2180.504 2176.549 2170.972 2162.059 2150.983 2139.898 2135.115 2121.831 2115.082 2110.726 2100.017 2087.956 2076.34 2080.635
2288.409 2292.894 2296.1 2296.877 2294.085 2288.832 2278.314 2270.498 2263.002 2256.929 2252.596 2246.148 2236.809 2232.674 2230.98 2231.869 2249.379 2263.32 2273.105 2270.971 2259.306 2253.825 2244.32 2235.399 2227.715 2217.459 2217.27 2208.054 2201.215 2197.039 2191.153 2191.874 2189.594 2188.066 2186.519 2189.118 2196.654 2201.705 2211.074 2219.376 2219.818 2221.594 2215.45 2209.128 2198.213 2191.842 2182.248 2169.165 2163.507 2160.083 2169.002 2172.265 2184.715 2181.585 2173.137 2173.152 2174.738 2172.535 2168.297 2159.988 2145.804 2134.572 2125.965 2114.373 2104.773 2099.376 2096.359 2093.306 2085.77 2072.826
2283.238 2288.329 2295.32 2300.34 2299.46 2292.419 2283.89 2274.904 2267.354 2260.554 2252.419 2241.287 2234.543 2229.587 2228.447 2227.577 2250.071 2259.398 2272.06 2283.354 2273.007 2261.45 2254.573 2248.277 2238.505 2230.435 2223.171 2209.565 2204.997 2200.215 2192.758 2187.105 2186.225 2184.871 2184.239 2185.713 2191.1 2198.216 2205.172 2206.249 2214.261 2221.576 2216.711 2206.021 2196.179 2191.071 2181.791 2177.061 2171.324 2158.823 2154.5 2160.231 2171.076 2170.288 2159.783 2160.775 2164.929 2161.686 2162.609 2155.364 2141.36 2131.185 2114.663 2099.955 2094.031 2086.324 2084.678 2077.611 2074.663 2074.603
2279.792 2286.175 2293.551 2299.78 2305.931 2291.73 2283.772 2269.795 2264.192 2259.887 2255.383 2245.382 2232.155 2226.674 2224.3 2232.96 2246.683 2257.205 2265.82 2276.123 2283.438 2272.361 2263.742 2258.064 2246.742 2239.115 2225.047 2212.542 2208.927 2203.736 2195.687 2189.292 2182.799 2183.534 2181.943 2181.431 2187.519 2198.117 2199.403 2201.324 2210.838 2218.554 2217.299 2208.828 2199.914 2193.119 2188.692 2184.391 2170.955 2167.159 2161.097 2148.04 2156.085 2157.481 2154.188 2157.795 2159.704 2155.335 2153.953 2149.661 2139.999 2125.446 2108.806 2097.243 2083.432 2077.204 2071.134 2070.266 2068.457 2063.213
2279.212 2286.116 2292.59 2301.533 2301.176 2289.684 2277.602 2264.926 2256.539 2251.512 2254.891 2248.218 2234.768 2226.749 2223.363 2230.912 2238.984 2250.825 2260.833 2266.225 2280.293 2279.473 2269.264 2258.084 2251.596 2242.013 2229.917 2224.61 2216.037 2207.459 2202.687 2195.244 2187.961 2180.262 2177.794 2177.984 2185.276 2195.21 2194.813 2198.203 2207.353 2215.435 2216.315 2211.297 2203.778 2197.038 2196.221 2187.208 2183.017 2175.725 2164.781 2155.922 2142.02 2142.216 2143.365 2152.549 2151.399 2148.235 2145.39 2142.834 2133.561 2116.935 2102.552 2086.145 2075.402 2071.128 2071.467 2075.688 2076.895 2073.241
2274.686 2285.734 2294.279 2305.227 2296.337 2280.053 2268.003 2260.323 2250.397 2241.892 2246.799 2248.261 2240.745 2228.012 2220.354 2225.463 2233.277 2242.99 2250.591 2261.111 2269.05 2278.624 2273.781 2268.163 2259.069 2247.082 2238.052 2226.564 2217.554 2212.326 2205.536 2196.916 2190.915 2184.234 2177.233 2174.654 2177.416 2183.28 2186.132 2197.63 2206.961 2217.712 2220.416 2216.054 2211.968 2209.878 2200.663 2196.736 2189.65 2181.306 2168.803 2160.354 2151.148 2139.62 2134.243 2143.922 2146.215 2144.198 2138.411 2131.377 2123.239 2113.107 2099.513 2077.846 2070.641 2072.844 2077.567 2080.9 2085.869 2085.658
2269.995 2279.711 2292.641 2304.932 2295.653 2273.842 2262.277 2249.88 2240.064 2234.337 2239.196 2240.031 2240.196 2230.76 2218.21 2221.96 2227.459 2233.477 2240.925 2252.378 2260.43 2266.452 2269.21 2266.134 2255.717 2246.503 2232.551 2222.914 2216.759 2208.689 2203.456 2197.816 2190.489 2184.92 2179.416 2173.302 2170.589 2173.808 2186.604 2193.235 2203.899 2215.139 2221.316 2220.335 2214.541 2210.32 2203.121 2197.108 2188.302 2181.707 2173.716 2164.737 2158.965 2144.964 2128.416 2131.409 2134.434 2133.01 2136.153 2132.057 2116.928 2105.994 2087.226 2073.995 2073.422 2081.41 2085.624 2089.219 2091.485 2094.139
2265.428 2271.15 2283.108 2286.373 2279.341 2271.465 2258.8 2242.318 2232.404 2229.051 2231.055 2230.526 2230.59 2229.317 2218.209 2217.104 2223.043 2224.331 2231.01 2240.431 2251.432 2260.878 2261.514 2256.259 2244.495 2237.465 2226.558 2219.644 2214.053 2207.377 2200.435 2193.923 2188.687 2183.19 2177.917 2173.06 2169.252 2172.571 2184.773 2191.107 2199.346 2207.784 2215.473 2217.239 2213.674 2206.776 2194.463 2189.206 2182.507 2172.686 2169.505 2159.931 2154.363 2146.335 2138.605 2129.882 2119.073 2120.529 2126.18 2126.602 2116.179 2105.894 2084.397 2071.985 2078.372 2089.762 2094.255 2097.444 2097.984 2100.026
2259.087 2260.353 2263.843 2266.469 2267.193 2264.553 2252.142 2235.853 2229.093 2224.823 2221.937 2223.201 2225.128 2225.07 2220.729 2213.183 2215.136 2218.876 2222.739 2230.979 2241.429 2249.545 2253.958 2244.601 2234.576 2226.674 2221.788 2212.604 2208.808 2209.367 2200.746 2191.897 2186.584 2181.695 2175.038 2170.501 2166.816 2168.232 2177.754 2189.592 2197.525 2204.601 2208.724 2210.393 2211.061 2204.092 2194.855 2184.449 2181.497 2173.045 2168.563 2164.729 2163.248 2159.894 2151.138 2138.233 2125.067 2110.49 2112.74 2113.411 2109.397 2095.872 2083.109 2072.271 2083.513 2090.853 2099.701 2104.236 2105.6 2105.979
2257.113 2245.28 2250.897 2245.721 2247.557 2247.215 2239.072 2231.668 2221.811 2218.489 2215.923 2217.026 2219.494 2222.498 2222.433 2218.212 2210.174 2210.386 2216.412 2223.777 2231.994 2238.522 2241.209 2236.214 2226.211 2216.043 2213.871 2207.458 2204.652 2207.835 2200.551 2190.832 2185.863 2180.911 2175.71 2171.474 2164.43 2165.124 2180.84 2193.423 2198.767 2199.709 2198.787 2200.643 2201.165 2201.479 2198.55 2193.108 2187.379 2179.562 2173.203 2172.629 2164.846 2157.413 2147.552 2134.734 2126.875 2115.314 2097.749 2097.216 2094.44 2087.556 2073.657 2074.798 2080.879 2091.829 2100.922 2107.293 2111.868 2111.872
2245.362 2240.011 2237.753 2237.469 2232.234 2231.584 2225.075 2220.286 2219.325 2222.229 2221.651 2214.583 2215.08 2220.698 2220.353 2218.507 2210.108 2207.507 2210.13 2218.784 2221.613 2228.721 2231.213 2228.505 2219.411 2209.705 2204.235 2201.417 2199.175 2197.741 2195.701 2189.705 2185.752 2182.497 2174.914 2169.941 2162.328 2163.753 2178.894 2188.703 2196.583 2196.042 2191.956 2189.715 2189.458 2193.544 2198.074 2194.252 2187.762 2182.195 2177.921 2172.873 2163.759 2157.072 2149.449 2139.798 2133.948 2123.758 2111.268 2090.713 2080.801 2076.722 2075.796 2086.902 2085.494 2090.431 2099.185 2109.036 2113.79 2116.715
2242.278 2237.352 2231.259 2228.958 2226.647 2226.777 2227.368 2228.853 2229.604 2229.708 2226.869 2222.434 2211.499 2213.619 2214.678 2212.71 2210.235 2209.975 2206.174 2211.855 2217.332 2221.373 2223.172 2223.075 2213.615 2206.521 2199.673 2195.192 2194.238 2190.822 2189.404 2186.468 2181.597 2178.166 2172.429 2165.665 2161.937 2158.846 2174.454 2183.964 2188.988 2188.717 2187.849 2182.412 2179.377 2185.174 2191.259 2190.522 2184.985 2183.831 2176.899 2169.733 2162.691 2153.045 2145.088 2138.88 2130.069 2121.618 2110.842 2088.57 2078.28 2081.299 2087.102 2089.302 2091.464 2091.794 2096.879 2106.677 2112.298 2119.668
2246.207 2250.441 2243.857 2235.813 2228.968 2230.94 2237.897 2241.821 2242.304 2240.868 2235.531 2223.133 2214.121 2208.825 2207.626 2208.548 2209.288 2209.813 2204.862 2204.703 2211.393 2216.378 2216.458 2217.63 2214.289 2206.79 2198.641 2194.291 2186.645 2184.452 2183.664 2180.455 2177.052 2168.891 2167.698 2161.038 2159.05 2157.761 2166.58 2174.859 2178.946 2177.899 2184.108 2182.205 2170.382 2176.332 2182.191 2184.256 2181.135 2176.407 2172.982 2166.983 2159.212 2148.112 2142.677 2131.43 2121.513 2113.526 2100.988 2085.109 2080.32 2087.455 2093.505 2097.298 2096.219 2099.164 2099.835 2110.325 2112.36 2120.606
2261.372 2256.999 2249.77 2236.585 2231.43 2237.748 2246.417 2251.992 2256.375 2253.044 2247.635 2229.947 2218.727 2215.884 2210.121 2206.4 2206.94 2208.226 2208.52 2200.475 2205.02 2207.601 2211.336 2211.949 2211.442 2207.507 2200.749 2195.09 2186.558 2182.377 2177.759 2174.669 2171.913 2165.096 2158.652 2158.063 2157.199 2155.395 2158.238 2166.296 2163.941 2175.759 2186.023 2181.82 2167.349 2165.574 2172.711 2175.951 2175.382 2170.122 2166.437 2162.412 2152.317 2143.723 2137.256 2128.126 2118.154 2104.566 2091.259 2084.143 2082.863 2093.532 2099.201 2100.838 2097.574 2099.955 2102.22 2108.506 2115.959 2123.892
