landlab/components/overland_flow/examples/SpringCreek.asc
ncols         245
nrows         258
xllcorner     994515.91663383
yllcorner     4370139.5556715
cellsize      30
NODATA_value  -9999
[rows 186 to 216 of 258, columns 0 to 69 of 245]
-9999 -9999 -9999 -9999 -9999 -9999 -9999 -9999 -9999 -9999 -9999 -9999 -9999 -9999 -9999 -9999 -9999 -9999 -9999 -9999 -9999 -9999 -9999 -9999 -9999 -9999 -9999 -9999 -9999 -9999 -9999 -9999 -9999 -9999 -9999 -9999 -9999 2344.155 2343.571 2342.955 2342.712 2342.845 2342.917 2342.741 2340.135 2334.073 2331.791 2330.207 2328.855 2328.387 2327.693 2325.318 2322.794 2319.842 2318.436 2317.161 2316.695 2316.16 2315.704 2316.767 2318.599 2320.687 2321.402 2320.798 2310.27 2303.917 2298.149 2293.93 2292.505 2291.204
-9999 -9999 -9999 -9999 -9999 -9999 -9999 -9999 -9999 -9999 -9999 -9999 -9999 -9999 -9999 -9999 -9999 -9999 -9999 -9999 -9999 -9999 -9999 -9999 -9999 -9999 -9999 -9999 -9999 -9999 -9999 -9999 -9999 -9999 -9999 2346.775 2345.284 2344.06 2343.145 2342.17 2341.979 2341.997 2341.976 2341.286 2339.069 2335.899 2332.877 2330.873 2330.586 2330.156 2329.531 2327.415 2323.948 2320.963 2318.872 2317.697 2317.649 2317.804 2317.906 2322.292 2327.047 2329.722 2330.93 2325.334 2320.785 2308.15 2300.634 2296.582 2293.715 2291.387
-9999 -9999 -9999 -9999 -9999 -9999 -9999 -9999 -9999 -9999 -9999 -9999 -9999 -9999 -9999 -9999 -9999 -9999 -9999 -9999 -9999 -9999 -9999 -9999 -9999 -9999 -9999 -9999 -9999 -9999 2354.325 -9999 -9999 2351.122 2349.471 2347.02 2344.226 2342.87 2342.179 2341.467 2341 2340.871 2340.694 2339.921 2337.509 2335.635 2333.403 2332.032 2331.065 2330.555 2330.35 2329.025 2325.691 2322.51 2319.402 2318.571 2318.207 2318.563 2320.664 2326.245 2331.561 2332.303 2332.622 2329.972 2324.208 2310.952 2303.081 2296.481 2292.676 2291.107
-9999 -9999 -9999 -9999 -9999 -9999 -9999 -9999 -9999 -9999 -9999 -9999 -9999 -9999 -9999 -9999 -9999 -9999 -9999 -9999 -9999 -9999 -9999 -9999 -9999 -9999 -9999 -9999 -9999 -9999 -9999 2354.027 2353.214 2352.109 2349.865 2347.078 2344.611 2342.066 2341.348 2341.057 2340.387 2339.776 2339.165 2338.178 2336.995 2334.711 2332.921 2331.924 2330.87 2330.505 2330.347 2330.142 2327.747 2322.625 2319.968 2318.843 2318.288 2318.044 2319.604 2325.354 2329.143 2331.356 2332.893 2332.133 2325.335 2313.641 2307.756 2300.89 2293.263 2291.759
-9999 -9999 -9999 -9999 -9999 -9999 -9999 -9999 -9999 -9999 -9999 -9999 -9999 -9999 -9999 -9999 -9999 -9999 -9999 -9999 -9999 -9999 -9999 -9999 -9999 -9999 -9999 -9999 -9999 -9999 -9999 -9999 2353.442 2352.229 2350.223 2348.447 2345.681 2343.232 2342.183 2341.264 2340.285 2339.39 2338.169 2336.777 2335.546 2333.908 2332.027 2329.769 2329.401 2329.547 2329.811 2328.969 2326.789 2322.061 2319.683 2318.334 2318.025 2316.875 2317.221 2318.619 2325.244 2331.374 2328.341 2329.358 2328.522 2322.153 2314.151 2302.811 2298.949 2293.223
-9999 -9999 -9999 -9999 -9999 -9999 -9999 -9999 -9999 -9999 -9999 -9999 -9999 -9999 -9999 -9999 -9999 -9999 -9999 -9999 -9999 -9999 -9999 -9999 -9999 -9999 -9999 -9999 -9999 -9999 -9999 -9999 2353.34 2352.674 2351.114 2349.156 2346.79 2345.314 2343.443 2342.292 2341.255 2339.337 2337.619 2336.031 2334.236 2332.757 2331.621 2329.827 2328.424 2327.491 2326.946 2326.122 2323.39 2320.991 2318.472 2317.02 2316.532 2315.804 2315.042 2315.392 2321.993 2329.031 2323.781 2319.32 2321.454 2321.215 2317.423 2309.122 2302.148 2293.931
-9999 -9999 -9999 -9999 -9999 -9999 -9999 -9999 -9999 -9999 -9999 -9999 -9999 -9999 -9999 -9999 -9999 -9999 -9999 -9999 -9999 -9999 -9999 -9999 -9999 -9999 -9999 -9999 -9999 -9999 -9999 -9999 -9999 2353.658 2352.547 2349.764 2347.067 2345.634 2344.031 2343.088 2341.518 2339.306 2337.795 2335.285 2332.861 2331.367 2330.531 2329.323 2327.627 2325.95 2323.906 2321.032 2319.832 2319.651 2317.273 2315.801 2315.152 2314.235 2313.803 2313.165 2317.066 2320.132 2315.264 2312.489 2311.963 2315.284 2315.217 2309.646 2302.146 2293.769
-9999 -9999 -9999 -9999 -9999 -9999 -9999 -9999 -9999 -9999 -9999 -9999 -9999 -9999 -9999 -9999 -9999 -9999 -9999 -9999 -9999 -9999 -9999 -9999 -9999 -9999 -9999 -9999 -9999 -9999 -9999 -9999 -9999 2353.821 2352.561 2349.699 2347.498 2345.057 2343.273 2341.771 2340.299 2338.804 2337.087 2334.751 2332.461 2329.677 2329.003 2328.425 2327.321 2325.324 2322.614 2317.841 2317.323 2316.841 2316.231 2315.083 2313.96 2312.661 2311.601 2310.392 2309.891 2309.851 2308.394 2304.107 2304.899 2307.374 2306.549 2305.059 2297.361 2289.474
-9999 -9999 -9999 -9999 -9999 -9999 -9999 -9999 -9999 -9999 -9999 -9999 -9999 -9999 -9999 -9999 -9999 -9999 -9999 -9999 -9999 -9999 -9999 -9999 -9999 -9999 -9999 -9999 -9999 -9999 -9999 -9999 2354.151 2353.598 2352.31 2349.875 2346.541 2342.195 2341.699 2340.675 2339.628 2338.708 2336.75 2334.491 2332.408 2330.795 2330.301 2329.615 2328.297 2326.677 2322.936 2319.995 2318.591 2317.179 2315.908 2314.966 2313.524 2312.132 2309.903 2306.573 2305.04 2303.736 2298.892 2292.772 2291.724 2293.86 2295.581 2290.759 2288.036 2280.561
-9999 -9999 -9999 -9999 -9999 -9999 -9999 -9999 -9999 -9999 -9999 -9999 -9999 -9999 -9999 -9999 -9999 -9999 -9999 -9999 -9999 -9999 -9999 -9999 -9999 -9999 -9999 -9999 -9999 -9999 2355.663 2354.526 2354.132 2353.382 2352.444 2350.52 2346.726 2343.058 2341.744 2340.761 2339.954 2338.616 2336.502 2335 2332.889 2331.605 2331.27 2330.859 2330.037 2327.57 2323.472 2321.579 2319.955 2318.6 2317.265 2315.615 2314.009 2312.21 2309.605 2307.594 2305.338 2302.699 2298.954 2293.635 2292.389 2291.625 2290.625 2289.372 2289.074 2288.156
-9999 -9999 -9999 -9999 -9999 -9999 -9999 -9999 -9999 -9999 -9999 -9999 -9999 -9999 -9999 -9999 -9999 -9999 -9999 -9999 -9999 -9999 -9999 -9999 -9999 -9999 -9999 -9999 2357.48 2356.628 2355.117 2354.277 2354.365 2354.036 2353.621 2351.657 2348.043 2346.219 2343.803 2342.132 2340.799 2338.567 2336.685 2334.616 2333.119 2332.185 2331.277 2330.151 2329.594 2326.723 2323.515 2321.498 2320.178 2319.412 2318.869 2317.894 2316.837 2312.414 2309.553 2308.188 2307.13 2306.228 2301.019 2295.998 2295.278 2294.94 2295.392 2296.272 2297.35 2295.395
-9999 -9999 -9999 -9999 -9999 -9999 -9999 -9999 -9999 -9999 -9999 -9999 -9999 -9999 -9999 -9999 -9999 -9999 -9999 -9999 2367.98 2367.309 2366.936 2366.572 2365.352 -9999 -9999 2359.17 2357.631 2355.329 2354.366 2354.433 2354.7 2355.395 2355.194 2352.995 2350.326 2347.017 2344.479 2342.939 2340.716 2338.332 2336.29 2333.74 2332.701 2331.669 2330.08 2329.151 2327.416 2324.36 2322.261 2320.141 2319.398 2319.075 2318.451 2318.048 2316.05 2310.136 2308.095 2306.671 2306.357 2305.368 2299.354 2296.246 2295.022 2297.049 2303.945 2306.692 2303.579 2295.29
-9999 -9999 -9999 -9999 -9999 -9999 -9999 -9999 -9999 -9999 -9999 -9999 -9999 -9999 -9999 -9999 -9999 -9999 -9999 -9999 2366.775 2366.229 2365.692 2364.125 2363.351 2361.911 2360.523 2359.288 2357.517 2355.852 2354.942 2354.431 2354.896 2355.501 2354.903 2353.016 2350.126 2346.617 2344.452 2341.829 2340.041 2337.89 2335.117 2332.884 2331.267 2330.336 2329.254 2327.444 2325.118 2322.583 2319.556 2318.039 2317.37 2317.528 2317.137 2313.91 2308.567 2306.271 2305.429 2305.214 2303.729 2299.134 2294 2293.009 2293.029 2292.849 2292.568 2294.63 2293.612 2285.137
-9999 -9999 -9999 -9999 -9999 -9999 -9999 -9999 -9999 -9999 -9999 -9999 -9999 -9999 -9999 -9999 -9999 -9999 -9999 -9999 2365.93 2365.068 2364.055 2362.887 2361.688 2360.111 2359.087 2358.235 2356.793 2355.083 2354.345 2354.657 2354.397 2354.235 2352.361 2350.569 2347.838 2344.785 2342.601 2340.934 2339.039 2336.929 2333.996 2331.708 2330.146 2328.868 2327.934 2326.213 2323.503 2319.654 2317.388 2316.417 2315.53 2314.802 2313.302 2307.48 2304.008 2303.563 2302.719 2300.999 2298.504 2293.146 2292.794 2293.024 2292.673 2292.094 2291.318 2289.672 2287.07 2282.316
-9999 -9999 -9999 -9999 -9999 -9999 -9999 -9999 -9999 -9999 -9999 -9999 -9999 -9999 -9999 -9999 -9999 -9999 -9999 -9999 2365.149 2364.561 2363.516 2362.436 2361.029 2358.088 2356.573 2355.795 2354.894 2354.134 2353.364 2353.78 2353.738 2351.839 2350.432 2346.621 2344.719 2343.117 2341.004 2339.533 2338.583 2336.643 2333.831 2330.345 2329.326 2329.286 2329.103 2327.169 2324.602 2318.822 2317.938 2317.313 2316.419 2313.906 2310.852 2307.389 2305.831 2302.918 2301.021 2298.211 2297.969 2297.206 2298.173 2296.993 2295.517 2294.286 2291.875 2290.101 2288.797 2288.293
-9999 -9999 -9999 -9999 -9999 -9999 -9999 -9999 -9999 -9999 -9999 -9999 -9999 -9999 -9999 -9999 -9999 -9999 -9999 -9999 2365.375 2364.908 2364.218 2363.656 2361.546 2358.044 2354.773 2354.07 2353.843 2352.904 2352.265 2351.518 2350.97 2349.325 2346.628 2343.499 2342.637 2341.458 2340.267 2339.574 2338.593 2336.848 2335.177 2332.086 2331.005 2330.7 2330.106 2329.709 2328.164 2323.856 2320.615 2318.882 2316.702 2312.513 2309.272 2307.503 2304.954 2302.48 2302.822 2305.494 2306.361 2306.138 2303.054 2300.041 2298.622 2295.17 2292.699 2291.017 2291.022 2293.806
-9999 -9999 -9999 -9999 -9999 -9999 -9999 -9999 -9999 -9999 -9999 -9999 -9999 -9999 -9999 -9999 -9999 -9999 -9999 -9999 2366.062 2365.696 2365.483 2364.597 2361.987 2358.988 2355.272 2354.363 2353.654 2352.479 2351.729 2350.706 2349.861 2348.716 2345.261 2342.371 2342.133 2341.724 2341.388 2340.58 2339.83 2338.419 2335.619 2333.233 2332.27 2331.561 2330.989 2330.661 2330.13 2325.937 2320.153 2317.201 2314.919 2311.258 2308.725 2308.516 2308.188 2307.139 2306.78 2308.343 2308.486 2307.716 2306.204 2304.549 2300.55 2295.842 2292.414 2292.09 2294.257 2295.544
-9999 -9999 -9999 -9999 -9999 -9999 -9999 -9999 -9999 -9999 -9999 -9999 -9999 -9999 -9999 -9999 -9999 -9999 -9999 2366.905 2366.786 2366.712 2366.4 2364.716 2362.645 2360.06 2357.271 2356.066 2355.054 2353.68 2353.376 2351.431 2350.072 2348.958 2347.44 2345.934 2344.608 2343.11 2342.186 2342.242 2341.809 2339.844 2335.836 2333.641 2332.036 2331.01 2330.405 2329.991 2328.524 2322.746 2316.989 2314.826 2311.799 2310.942 2311.067 2313.64 2314.542 2314.033 2312.007 2310.66 2310.238 2309.372 2308.304 2306.649 2303.49 2296.712 2292.76 2294.596 2298.639 2298.829
-9999 -9999 -9999 -9999 -9999 -9999 -9999 -9999 -9999 -9999 -9999 -9999 -9999 -9999 -9999 -9999 -9999 -9999 -9999 -9999 -9999 -9999 2366.879 2365.845 2364.105 2361.881 2360.99 2359.242 2357.093 2357.579 2356.343 2354.58 2353.109 2350.113 2350.647 2349.658 2347.177 2345.594 2344.147 2343.094 2342.919 2340.171 2335.117 2331.987 2331.14 2330.175 2327.823 2324.621 2319.441 2317.04 2315.006 2314.562 2315.643 2316.057 2316.27 2317.348 2318.958 2318.407 2316.101 2313.856 2311.757 2310.279 2309.188 2307.408 2305.459 2297.481 2294.017 2302.84 2304.35 2301.536
-9999 -9999 -9999 -9999 -9999 -9999 -9999 -9999 -9999 -9999 -9999 -9999 -9999 -9999 -9999 -9999 -9999 -9999 -9999 -9999 -9999 -9999 -9999 2366.767 2365.25 2364.14 2364.091 2365.102 2363.404 2360.603 2357.318 2356.14 2354.461 2354.684 2353.337 2352.288 2349.33 2346.644 2344.733 2343.703 2342.443 2337.703 2333.427 2329.869 2328.852 2328.286 2325.736 2322.493 2317.932 2316.7 2316.508 2317.406 2320.223 2320.494 2320.746 2320.429 2320.147 2319.092 2317.353 2315.242 2313.052 2311.323 2309.151 2306.625 2304.668 2303.793 2304.697 2306.625 2305.515 2302.857
-9999 -9999 -9999 -9999 -9999 -9999 -9999 -9999 -9999 -9999 -9999 -9999 -9999 -9999 -9999 -9999 -9999 -9999 -9999 -9999 -9999 -9999 -9999 -9999 2366.775 2365.974 2366.593 2366.8 2366.754 2362.802 2358.529 2356.276 2355.042 2355.029 2354.237 2352.467 2349.568 2345.742 2343.462 2341.582 2340.328 2337.26 2330.5 2329.634 2329.668 2326.885 2323.999 2321.614 2319.843 2320.036 2320.382 2321.555 2322.546 2325.049 2325.175 2324.099 2321.907 2320.073 2318.453 2316.467 2314.33 2312.055 2309.577 2307.006 2305.205 2306.574 2307.637 2306.855 2305.243 2304.062
-9999 -9999 -9999 -9999 -9999 -9999 -9999 -9999 -9999 -9999 -9999 -9999 -9999 -9999 -9999 -9999 -9999 -9999 -9999 -9999 -9999 -9999 -9999 -9999 2366.875 2366.883 2366.947 2366.706 2365.823 2363.347 2360.226 2357.119 2355.686 2354.555 2353.337 2351.093 2347.3 2343.338 2341.239 2339.908 2338.735 2336.142 2332.225 2331.742 2330.272 2325.972 2323.361 2322.027 2322.22 2323.969 2324.227 2325.667 2327.023 2328.285 2329.754 2327.382 2323.748 2321.522 2319.066 2316.957 2315.038 2313.256 2311.764 2309.355 2307.529 2309.44 2309.193 2306.59 2305.21 2305.688
-9999 -9999 -9999 -9999 -9999 -9999 -9999 -9999 -9999 -9999 -9999 -9999 -9999 -9999 -9999 -9999 -9999 -9999 -9999 -9999 -9999 -9999 -9999 -9999 2366.216 2366.621 2367.255 2365.9 2363.31 2361.603 2359.51 2357.506 2356.385 2354.171 2350.705 2347.934 2345.239 2342.452 2340.441 2338.996 2338.087 2335.556 2333.278 2331.673 2328.794 2325.655 2325.473 2326.911 2327.431 2326.869 2327.856 2329.1 2330.557 2330.955 2330.646 2328.934 2325.469 2321.223 2317.742 2316.626 2315.209 2314.365 2313.774 2313.257 2312.371 2311.791 2311.763 2310.131 2308.391 2307.422
-9999 -9999 -9999 -9999 -9999 -9999 -9999 -9999 -9999 -9999 -9999 -9999 -9999 -9999 -9999 -9999 -9999 -9999 -9999 -9999 -9999 -9999 -9999 2365.711 2365.457 2365.518 2365.901 2364.163 2361.585 2358.531 2357.028 2356.074 2354.552 2352.436 2350.129 2345.495 2342.834 2341.429 2340.187 2339.316 2338.216 2335.177 2332.79 2330.239 2327.548 2327.275 2330.304 2331.839 2331.735 2330.36 2329.884 2331.518 2331.815 2331.562 2330.902 2329.408 2324.739 2319.607 2317.187 2316.208 2315.375 2315.033 2315.852 2316.832 2316.169 2314.809 2313.923 2314.011 2310.481 2307.698
-9999 -9999 -9999 -9999 -9999 -9999 -9999 -9999 -9999 -9999 -9999 -9999 -9999 -9999 -9999 -9999 -9999 -9999 -9999 -9999 -9999 -9999 -9999 2365.327 2364.649 2363.619 2362.99 2362.019 2357.936 2355.416 2354.943 2353.544 2352.31 2351.171 2348.337 2344.462 2341.948 2341.68 2341.615 2341.293 2339.29 2335.658 2332.43 2330.06 2331.034 2332.002 2333.296 2335.907 2335.471 2333.995 2332.995 2332.716 2332.867 2331.927 2330.65 2329.627 2323.691 2317.989 2317.03 2316.616 2316.104 2315.968 2316.998 2319.048 2318.905 2316.963 2317.351 2316.143 2312.676 2306.906
-9999 -9999 -9999 -9999 -9999 -9999 -9999 -9999 -9999 -9999 -9999 -9999 -9999 -9999 -9999 -9999 -9999 -9999 -9999 -9999 -9999 -9999 2365.727 2364.473 2363.513 2362.407 2360.395 2358.63 2355.587 2354.113 2353.364 2352.056 2351.043 2349.964 2347.695 2345.83 2342.534 2343.597 2343.883 2343.388 2340.2 2335.909 2332.469 2334.296 2337.371 2338.428 2338.796 2340.188 2340.461 2338.595 2335.916 2334.374 2333.34 2332.001 2330.836 2328.155 2323.553 2319.456 2318.122 2318.708 2318.074 2317.192 2318.934 2320.552 2321.441 2320.52 2319.906 2318.415 2315.015 2308.671
-9999 -9999 -9999 -9999 -9999 -9999 -9999 -9999 -9999 -9999 -9999 -9999 -9999 -9999 -9999 -9999 -9999 -9999 -9999 -9999 -9999 -9999 2366.123 2364.714 2363.626 2361.746 2359.877 2358.002 2356.408 2355.262 2354.243 2352.613 2351.412 2349.914 2348.692 2348.024 2346.858 2345.805 2345.427 2343.578 2340.728 2335.243 2335.163 2339.683 2343.772 2343.189 2342.999 2343.626 2342.656 2340.494 2337.33 2335.592 2333.492 2331.559 2329.576 2327.854 2326.018 2323.523 2321.374 2321.107 2320.829 2320.367 2321.459 2323.669 2324.07 2324.087 2321.399 2319.28 2315.311 2309.938
-9999 -9999 -9999 -9999 -9999 -9999 -9999 -9999 -9999 -9999 -9999 -9999 -9999 -9999 -9999 -9999 -9999 -9999 -9999 -9999 -9999 2367.438 2366.699 2365.993 2363.861 2361.879 2360.186 2358.324 2357.188 2356.332 2355.08 2353.971 2352.337 2350.51 2350.321 2351.65 2350.779 2348.583 2345.621 2342.473 2338.759 2337.611 2339.565 2344.214 2347.509 2348.05 2346.094 2344.788 2343.204 2340.419 2337.896 2335.668 2333.101 2330.903 2328.958 2328.016 2328.12 2327.519 2325.304 2324.032 2323.673 2324.46 2325.923 2327.876 2328.737 2326.229 2323.517 2319.252 2314.664 2310.472
-9999 -9999 -9999 -9999 -9999 -9999 -9999 -9999 -9999 -9999 -9999 -9999 -9999 -9999 -9999 -9999 -9999 -9999 -9999 -9999 2367.95 2367.477 2366.866 2365.925 2363.76 2362.145 2360.235 2358.521 2357.663 2356.67 2355.597 2354.479 2352.851 2352.29 2352.11 2353.954 2353.876 2349.82 2344.531 2341.543 2338.865 2342.384 2345.991 2349.953 2352.573 2351.711 2347.833 2345.364 2342.012 2339.841 2338.087 2335.95 2333.583 2330.405 2328.919 2329.127 2330.334 2330.092 2328.206 2327.547 2326.645 2326.372 2329.158 2330.492 2330.801 2328.568 2324.371 2317.695 2310.718 2305.412
-9999 -9999 -9999 -9999 -9999 -9999 -9999 -9999 -9999 -9999 -9999 -9999 -9999 -9999 -9999 -9999 -9999 -9999 -9999 -9999 2367.866 2367.008 2366.406 2364.903 2363.375 2361.783 2360.157 2358.854 2357.315 2356.201 2355.164 2353.875 2352.952 2353.54 2355.23 2355.289 2354.576 2350.548 2346.39 2342.832 2340.224 2346.219 2353.978 2355.075 2355.175 2352.776 2349.218 2345.013 2341.565 2340.486 2338.757 2336.908 2335.395 2331.902 2330.945 2332.164 2332.78 2332.416 2331.51 2330.489 2329.475 2328.439 2330.427 2331.312 2331.238 2329.688 2322.954 2315.425 2307.313 2303.403
-9999 -9999 -9999 -9999 -9999 -9999 -9999 -9999 -9999 -9999 -9999 -9999 -9999 -9999 -9999 -9999 -9999 -9999 -9999 2368.222 2367.677 2366.847 2366.281 2364.25 2362.83 2361.401 2359.699 2358.276 2356.446 2355.071 2354.071 2352.943 2353.031 2354.659 2355.998 2355.989 2354.825 2351.768 2347.668 2343.856 2341.51 2350.591 2356.334 2355.961 2355.429 2352.894 2350.377 2345.739 2343.533 2341.357 2339.76 2338.885 2337.412 2337.078 2336.13 2335.744 2335.552 2334.909 2333.665 2333.746 2332.535 2331.788 2331.84 2331.63 2331.165 2328.913 2320.586 2313.611 2306.212 2302.525
