landlab/components/overland_flow/examples/springcreek_30m.asc
ncols         272
nrows         260
xllcorner     994515.98652089
yllcorner     4370144.2350973
cellsize      30
NODATA_value  -9999
[rows 155 to 185 of 260, columns 70 to 139 of 272]
2319.962 2319.418 2319.334 2319.54 2319.147 2318.165 2319.197 2321.651 2324.836 2323.729 2319.971 2318.654 2318.181 2317.838 2321.781 2326.152 2331.612 2329.381 2323.218 2316.201 2309.552 2298.986 2285.813 2279.793 2271.524 2260.491 2254.944 2250.81 2246.434 2242.952 2236.473 2232.152 2226.101 2219.812 2218.686 2228.008 2228.355 2226.194 2223.52 2220.593 2220.213 2212.835 2204.073 2194.791 2190.72 2194.634 2203.539 2214.726 2221.769 2226.73 2230.627 2239.335 2248.389 2256.42 2265.924 2268.634 2260.72 2256.152 2258.094 2257.916 2254.282 2249.511 2246.853 2247.048 2244.5 2246.002 2250.6 2253.412 2256.652 2258.62
2322.881 2321.825 2321.591 2320.89 2320.596 2321.119 2322.976 2327.786 2330.398 2329.765 2324.685 2322.397 2321.888 2321.629 2322.556 2325.459 2327.946 2323.03 2311.948 2308.651 2302.832 2291.908 2283.46 2274.367 2266.675 2261.341 2256.442 2250.573 2247.74 2243.352 2237.201 2233.248 2225.89 2220.126 2230.322 2235.853 2234.536 2232.2 2229.109 2227.898 2221.472 2212.812 2206.445 2194.954 2191.621 2194.654 2206.3 2218.355 2226.955 2232.251 2235.532 2243.374 2252.313 2258.752 2268.379 2270.449 2267.094 2261.998 2261.491 2258.488 2254.146 2252.35 2250.771 2249.702 2248.471 2250.372 2257.001 2255.585 2256.5 2259.092
2326.569 2324.327 2322.866 2321.631 2321.287 2322.074 2325.709 2330.29 2331.601 2331.635 2329.011 2326.387 2323.425 2322.615 2322.188 2322.409 2322.072 2317.857 2306.114 2298.725 2294.255 2288.85 2283.428 2274.722 2268.432 2260.26 2255.204 2250.688 2246.872 2241.695 2236.301 2231.728 2228.99 2229.558 2235.88 2244.198 2239.857 2235.79 2234.606 2231.585 2221.732 2214.454 2206.785 2194.951 2193.171 2196.958 2210.194 2218.685 2232.316 2240.801 2242.231 2247.058 2257.015 2263.714 2270.258 2271.249 2269.84 2269.778 2266.921 2258.429 2254.599 2254.151 2253.481 2253.281 2253.517 2255.669 2258.217 2256.868 2258.051 2261.152
2328.926 2325.938 2323.374 2321.53 2320.446 2321.167 2324.297 2328.648 2331.862 2331.955 2330.45 2326.066 2322.924 2322.079 2320.78 2317.88 2319.207 2316.344 2304.627 2295.025 2288.749 2283.249 2279.948 2273.531 2269.439 2255.738 2250.973 2246.618 2244.186 2239.395 2233.421 2230.669 2231.225 2236.007 2241.183 2244.626 2241.591 2242.325 2241.153 2230.619 2222.36 2213.357 2204.57 2195.114 2195.909 2204.742 2212.78 2225.41 2237.937 2245.288 2248.966 2254.264 2258.719 2263.104 2266.962 2267.786 2269.357 2270.726 2267.084 2258.999 2256.375 2256.65 2254.961 2256.722 2255.638 2256.946 2259.115 2258.166 2263.854 2266.712
2329.484 2326.396 2322.918 2320.103 2319.028 2319.116 2319.282 2323.199 2330.375 2331.33 2326.055 2317.826 2318.607 2320.496 2319.99 2317.979 2316.303 2315.103 2306.902 2297.688 2289.985 2281.167 2272.703 2267.914 2263.62 2256.218 2251.663 2244.309 2241.993 2239.132 2233.653 2234.735 2237.797 2242.503 2242.944 2241.971 2241.619 2243.609 2238.534 2226.683 2219.818 2208.354 2200.167 2196.576 2203.605 2209.295 2217.082 2228.717 2237.627 2245.633 2248.671 2253.537 2258.271 2256.297 2255.134 2256.654 2264.25 2267.631 2262.959 2262.083 2261.04 2259.882 2258.811 2258.775 2258.263 2257.726 2261.465 2264.421 2267.431 2270.546
2327.798 2324.727 2321.687 2319.128 2316.893 2317.287 2315.941 2318.694 2324.464 2327.03 2322.837 2316.824 2317.256 2319.49 2319.606 2318.063 2313.782 2311.401 2308.661 2303.74 2294.901 2282.425 2275.568 2270.814 2264.143 2259.566 2252.14 2244.997 2244.248 2242.564 2239.41 2239.725 2244.917 2246.426 2245.023 2242.234 2239.856 2240.112 2231.998 2224.845 2215.833 2204.181 2198.712 2200.577 2206.707 2211.557 2221.641 2230.03 2235.876 2239.748 2242.177 2244.697 2248.628 2250.207 2247.628 2252.999 2254.958 2255.601 2261.324 2264.714 2268.231 2265.733 2263.548 2262.986 2261.778 2263.121 2264.084 2265.566 2269.24 2272.728
2325.01 2322.542 2320.155 2318.369 2316.47 2315.206 2315.022 2316.411 2319.855 2322.049 2320.04 2316.527 2315.677 2318.333 2319.131 2317.336 2311.832 2308.544 2307.562 2306.148 2297.262 2285.427 2277.583 2268.183 2261.342 2255.736 2252.844 2249.439 2248.103 2245.238 2243.519 2245.217 2247.851 2247.808 2245.925 2241.481 2237.57 2231.506 2229.348 2221.455 2211.907 2203.66 2200.606 2204.687 2209.392 2211.844 2221.19 2225.58 2230.391 2233.464 2233.07 2238.386 2242.244 2243.192 2244.744 2253.557 2257.173 2260.575 2263.907 2267.273 2269.941 2267.781 2267.973 2268.478 2267.055 2265.484 2267.002 2266.818 2269.87 2275.85
2320.652 2320.301 2317.913 2316.051 2314.866 2313.02 2312.36 2314.451 2317.371 2319.697 2318.483 2314.313 2312.918 2314.503 2317.486 2314.118 2307.499 2304.443 2306.328 2304.796 2295.112 2288.648 2277.598 2268.426 2263.649 2256.462 2255.79 2253.901 2250.152 2248.164 2247.859 2250.278 2251.387 2249.412 2245.793 2243.325 2237.684 2232.609 2228.217 2221.369 2214.871 2209.677 2202.122 2206.559 2218.917 2219.354 2217.069 2219.561 2225.509 2229.788 2232.263 2239.78 2242.554 2246.939 2253.049 2255.028 2263.474 2268.712 2270.122 2270.43 2271.152 2269.406 2271.612 2271.89 2269.708 2267.557 2268.679 2268.527 2270.392 2278.659
2317.345 2317.768 2316.913 2313.293 2310.475 2309.324 2307.497 2310.465 2315.529 2316.429 2316.183 2310.653 2305.283 2309.978 2311.751 2309.201 2303.127 2300.392 2300.528 2298.781 2291.042 2282.782 2277.542 2271.658 2266.281 2262.562 2258.937 2255.261 2252.56 2251.371 2252.563 2255.647 2256.45 2251.071 2246.847 2243.413 2237.217 2233.58 2227.404 2221.487 2216.651 2211.021 2205.331 2205.464 2206.438 2212.435 2218.351 2222.683 2227.404 2233.328 2238.713 2243.271 2249.818 2253.938 2259.209 2262.498 2267.938 2274.605 2276.648 2276.313 2275.612 2274.956 2275.457 2275.625 2272.137 2269.069 2270.606 2269.562 2269.805 2279.161
2314.293 2314.907 2313.897 2311.539 2306.137 2307.069 2305.373 2306.727 2311.296 2313.328 2311.025 2308.234 2304.624 2305.437 2308.361 2307.069 2302.563 2296.492 2291.694 2291.37 2288.211 2280.113 2274.12 2271.899 2270.492 2265.558 2259.434 2255.329 2254.99 2255.671 2253.513 2255.015 2255.812 2249.962 2246.044 2242.485 2237.364 2231.432 2225.14 2219.88 2214.773 2210.273 2206.024 2210.723 2215.745 2214.765 2218.931 2224.371 2230.279 2237.577 2244.61 2249.728 2255.169 2260.755 2265.732 2269.841 2269.712 2278.679 2283.942 2281.75 2279.122 2280.482 2281.101 2279.068 2276.281 2274.536 2274.523 2273.902 2274.023 2279.397
2309.375 2310.363 2309.843 2308.813 2305.414 2305.144 2304.306 2305.256 2307.571 2309.509 2308.798 2305.653 2302.657 2302.415 2305.538 2305.575 2305.347 2298.48 2292.334 2284.063 2283.524 2278.127 2270.866 2268.07 2269.624 2266.027 2258.736 2254.916 2254.627 2255.638 2250.629 2249.812 2248.218 2246.237 2243.141 2242.214 2238.56 2230.967 2221.461 2216.948 2210.67 2208.12 2207.185 2219.959 2222.31 2220.506 2219.102 2223.506 2231.359 2239.647 2245.559 2256.344 2263.259 2267.979 2270.186 2275.113 2277.406 2284.218 2288.427 2290.203 2283.702 2287.908 2288.738 2283.45 2279.894 2278.461 2280.341 2280.094 2278.127 2279.268
2305.862 2307.383 2306.413 2305.795 2305.741 2303.474 2302.456 2302.837 2306.029 2307.581 2307.38 2304.981 2300.842 2296.913 2294.064 2300.121 2304.374 2302.199 2295.2 2283.628 2275.987 2274.411 2269.968 2264.068 2262.349 2260.792 2256.367 2253.158 2248.338 2247.986 2245.76 2243.471 2244.526 2243.045 2246.184 2251.066 2240.831 2232.921 2221.84 2214.226 2210.761 2212.189 2216.188 2222.158 2224.536 2222.804 2220.193 2230.822 2237.236 2244.12 2251.459 2263.092 2269.2 2275.543 2277.342 2279.193 2281.875 2289.039 2294.804 2294.263 2292.561 2294.217 2294.343 2290.997 2282.136 2280.248 2284.143 2284.074 2282.156 2280.108
2305.318 2306.722 2305.15 2303.407 2303.068 2300.578 2298.804 2298.991 2303.486 2305.507 2305.835 2302.975 2299.909 2295.335 2292.283 2293.609 2301.138 2299.824 2293.259 2280.947 2268.79 2267.945 2266.073 2261.7 2255.502 2255.227 2254.194 2249.433 2244.121 2244.016 2243.769 2241.087 2240.008 2241.182 2257.652 2243.323 2233.647 2232.783 2219.539 2212.747 2212.553 2216.947 2219.633 2220.596 2227.71 2229.921 2228.862 2235.335 2242.425 2248.88 2256.287 2265.686 2273.924 2282.866 2290.696 2289.692 2294.696 2295.358 2296.857 2295.146 2294.138 2292.347 2293.992 2294.918 2288.369 2287.814 2290.288 2288.628 2288.956 2289.326
2304.514 2305.917 2304.562 2301.651 2299.74 2297.165 2294.199 2293.653 2299.209 2301.658 2302.475 2300.924 2298.218 2293.057 2290.279 2288.628 2292.508 2287.461 2285.261 2275.321 2267.068 2260.697 2259.692 2257.744 2254.521 2251.709 2250.089 2247.033 2245.301 2242.727 2240.451 2238.939 2236.595 2233.824 2236.002 2233.277 2226.143 2224.716 2219.925 2214.986 2214.101 2221.106 2224.887 2229.318 2233.168 2233.909 2230.862 2235.314 2244.51 2251.682 2258.552 2264.184 2270.236 2285.33 2296.791 2305.288 2304.215 2302.307 2296.782 2294.191 2290.764 2289.459 2290.835 2294.838 2294.063 2294.814 2294.222 2291.768 2292.173 2294.168
2300.887 2303.442 2301.294 2299.31 2296.974 2296.103 2293.471 2292.83 2295.688 2298.574 2298.121 2297.882 2296.54 2293.112 2287.99 2280.837 2280.98 2276.043 2271.127 2268.876 2259.441 2255.345 2254.68 2253.666 2251.237 2249.685 2247.433 2243.991 2243.623 2240.92 2238.771 2235.685 2233.977 2232.275 2228.323 2224.602 2221.647 2217.517 2215.612 2215.181 2216.553 2221.506 2226.97 2233.359 2237.8 2244.541 2232.101 2231.576 2238.958 2248.116 2253.991 2261.085 2267.68 2279.299 2293.595 2305.269 2307.094 2299.977 2293.388 2289.626 2282.097 2283.198 2288.222 2292.441 2294.102 2292.177 2292.669 2291.759 2292.143 2294.934
2293.542 2296.998 2297.098 2294.608 2295.083 2295.051 2294.039 2292.311 2293.265 2295.533 2295.771 2293.59 2295.028 2294.013 2292.043 2282.442 2280.837 2274.184 2268.938 2267.575 2261.185 2257.743 2255.107 2251.01 2247.11 2245.271 2246.563 2245.612 2243.314 2239.431 2237.049 2234.036 2230.845 2228.516 2223.633 2220.016 2218.281 2217.998 2220.643 2221.559 2221.321 2222.122 2227.423 2231.074 2233.323 2239.808 2238.259 2236.638 2241.489 2242.953 2247.199 2257.153 2262.995 2276.624 2285.49 2291.255 2292.893 2292.152 2289.819 2284.687 2279.403 2279.415 2283.629 2287.347 2286.524 2285.713 2285.307 2288.262 2291.49 2293.241
2293.052 2294.332 2295.088 2292.679 2293.464 2294.705 2294.054 2292.304 2292.566 2294.293 2294.007 2292.32 2294.061 2294.85 2295.84 2295.14 2288.762 2283.192 2278.282 2273.356 2268.043 2260.802 2255.412 2249.844 2245.541 2243.589 2244.453 2245.639 2244.404 2238.74 2234.257 2231.337 2229.49 2225.81 2221.554 2219.667 2219.314 2221.785 2223.748 2226.078 2226.395 2227.253 2230.178 2232.546 2237.482 2241.514 2245.181 2246.194 2244.661 2244.47 2243.376 2248.166 2258.175 2268.313 2277.623 2279.254 2282.141 2283.625 2283.568 2281.506 2276.266 2276.252 2279.181 2281.073 2281.3 2280.48 2280.832 2286.024 2289.389 2293.369
2292.553 2293.969 2293.436 2291.421 2293.134 2294.213 2294.278 2292.215 2291.283 2293.338 2292.849 2291.669 2293.524 2294.111 2296.746 2297.672 2296.075 2291.042 2283.091 2274.607 2270.011 2262.067 2255.958 2251.019 2245.663 2243.125 2242.356 2243.849 2243.331 2234.672 2231.291 2229.404 2227.176 2224.818 2222.482 2221.075 2221.642 2225.392 2228.805 2230.207 2231.013 2229.873 2232.539 2236.05 2239.969 2244.149 2247.507 2250.442 2249.937 2248.338 2248.342 2249.245 2254.003 2258.952 2265.588 2272.569 2273.417 2275.386 2275.679 2274.631 2272.48 2271.705 2274.668 2277.47 2278.728 2280.107 2282.964 2285.992 2289.403 2293.533
2291.189 2292.286 2290.994 2287.406 2291.921 2293.861 2293.762 2290.771 2287.116 2288.749 2289.004 2288.618 2290.966 2292.41 2298.481 2299.686 2296.815 2294.048 2284.442 2277.912 2270.891 2261.565 2255.772 2250.301 2244.275 2242.49 2240.314 2236.554 2232.68 2231.441 2228.738 2226.863 2224.827 2222.886 2222.356 2225.267 2227.826 2230.343 2233.575 2233.955 2233.53 2231.603 2233.183 2238.886 2243.569 2246.58 2252.734 2255.572 2256.941 2254.62 2253.094 2253.689 2253.993 2254.04 2254.882 2262.206 2267.864 2267.521 2267.64 2267.64 2267.768 2268.856 2272.704 2276.208 2277.537 2280.438 2283.057 2284.93 2288.741 2292.429
2288.855 2287.495 2285.611 2283.302 2284.83 2290.787 2292.365 2286.297 2281.775 2285.488 2285.383 2282.285 2284.254 2290.614 2302.68 2301.449 2292.493 2293.316 2286.174 2278.663 2269.127 2261.353 2256.063 2249.647 2245.323 2242.622 2240.257 2236.936 2232.925 2229.823 2227.826 2224.779 2224.563 2224.784 2226.706 2229.97 2232.874 2233.807 2235.592 2236.668 2235.96 2233.941 2238.642 2242.346 2245.067 2251.216 2256.02 2259.758 2260.698 2259.349 2256.81 2257.949 2256.406 2259.797 2261.24 2262.276 2265.913 2266.418 2268.082 2268.887 2270.825 2271.529 2273.777 2276.808 2278.262 2279.771 2280.729 2282.715 2288.39 2291.731
2286.498 2284.453 2281.155 2280.476 2280.143 2280.226 2282.636 2281.072 2279.951 2282.535 2283.837 2281.253 2279.643 2287.108 2295.428 2295.852 2286.014 2285.842 2283.988 2274.001 2265.942 2259.69 2256.53 2251.865 2246.886 2245.159 2241.882 2237.433 2234.161 2232.406 2226.864 2225.757 2228.265 2230.361 2231.298 2233.135 2235.355 2236.566 2238.499 2239.56 2240.558 2241.234 2242.996 2247.591 2250.816 2255.923 2259.401 2262.663 2265.638 2264.7 2264.095 2263.515 2264.291 2267.241 2271.237 2272.923 2274.476 2275.174 2275.912 2278.885 2276.555 2276.18 2277.041 2277.568 2279.858 2281.716 2281.633 2281.824 2287.626 2293.065
2285.778 2283.703 2281.823 2280.987 2280.518 2280.1 2279.543 2277.856 2277.505 2279.163 2281.969 2281.246 2277.572 2282.783 2286.709 2285.755 2280.796 2281.038 2281.595 2274.267 2270.264 2263.32 2258.509 2255.389 2246.331 2243.908 2241.196 2236.7 2233.872 2230.911 2226.736 2228.681 2231.33 2234.083 2234.706 2236.266 2238.222 2239.258 2241.12 2242.563 2243.875 2246.117 2247.983 2250.908 2257.18 2258.686 2264.554 2268.804 2269.293 2269.427 2270.951 2270.046 2270.818 2276.257 2279.672 2286.175 2287.164 2287.028 2285.994 2284.105 2281.491 2281.285 2282.251 2279.427 2281.008 2284.283 2285.773 2287.135 2288.774 2290.886
2285.463 2283.785 2282.98 2282.178 2281.601 2281.18 2280.33 2276.54 2274.615 2272.712 2277.093 2278.8 2272.921 2277.105 2280.627 2279.853 2278.357 2279.271 2278.263 2272.417 2266.42 2261.905 2257.356 2251.798 2245.487 2242.458 2238.956 2235.181 2232.683 2228.298 2229.006 2230.554 2233.238 2235.524 2237.709 2239.613 2240.835 2242.321 2243.878 2245.182 2248.071 2251.38 2253.563 2256.342 2260.32 2264.046 2268.567 2273.799 2276.745 2274.96 2279.564 2279.764 2279.553 2286.538 2292.392 2295.842 2302.755 2298.29 2293.332 2289.943 2285.578 2290.67 2288.897 2282.333 2281.104 2287.095 2291.494 2292.376 2291.986 2290.873
2285.259 2283.897 2283.3 2282.537 2282.155 2281.872 2281.178 2276.647 2271.554 2270.758 2268.635 2271.593 2269.155 2269.777 2274.48 2274.503 2274.696 2275.679 2274.959 2271.106 2266.148 2261.258 2257.243 2251.031 2246.853 2241.949 2237.232 2234.302 2230.483 2229.002 2231.533 2233.508 2234.929 2237.21 2239.75 2242.946 2243.751 2245.883 2247.796 2249.319 2252 2254.987 2258.878 2261.32 2264.053 2266.934 2272.658 2281.444 2287.718 2283.691 2286.853 2291.475 2293.721 2303.506 2316.326 2317.043 2311.841 2306.938 2300.532 2293.262 2292.728 2294.734 2294.32 2289.037 2291.224 2293.463 2293.858 2299.448 2297.991 2295.675
2284.952 2283.154 2282.575 2282.151 2281.689 2280.762 2276.916 2270.465 2268.991 2269.188 2267.893 2267.557 2267.644 2269.423 2271.678 2269.387 2270.35 2272.684 2272.275 2269.427 2264.403 2260.704 2255.538 2250.089 2245.753 2241.144 2236.94 2232.369 2229.947 2232.505 2233.479 2236.188 2237.452 2239.665 2242.198 2244.584 2247.656 2250.32 2252.396 2254.857 2255.475 2257.726 2263.306 2265.331 2269.656 2277.201 2279.813 2288 2301.33 2302.024 2301.569 2304.693 2309.397 2315.326 2329.616 2332.187 2320.718 2312.743 2304.99 2299.293 2297.792 2297.92 2295.15 2292.726 2292.066 2296.595 2300.67 2304.537 2308.156 2305.07
2284.83 2282.361 2280.783 2280.804 2280.778 2279.287 2277.547 2270.059 2268.305 2267.913 2267.255 2266.657 2266.342 2267.15 2268.908 2268.057 2268.255 2270.107 2270.788 2267.815 2264.002 2258.968 2253.651 2249.543 2244.194 2239.914 2236.317 2231.713 2232.196 2234.109 2235.906 2237.616 2239.919 2242.033 2242.882 2245.48 2250.525 2254.868 2257.916 2260.657 2261.39 2262.577 2266.155 2271.668 2279.654 2293.514 2301.126 2295.259 2307.557 2318.567 2317.277 2320.859 2322.03 2324.818 2330.044 2342.926 2330.031 2319.494 2309.455 2305.621 2303.682 2301.083 2296.649 2292.984 2292.066 2295.539 2305.362 2310.62 2312.735 2309.662
2285.248 2282.525 2280.968 2280.621 2280.428 2281.167 2281.43 2275.692 2271.571 2268.372 2267.477 2266.924 2266.115 2265.416 2265.052 2264.925 2266.186 2266.981 2268.539 2266.156 2262.07 2257.719 2252.404 2247.105 2242.709 2239.954 2235.745 2231.811 2233.125 2235.855 2238.136 2239.756 2241.39 2244.569 2246.179 2248.017 2254.053 2259.278 2268.141 2268.306 2268.304 2267.9 2270.611 2276.495 2287.877 2302.773 2310.782 2312.852 2311.733 2320.112 2325.661 2328.504 2328.541 2328.049 2338.623 2345.853 2339.646 2325.626 2319.236 2316.229 2310.411 2305.156 2299.183 2293.154 2292.066 2295.231 2305.14 2313.828 2319.175 2316.405
2285.925 2283.249 2283.074 2282.594 2282.228 2282.469 2281.743 2279.879 2272.212 2270.022 2270.422 2268.718 2266.572 2264.674 2262.217 2260.867 2261.659 2263.686 2262.918 2262.345 2259.462 2255.989 2251.957 2245.866 2242.946 2239.435 2235.451 2233.23 2234.532 2237.937 2240.212 2243.131 2243.548 2245.088 2248.775 2252.093 2255.467 2264.211 2269.826 2272.784 2277.098 2279.313 2280.359 2290.037 2292.925 2305.691 2316.006 2319.09 2321.681 2324.748 2329.211 2333.149 2335.648 2337.053 2341.882 2352.716 2345.724 2334.177 2328.455 2321.557 2312.544 2304.974 2301.586 2296.161 2293.003 2295.313 2301.65 2308.871 2319.436 2320.879
2287.669 2286.536 2285.467 2285.264 2284.085 2282.616 2281.337 2280.134 2280.96 2278.973 2274.645 2269.345 2266.954 2264.497 2259.7 2256.813 2257.657 2257.935 2259.023 2258.072 2257.483 2254.96 2250.573 2247.001 2244.31 2239.24 2235.944 2233.922 2236.305 2238.914 2242.304 2245.524 2246.386 2247.482 2250.315 2253.113 2255.019 2261.383 2267.408 2273.272 2280.675 2289.979 2293.528 2298.05 2303.584 2309.527 2315.917 2319.37 2324.368 2328.863 2331.651 2333.78 2338.49 2344.322 2351.425 2357.075 2352.032 2343.63 2330.187 2319.754 2314.018 2306.79 2306.958 2303.025 2297.152 2296.937 2299.558 2302.867 2313.127 2319.465
2290.238 2291.172 2289.694 2286.719 2285.058 2282.075 2280.486 2280.723 2282.268 2281.998 2275.781 2268.711 2267.927 2266.271 2260.877 2257.73 2256.021 2255.62 2255.424 2256.055 2254.51 2252.23 2248.504 2246.312 2242.984 2238.763 2236.177 2235.642 2238.245 2240.06 2242.874 2245.903 2248.2 2250.57 2252.47 2255.044 2257.953 2259.171 2265.206 2270.544 2278.582 2286.814 2292.437 2300.222 2308.103 2312.147 2317.13 2318.824 2321.748 2325.774 2329.278 2330.954 2333.488 2338.158 2342.405 2353.228 2346.786 2339.408 2328.945 2320.021 2317.439 2315.989 2310.687 2305.655 2300.672 2299.778 2300.656 2301.885 2304.148 2312.836
2292.833 2293.425 2291.696 2289.157 2285.98 2282.714 2281.502 2282.331 2282.507 2281.213 2277.922 2275.284 2271.941 2269.633 2266.045 2259.873 2256.433 2255.365 2254.546 2253.72 2252.725 2249.334 2247.112 2244.651 2241.045 2238.492 2236.272 2239.039 2241.175 2241.957 2243.356 2245.487 2249.663 2253.36 2255.736 2256.382 2259.417 2262.758 2265.146 2267.583 2271.444 2279.722 2289.533 2301.654 2307.019 2307.827 2311.301 2317.397 2318.101 2321.057 2323.856 2326.792 2329.886 2335.323 2340.192 2340.772 2339.035 2335.854 2331.659 2331.059 2325.188 2321.049 2319.221 2307.099 2301.854 2301.835 2303.177 2303.689 2303.698 2305.717
