landlab/components/overland_flow/examples/SpringCreek.asc
ncols         245
nrows         258
xllcorner     994515.91663383
yllcorner     4370139.5556715
cellsize      30
NODATA_value  -9999
[rows 124 to 154 of 258, columns 70 to 139 of 245]
2324.362 2329.154 2327.199 2322.156 2316.774 2306.809 2301.178 2295.099 2289.037 2281.453 2278.585 2275.489 2271.636 2269.615 2267.304 2265.367 2262.31 2261.917 2262.199 2262.043 2260.981 2258.948 2257.424 2251.202 2245.372 2240.603 2231.884 2232.057 2234.279 2232.53 2219.313 2206.106 2197.217 2207.416 2209.906 2198.369 2185.921 2175.197 2169.587 2174.343 2174.208 2175.999 2175.782 2176.524 2175.583 2174.616 2171.993 2166.248 2159.788 2152.757 2148.977 2159.226 2161.69 2164.354 2161.541 2159.537 2167.189 2172.644 2183.046 2183.052 2188.564 2197.987 2202.662 2206.089 2220.428 2222.465 2223.564 2221.362 2224.601 2227.785
2323.49 2327.83 2326.042 2320.132 2313.739 2306.893 2296.84 2291.359 2285.791 2280.302 2277.869 2274.077 2269.518 2268.351 2266.05 2262.484 2259.451 2258.046 2259.485 2260.254 2259.8 2258.938 2257.04 2254.333 2252.875 2243.094 2232.112 2227.346 2228.896 2233.662 2221.047 2207.302 2194.996 2192.603 2189.657 2185.299 2179.059 2172.693 2173.379 2179.551 2180.797 2183.282 2181.015 2179 2178.67 2176.483 2174.275 2170.132 2163.395 2154.121 2154.702 2162.601 2170 2173.129 2172.139 2171.484 2164.7 2169.12 2173.147 2179.307 2181.358 2191.81 2197.268 2207.147 2217.877 2220.218 2221.191 2217.9 2220.285 2223.388
2320.574 2322.233 2320.41 2316.319 2311.254 2303.709 2294.511 2290.414 2283.278 2280.875 2278.529 2274.526 2271.514 2269.154 2264.267 2260.791 2256.477 2256.251 2256.271 2258.247 2258.735 2258.213 2256.333 2254.584 2256.781 2245.009 2237.678 2225.093 2218.258 2218.106 2206.479 2204.281 2197.067 2192.316 2186.461 2178.497 2175.096 2180.486 2185.335 2182.026 2186.206 2186.257 2182.545 2181.945 2180.78 2178.938 2175.024 2168.87 2161.964 2151.62 2156.323 2164.136 2172.787 2177.755 2183.851 2181.118 2176.2 2169.347 2179.24 2185.163 2184.512 2189.063 2193.53 2199.185 2208.225 2215.598 2214.981 2213.471 2214.675 2217.605
2314.241 2313.464 2317.03 2313.807 2308.735 2301.365 2295.678 2290.435 2284.927 2283.358 2280.05 2274.879 2271.917 2267.971 2265.744 2261.358 2258.114 2256.386 2255.113 2256.027 2257.615 2257.691 2254.457 2246.966 2247.45 2242.514 2234.763 2225.709 2219.209 2214.453 2210.394 2208.5 2201.795 2195.975 2184.557 2178.445 2184.714 2190.458 2191.077 2189.995 2191.027 2191.042 2188.034 2186.417 2183.632 2178.577 2170.368 2160.337 2155.718 2153.386 2160.41 2165.39 2171.537 2179.341 2185.717 2186.816 2183.528 2175.846 2175.292 2184.417 2192.092 2193.098 2193.948 2194.342 2197.81 2208.725 2211.237 2208.758 2208.427 2212.692
2303.384 2305.447 2310.1 2312.603 2310.806 2303.209 2295.472 2289.363 2283.185 2280.779 2277.875 2275.281 2271.67 2269.398 2266.379 2262.187 2259.319 2257.106 2253.476 2252.667 2254.827 2255.796 2251.67 2244.104 2240.45 2239.319 2234.193 2227.753 2221.75 2214.943 2210.907 2208.722 2199.571 2188.926 2179.761 2184.682 2191.825 2197.705 2196.977 2195.406 2197.424 2194.801 2194.763 2191.614 2182.548 2177.688 2168.831 2158.579 2156.126 2153.401 2160.075 2166.884 2169.659 2178.583 2184.524 2186.656 2187.319 2184.332 2181.499 2179.243 2191.153 2196.996 2198.164 2200.405 2199.403 2202.675 2206.745 2206.689 2207.274 2209.878
2300.693 2302.081 2304.042 2313.653 2316.286 2307.859 2298.418 2291.655 2284.802 2280.231 2277.41 2273.655 2270.45 2269.513 2266.498 2262.352 2259.535 2256.765 2251.705 2246.438 2248.432 2251.264 2248.752 2240.801 2236.595 2230.609 2230.455 2222.557 2218.968 2209.754 2202.661 2200.804 2191.324 2182.095 2183.427 2190.042 2197.857 2202.549 2203.079 2202.5 2201.734 2198.73 2197.176 2196.743 2186.542 2179.968 2173.35 2160.809 2162.055 2157.448 2156.844 2167.763 2173.798 2177.994 2181.587 2185.33 2190.292 2194.51 2190.091 2184.038 2182.042 2194.051 2201.375 2209.246 2208.527 2208.011 2207.07 2206.913 2207.738 2207.694
2298.114 2298.275 2303.096 2310.512 2315.456 2308.211 2300.697 2293.656 2286.854 2281.749 2277.697 2272.399 2268.251 2266.953 2264.699 2262.096 2258.834 2254.796 2250.173 2244.711 2244.713 2255.649 2247.026 2240.01 2234.133 2226.118 2219.264 2218.062 2213.803 2206.997 2196.96 2191.049 2186.097 2188.696 2193.45 2198.01 2205.133 2208.521 2207.02 2209.099 2205.496 2200.027 2197.598 2194.422 2186.292 2180.262 2170.044 2170.598 2166.417 2159.819 2156.532 2162.146 2173.835 2178.061 2180.773 2182.622 2187.806 2195.338 2197.02 2192.317 2183.884 2188.9 2195.02 2203.549 2207.654 2209.049 2210.526 2209.039 2211.651 2212.651
2293.879 2294.009 2299.308 2304.423 2307.643 2305.952 2303.57 2293.908 2286.634 2282.834 2277.702 2272.333 2269.42 2266.477 2263.67 2260.95 2258.203 2254.851 2246.301 2242.089 2239.691 2246.569 2243.378 2237.125 2227.309 2219.688 2212.957 2205.155 2203.107 2194.021 2191.987 2189.476 2189.977 2195.215 2200.468 2204.097 2209.288 2214.759 2221.827 2212.162 2203.039 2197.827 2192.967 2187.812 2183.875 2178.823 2175.066 2174.534 2169.757 2161.193 2157.898 2160.027 2171.824 2181.466 2184.084 2183.063 2187.961 2193.273 2196.016 2197.735 2189.896 2187.01 2195.392 2196.578 2202.094 2207.565 2210.058 2218.508 2219.208 2217.188
2292.244 2293.045 2297.615 2299.688 2300.914 2298.139 2296.302 2292.149 2285.948 2281.132 2276.722 2273.387 2270.032 2266.265 2263.171 2259.829 2256.023 2253.588 2244.874 2241.301 2236.462 2229.93 2229.914 2227.052 2220.789 2213.246 2206.405 2201.74 2199.094 2198.683 2199.053 2194.589 2196.896 2201.354 2205.23 2207.304 2220.026 2213.342 2207.742 2204.733 2199.25 2194.134 2188.689 2182.659 2182.121 2181.302 2180.406 2175.072 2169.456 2163.967 2158.6 2164.468 2170.413 2182.549 2186.971 2187.455 2190.522 2194.854 2195.161 2198.426 2196.554 2189.083 2193.492 2197.486 2209.102 2208.567 2207.781 2218.898 2220.677 2221.493
2291.494 2291.698 2294.114 2296.698 2296.334 2292.648 2290.412 2287.561 2284.031 2279.805 2274.465 2271.58 2269.739 2266.553 2262.38 2259.307 2258.33 2255.501 2247.821 2243.631 2236.276 2231.865 2222.958 2217.079 2215.147 2210.085 2211.579 2210.486 2209.654 2207.327 2202.289 2194.866 2200.916 2208.543 2211.301 2217.14 2218.921 2208.454 2205.868 2201.286 2195.809 2193.947 2192.15 2191.2 2186.215 2185.236 2183.552 2174.963 2169.539 2163.193 2163.02 2168.333 2175.217 2185.118 2190.262 2195.279 2194.916 2198.141 2204.619 2205.158 2200.398 2193.097 2192.635 2198.687 2207.731 2210.765 2214.093 2217.226 2219.541 2221.145
2291.433 2290.792 2291.386 2293.217 2294.127 2291.528 2286.456 2282.096 2280.213 2276.999 2273.33 2267.919 2264.311 2260.369 2259.366 2258.142 2256.018 2248.319 2243.074 2233.051 2231.958 2228.754 2219.945 2218.746 2220.153 2221.331 2220.63 2221.688 2218.119 2213.136 2205.233 2199.906 2206.358 2212.81 2214.969 2216.225 2213.13 2207.489 2205.81 2201.829 2197.975 2194.83 2195.988 2196.837 2194.164 2191.831 2182.572 2174.756 2169 2162.366 2170.759 2176.053 2180.247 2187.498 2195.493 2201.344 2202.283 2204.589 2209.849 2210.223 2205.586 2199.031 2194.422 2200.899 2205.081 2212.355 2219.665 2220.377 2219.242 2220.083
2292.12 2290.534 2289.481 2289.744 2289.819 2288.568 2285.468 2281.722 2277.542 2274.341 2271.173 2265.522 2256.868 2254.06 2254.595 2255.518 2243.85 2239.407 2236.189 2233.266 2230.421 2228.937 2233.237 2237.837 2236.909 2235.351 2232.572 2228.502 2225.994 2214.438 2206.617 2205.87 2210.773 2216.74 2219.157 2218.377 2213.39 2208.039 2208.194 2206.99 2199.728 2197.659 2197.584 2196.876 2194.824 2191.152 2181.394 2175.376 2167.325 2165.476 2174.231 2182.902 2186.008 2189.605 2197.488 2205.988 2210.492 2210.112 2212.941 2212.312 2209.334 2204.361 2197.276 2201.64 2207.765 2213.754 2219.456 2222.366 2222.562 2222.506
2292.081 2290.342 2287.941 2286.437 2285.653 2285.022 2284.531 2281.968 2276.612 2270.238 2266.954 2262.186 2256.39 2258.05 2256.699 2249.508 2247.724 2245.721 2244.066 2242.681 2242.883 2242.108 2245.213 2245.66 2249.042 2246.748 2243.146 2236.546 2228.016 2215.905 2211.813 2211.684 2217.025 2221.243 2221.365 2220.849 2217.271 2212.205 2209.483 2206.571 2201.611 2199.24 2197.118 2191.556 2185.3 2182.644 2177.131 2172.963 2166.293 2166.833 2174.204 2183.772 2186.675 2193.819 2200.544 2209.077 2216.293 2219.506 2219.176 2215.288 2211.642 2207.649 2201.019 2201.415 2206.452 2212.442 2220.083 2222.693 2224.169 2226.58
2293.801 2290.66 2286.922 2284.035 2281.224 2282.016 2282.576 2281.664 2276.943 2269.63 2263.239 2262.248 2262.7 2263.123 2264.229 2261.563 2259.64 2254.54 2250.229 2250.61 2251.57 2252.652 2258.027 2259.821 2257.95 2256.873 2249.257 2242.267 2225.298 2219.232 2221.165 2218.292 2220.206 2222.477 2221.395 2219.948 2215.561 2210.143 2207.447 2204.634 2201.935 2197.273 2193.364 2184.516 2179.253 2171.481 2170.177 2169.646 2166.358 2171.779 2178.011 2180.814 2184.616 2195.412 2202.15 2211.883 2219.166 2223.118 2222.176 2218.704 2214.254 2209.664 2204.679 2203.865 2207.812 2208.549 2218.794 2221.477 2224.966 2230.102
2294.245 2289.707 2285.618 2283.178 2279.993 2278.067 2278.324 2276.362 2270.78 2266.859 2269.002 2266.641 2269.563 2270.473 2268.823 2269.323 2261.34 2257.487 2257.858 2255.164 2258.104 2258.244 2265.52 2269.573 2270.018 2261.716 2250.381 2238.452 2230.643 2228.038 2224.852 2220.846 2222.434 2223.172 2222.215 2219.883 2214.529 2210.204 2206.365 2205.989 2198.647 2194.708 2187.332 2181.956 2183.639 2174.645 2169.813 2169.116 2171.734 2178.346 2186.228 2186.475 2187.054 2193.707 2203.369 2212.879 2219.315 2224.937 2224.801 2221.134 2216.065 2211.906 2207.573 2206.447 2210.71 2214.477 2216.968 2219.28 2225.964 2232.082
2293.01 2288.539 2282.211 2280.66 2278.258 2275.221 2276.251 2278.426 2276.714 2273.573 2270.646 2269.846 2272.959 2274.524 2273.405 2268.621 2268.337 2269.895 2269.677 2264.947 2265.25 2266.862 2271.298 2273.712 2272.371 2264.032 2249.654 2243.017 2239.162 2236.259 2232 2227.828 2226.104 2223.853 2222.409 2219.862 2214.281 2209.004 2208.376 2207.516 2195.166 2192.345 2187.523 2190.296 2185.801 2179.015 2170.563 2173.501 2179.026 2187.43 2191.558 2195.389 2196.192 2195.395 2206.141 2216.639 2224.306 2229.932 2229.098 2223.343 2217.531 2214.363 2209.417 2208.343 2215.072 2220.024 2219.398 2224.628 2229.111 2231.874
2289.928 2284.127 2280.694 2280.502 2278.511 2279.735 2281.307 2283.14 2282.414 2280.911 2273.977 2273.135 2278.245 2280.142 2279.354 2273.434 2273.41 2275.874 2277.342 2273.067 2272.783 2275.188 2276.761 2277.994 2267.825 2260.618 2253.937 2249.656 2248.798 2243.189 2237.463 2231.494 2226.818 2222.732 2219.071 2216.767 2213.4 2210.707 2209.167 2198.684 2195.012 2196.191 2197.031 2196.053 2189.458 2180.079 2173.395 2178.002 2183.302 2189.202 2195.25 2199.941 2202.782 2205.179 2206.604 2214.945 2226.823 2233.964 2233.256 2225.822 2219.886 2216.3 2212.325 2210.062 2220.042 2220.071 2221.773 2232.479 2233.795 2235.716
2288.232 2283.188 2283.322 2283.179 2281.775 2283.413 2284.144 2282.948 2280.967 2279.274 2277.954 2278.128 2281.346 2284.449 2283.994 2280.212 2280.76 2283.086 2283.349 2282.145 2279.173 2282.344 2284.541 2277.585 2268.877 2267.069 2263.778 2260.831 2253.65 2245.748 2237.184 2230.83 2226.813 2222.405 2220.811 2214.084 2208.955 2208.278 2207.147 2197.764 2202.631 2202.127 2199.196 2196.766 2191.312 2182.513 2174.096 2182.107 2189.764 2194.796 2196.59 2202.407 2207.427 2212.863 2215.121 2217.116 2225.84 2235.043 2234.251 2230.681 2222.085 2218.203 2219.595 2213.416 2217.407 2220.335 2221.418 2230.221 2232.427 2233.903
2286.768 2286.235 2286.284 2286.805 2288.523 2288.948 2286.138 2281.213 2280.462 2281.144 2280.983 2280.471 2284.514 2286.569 2288.074 2288.265 2288.152 2290.329 2290.512 2286.847 2286.444 2289.258 2292.031 2281.817 2275.222 2276.284 2271.367 2264.271 2255.032 2247.598 2234.522 2229.036 2225.896 2219.651 2217.212 2209.409 2207.337 2207.838 2207.432 2207.508 2207.684 2205.681 2200.885 2197.307 2189.916 2180.968 2175.361 2184.669 2191.913 2198.355 2201.894 2203.957 2209.754 2218.509 2222.7 2222.65 2225.31 2232.543 2233.95 2232.407 2225.687 2221.76 2221.896 2218.767 2216.272 2217.802 2220.572 2224.961 2231.281 2231.982
2291.415 2290.547 2289.767 2291.715 2292.588 2293.648 2290.401 2285.594 2284.078 2284.415 2285.397 2284.391 2286.735 2290.603 2293.023 2294.573 2293.833 2296.873 2297.403 2294.655 2291.849 2298.865 2299.769 2292.836 2284.278 2282.825 2277.68 2262.635 2252.98 2245.614 2235.313 2230.442 2224.996 2221.797 2219.321 2212.147 2212.76 2217.474 2212.404 2210.253 2207.881 2204.957 2201.162 2195.448 2187.802 2180.62 2178.252 2185.112 2194.854 2200.937 2205.702 2207.693 2208.867 2219.227 2225.727 2228.658 2229.653 2231.802 2235.009 2232.493 2228.372 2226.072 2223.905 2220.519 2219.553 2220.668 2220.673 2231.688 2234.134 2239.471
2294.759 2293.614 2292.495 2294.343 2295.18 2293.369 2291.806 2292.569 2292.652 2292.164 2290.34 2289.513 2290.858 2294.722 2297.36 2298.928 2300.72 2302.315 2304.23 2303.752 2303.001 2306.587 2307.262 2302.758 2298.842 2299.552 2282.399 2265.323 2254.803 2241.415 2235.179 2230.259 2222.817 2219.717 2218.678 2220.406 2220.859 2219.372 2215.446 2211.055 2207.921 2206.646 2201.509 2197.338 2192.14 2182.603 2180.75 2186.925 2196.53 2201.489 2207.596 2211.469 2214.611 2219.2 2230.39 2233.939 2233.916 2238.082 2243.056 2231.855 2231.052 2230.526 2226.905 2223.566 2222.864 2227.594 2225.035 2231.398 2237.772 2244.188
2296.486 2295.212 2295.352 2296.404 2295.393 2293.112 2294.024 2298.615 2299.47 2297.307 2293.945 2291.288 2293.213 2297.388 2302.478 2305.693 2306.408 2306.3 2312.079 2311.992 2310.501 2316.431 2317.267 2308.867 2303.333 2301.25 2280.962 2267.099 2252.935 2241.35 2234.312 2229.237 2223.73 2220.161 2221.812 2221.526 2220.898 2218.264 2218.61 2218.515 2210.135 2206.9 2200.616 2196.84 2189.94 2180.485 2182.334 2189.142 2194.963 2201.16 2205.825 2209.628 2218.323 2223.26 2230.037 2236.279 2239.129 2242.839 2242.088 2231.517 2233.232 2233.403 2230.012 2228.533 2231.801 2233.339 2232.233 2229.799 2236.279 2245.781
2299.248 2298.851 2298.438 2300.52 2299.052 2296.971 2301.133 2304.829 2306.226 2301.998 2296.355 2291.936 2295.355 2301.685 2307.542 2311.587 2314.251 2315.217 2317.761 2320.357 2315.025 2306.681 2302.893 2306.896 2298.556 2280.358 2270.803 2259.998 2248.948 2241.524 2233.703 2229.493 2226.877 2223.518 2222.042 2220.133 2217.041 2213.424 2216.823 2216.093 2207.072 2202 2197.04 2193.319 2185.865 2181.595 2188.633 2197.757 2201.125 2207.634 2210.559 2217.625 2220.185 2225.582 2231.678 2239.117 2243.2 2241.867 2238.436 2235.67 2236.189 2234.957 2232.119 2230.96 2233.038 2234.831 2234.575 2234.051 2237.012 2246.113
2303.251 2302.241 2302.456 2303.626 2303.951 2303.199 2306.248 2311.632 2311.553 2304.839 2298.496 2293.421 2297.011 2304.491 2311.713 2317.899 2322.63 2324.138 2327.431 2326.517 2321.141 2309 2291.361 2298.278 2295.253 2275.321 2265.886 2253.574 2244.503 2240.563 2234.922 2232.785 2228.024 2222.773 2220.232 2217.738 2211.616 2207.4 2205.837 2205.463 2202.845 2194.975 2192.954 2187.158 2182.983 2182 2193.847 2201.145 2207.399 2213.533 2219.224 2223.61 2231.313 2232.346 2233.188 2242.498 2245.546 2243.996 2241.968 2241.522 2242.526 2239.34 2232.719 2231.749 2233.231 2238.406 2239.535 2236.741 2236.944 2244.992
2305.954 2304.11 2305.1 2307.081 2306.093 2304.691 2307.15 2314.2 2316.624 2307.638 2302.489 2300.27 2301.966 2307.681 2314.529 2322.469 2331.386 2332.384 2335.151 2332.206 2330.666 2310.933 2293.397 2283.677 2284.838 2275.181 2263.307 2253.343 2247.151 2240.613 2234.597 2231.454 2228.263 2223.864 2220.638 2217.29 2212.756 2208.139 2205.921 2205.471 2202.207 2197.071 2194.634 2191.429 2186.541 2185.265 2193.939 2200.198 2208.246 2215.611 2223.032 2230.756 2235.959 2241.668 2242.856 2242.979 2246.893 2244.442 2243.309 2244.43 2245.606 2243.415 2235.386 2231.806 2236.355 2244.227 2245.275 2243.222 2239.825 2244.204
2308.086 2305.572 2307.76 2308.997 2307.975 2305.308 2307.694 2311.96 2312.45 2309.27 2305.066 2303.338 2304.315 2309.791 2317.066 2327.31 2334.723 2341.214 2343.479 2333.774 2317.552 2308.277 2290.347 2278.444 2276.168 2269.774 2258.149 2251.366 2243.476 2239.946 2235.414 2232.725 2229.296 2224.308 2221.465 2216.548 2210.497 2207.518 2208.449 2209.336 2207.015 2201.56 2197.651 2195.628 2188.132 2190.978 2197.999 2203.062 2206.856 2213.472 2223.547 2234.255 2242.042 2247.099 2251.114 2250.135 2249.575 2246.646 2243.868 2245.708 2247.037 2244.379 2238.849 2235.787 2238.117 2243.641 2246.607 2246.595 2244.668 2244.527
2311.193 2310.722 2312.18 2312.76 2311.285 2309.569 2311.017 2315.3 2315.722 2311.835 2307.227 2304.149 2306.211 2311.689 2319.684 2327.981 2335.556 2343.377 2341.603 2328.544 2314.525 2301.507 2288.57 2278.696 2271.482 2264.411 2257.259 2250.705 2244.725 2240.84 2236.22 2233.178 2228.701 2222.291 2219.026 2217.702 2214.053 2212.492 2212.524 2211.386 2207.198 2204.189 2199.638 2197.02 2188.8 2192.9 2200.356 2208.628 2209.693 2214.962 2227.48 2233.132 2243.042 2251.705 2256.788 2257.934 2254.719 2248.564 2244.775 2247.185 2247.868 2244.773 2242.632 2240.645 2241.547 2243.649 2245.284 2248.513 2248.657 2246.573
2315.965 2314.791 2315.462 2317.333 2316.07 2314.306 2315.804 2317.399 2319.703 2316.85 2312.548 2307.833 2309.145 2313.868 2321.689 2327.326 2335.283 2341.588 2336.638 2320.649 2310.086 2305.012 2292.231 2281.718 2271.99 2262.329 2257.082 2249.339 2243.61 2239.88 2232.874 2230.112 2223.334 2218.693 2218.392 2220.211 2219.721 2219.772 2220.415 2214.124 2208.123 2208.74 2201.708 2195.327 2188.436 2193.44 2203.542 2210.999 2216.216 2219.753 2229.854 2239.312 2246.167 2252.846 2260.199 2260.315 2257.635 2254.075 2253.332 2253.229 2249.148 2245.864 2244.111 2244.563 2243.377 2244.863 2244.869 2254.55 2257.198 2254.247
2319.036 2318.023 2318.79 2318.942 2318.962 2318.002 2318.165 2321.441 2323.029 2322.449 2319.011 2316.888 2316.506 2317.432 2322.221 2327.776 2332.901 2329.816 2324.552 2315.616 2306.321 2294.743 2287.572 2278.916 2270.385 2258.99 2253.69 2248.208 2244.901 2240.192 2233.593 2231.123 2223.515 2219.658 2219.191 2226.59 2227.68 2225.988 2220.075 2218.615 2216.013 2210.344 2200.403 2192.938 2189.885 2197.263 2206.94 2217.216 2223.666 2226.153 2232.355 2242.531 2251.352 2258.653 2267.61 2266.187 2259.117 2256.248 2258.402 2256.414 2252.24 2247.582 2245.724 2246.907 2244.016 2247.167 2249.771 2254.239 2258.129 2258.511
2322.817 2321.602 2320.823 2320.468 2320.233 2321.794 2324.132 2327.443 2329.558 2326.906 2323.654 2322.116 2320.891 2321.306 2323.278 2327.449 2326.388 2318.704 2313.201 2309.77 2300.925 2288.003 2279.996 2270.45 2265.855 2257.85 2254.164 2249.279 2246.552 2240.885 2236.014 2230.881 2222.119 2220.523 2231.502 2234.454 2233.472 2230.15 2229.246 2224.486 2218.113 2211.644 2200.308 2193.349 2192.104 2198.78 2207.952 2221.233 2230.737 2232.732 2234.158 2247.075 2252.637 2262.683 2270.242 2269.526 2262.276 2259.557 2260.15 2256.175 2253.569 2250.946 2249.376 2248.363 2248.987 2252.415 2255.655 2254.762 2257.239 2259.159
2325.051 2323.751 2322.349 2321.263 2321.366 2322.594 2327.76 2330.729 2331.818 2330.392 2326.997 2325.076 2322.821 2322.429 2322.702 2323.516 2322.604 2314.433 2303.473 2300.131 2294.591 2288.599 2280.729 2271.956 2267.25 2259.228 2254.382 2249.497 2245.472 2241.245 2234.754 2230.136 2227.235 2232.264 2239.156 2241.91 2236.592 2233.73 2233.638 2227.552 2220.013 2212.059 2201.36 2194.009 2194.619 2201.75 2210.468 2224.561 2233.092 2242.064 2242.825 2248.629 2257.342 2266.168 2270.818 2270.761 2268.609 2268.235 2262.389 2256.639 2254.642 2253.584 2252.424 2252.233 2253.062 2256.742 2257.94 2256.406 2258.451 2260.833
