notebooks/teaching/surface_water_hydrology_exercises/overland_flow_notebooks/Long_TestBasin.asc
nrows 402
cellsize 30.0
xllcorner 0.0
ncols 100
yllcorner 0.0
[rows 204 to 220 of 402, columns 37 to 73 of 100]
9.827225734399378609e+01 9.625654809088894126e+01 1.061633062016495330e+02 9.324233089491589510e+01 7.324233089491555404e+01 5.910019527118441118e+01 4.755318988739132635e+01 5.191754769211139120e+01 5.638968364711119108e+01 6.124039614783809071e+01 6.658562098608665281e+01 7.261584787764201110e+01 8.017513733782665497e+01 9.017513733782678287e+01 1.101751373378286161e+02 1.125276672200576655e+02 9.512279745999100555e+01 8.695783165071364351e+01 8.029116498404687263e+01 8.951766229215104431e+01 8.492934761473912886e+01 9.198658098920203940e+01 8.198658098920127202e+01 7.382161517992361155e+01 6.675054736805779498e+01 6.042599204772142940e+01 4.895732705065541523e+01 2.895732705065442047e+01 4.309946267438606782e+01 6.309946267438706258e+01 5.375427031672495559e+01 5.891824811166843290e+01 6.209662056362640925e+01 6.965591002381090391e+01 8.379804564754203966e+01 7.370940759518306606e+01 7.445373052274788961e+01
9.207053741442973660e+01 8.211441246715780551e+01 8.616330620164680454e+01 9.502554595367013235e+01 8.105644894612328244e+01 6.105644894612300533e+01 4.691431332239135799e+01 6.691431332239163510e+01 7.638968364711146819e+01 8.124039614783836782e+01 8.658562098608692281e+01 8.675798350137316106e+01 1.001751373378269250e+02 1.101751373378286161e+02 1.125276672200576655e+02 9.252766722005252120e+01 8.098066183625985559e+01 7.281569602698249355e+01 6.614902936031573688e+01 6.951766229215030535e+01 6.492934761473884464e+01 7.780819043048421690e+01 7.506097915151029554e+01 7.243485049431572520e+01 7.449832397428509978e+01 5.449832397428482267e+01 4.035618835055317533e+01 2.880918296676009049e+01 4.880918296676107815e+01 5.961213469299429590e+01 3.961213469299330825e+01 4.477611248793678556e+01 5.054961517983332442e+01 5.810890464001823830e+01 6.965591002381090391e+01 6.216240221139039335e+01 6.290672513895521689e+01
7.207053741442946659e+01 7.056740708336513990e+01 7.202117057791566879e+01 7.502554595366953549e+01 8.234807373198873393e+01 6.627673660932826749e+01 4.627673660932799038e+01 5.627673660932848776e+01 6.782374199312116048e+01 8.196587761685231044e+01 1.019658776168544279e+02 1.067579835013751506e+02 1.176356786309247724e+02 9.763567863092161758e+01 1.176356786309247724e+02 1.060646676759481011e+02 8.606466767594321254e+01 7.192253205221207679e+01 6.037552666841940407e+01 5.537552666841916249e+01 5.078721199100770178e+01 5.780819043048393269e+01 5.506097915151001843e+01 5.243485049431544098e+01 5.577295171718981948e+01 5.331112189760303721e+01 4.866105919911966282e+01 2.866105919911867161e+01 4.866105919911966282e+01 4.994288784696274064e+01 3.502382001558184754e+01 5.502382001558283520e+01 7.054961517983360864e+01 6.772087136791367357e+01 6.845658326069141708e+01 5.216240221138990307e+01 5.290672513895472662e+01
7.278561156080392891e+01 6.056740708336500489e+01 6.047416519412299607e+01 6.088341032993838553e+01 6.234807373198844971e+01 6.564109488316451291e+01 4.564109488316423580e+01 5.564109488316473318e+01 6.718810026695740589e+01 8.133023589068855586e+01 1.013302358906905738e+02 1.202308088708653315e+02 1.002308088708601019e+02 8.608867324712895197e+01 1.002308088708601019e+02 1.202308088708653315e+02 1.022123386714239359e+02 8.221233867141958740e+01 6.807020304768845165e+01 5.652319766389577893e+01 4.652319766389528155e+01 4.366605480675228534e+01 4.091884352777837108e+01 3.829271487058379364e+01 3.577295171718882472e+01 3.331112189760204956e+01 3.090340483588655118e+01 2.851294761721769078e+01 2.922768930710957491e+01 2.994288784696174588e+01 3.065946221086178625e+01 5.065946221086277745e+01 5.284599243873540075e+01 4.772087136791339645e+01 4.845658326069113997e+01 4.321813030139030332e+01 4.396245322895512686e+01
5.278561156080365180e+01 5.162313517336540514e+01 5.047416519412249869e+01 4.933640494614530070e+01 4.820593810825680237e+01 6.500737063264000426e+01 4.500737063263972715e+01 5.500737063264022453e+01 6.655437601643289725e+01 8.069651164016403300e+01 1.006965116401659657e+02 1.131597410589974402e+02 9.315974105899451274e+01 7.901760543526337699e+01 9.315974105899451274e+01 1.131597410589974402e+02 1.064763529985377204e+02 8.647635299853200763e+01 7.233421737480087188e+01 6.078721199100819916e+01 5.078721199100770178e+01 6.366605480675327300e+01 5.506097915151001843e+01 5.243485049431544098e+01 5.577295171718981948e+01 5.331112189760303721e+01 4.836818721454331893e+01 2.836818721454232772e+01 4.836818721454331893e+01 4.994288784696274064e+01 3.138685517831511618e+01 3.211569569539415170e+01 3.284599243873440599e+01 3.357873574418174911e+01 3.431444763695949263e+01 3.505316449211264285e+01 3.579748741967746639e+01
6.433261694459632452e+01 7.162313517336568225e+01 7.047416519412277580e+01 6.708085020733099668e+01 4.708085020733072668e+01 6.437554660903342096e+01 4.437554660903313675e+01 5.437554660903362702e+01 6.592255199282629974e+01 8.006468761655744970e+01 1.000646876165592829e+02 1.076127390967441642e+02 8.761273909674216043e+01 7.347060347301101046e+01 8.501760885680367608e+01 9.915974448053481183e+01 1.191597444805405814e+02 1.013270654992617779e+02 8.132706549925842410e+01 6.718492987552727413e+01 5.563792449173460142e+01 7.563792449173487853e+01 7.506097915151029554e+01 7.243485049431572520e+01 7.391257919381631325e+01 5.391257919381603614e+01 3.977044357008438880e+01 2.822343818629130752e+01 4.236557381002295841e+01 6.236557381002395317e+01 4.552899080204676352e+01 4.625783131912579904e+01 4.439299782252749083e+01 4.512574112797483394e+01 4.586145302075257746e+01 4.505316449211313312e+01 4.579748741967795667e+01
7.847475256832746027e+01 7.826640733215552359e+01 6.412427170842437363e+01 5.412427170842424573e+01 4.595930589914658526e+01 4.485160834790310957e+01 4.374560582068439629e+01 5.374560582068489367e+01 6.529261120447756639e+01 7.943474682820871635e+01 9.943474682821046429e+01 1.030244244193321350e+02 8.302442441933087025e+01 6.888228879559972029e+01 8.042929417939238590e+01 9.457142980312352165e+01 1.145714298031278133e+02 1.037185286166430274e+02 8.371852861663964518e+01 6.957639299290850943e+01 6.141142718363114028e+01 8.141142718363141739e+01 9.271212481637458325e+01 7.271212481637201108e+01 5.856998919264086112e+01 4.702298380884777629e+01 3.702298380884727891e+01 2.807871189884767560e+01 4.222084752257932649e+01 6.222084752258032125e+01 6.552899080204704774e+01 6.625783131912606905e+01 5.853513344625913817e+01 5.926787675170648129e+01 6.000358864448422480e+01 5.660016987590621795e+01 5.734449280347104150e+01
9.847475256832856871e+01 9.826640733215664625e+01 8.412427170842465785e+01 7.412427170842451574e+01 6.595930589914686948e+01 6.319924745597720772e+01 4.319924745597622007e+01 5.319924745597671034e+01 6.474625283976938306e+01 7.888838846350051881e+01 9.888838846350218148e+01 9.902442441933143868e+01 7.902442441933081341e+01 6.488228879559967766e+01 8.488228879559994766e+01 1.011313244219984568e+02 1.064765492602478929e+02 1.128011045805858004e+02 1.011233983767033777e+02 8.112339837670117504e+01 7.141142718363127528e+01 9.141142718363155950e+01 9.256742883334152339e+01 7.256742883333899385e+01 5.842529320960784389e+01 4.687828782581475906e+01 3.687828782581426168e+01 2.793401591581466548e+01 3.793401591581515930e+01 4.948102129960824414e+01 6.362315692333989148e+01 8.362315692334075834e+01 7.853513344625940817e+01 7.926787675170675129e+01 8.000358864448449481e+01 7.074230549963735371e+01 7.148662842720219146e+01
1.016629296346311122e+02 1.072875211067028260e+02 8.728752110669938702e+01 7.314538548296825127e+01 6.159838009917557855e+01 5.159838009917508117e+01 4.265410818917548141e+01 5.265410818917597879e+01 6.420111357296865151e+01 7.834324919669978726e+01 9.834324919670137888e+01 9.531051765579002222e+01 7.531051765578973800e+01 6.116838203205858804e+01 8.116838203205887226e+01 8.113132442199744787e+01 8.647654926024600286e+01 9.280110458058283029e+01 1.068239347661300513e+02 1.011233983767033777e+02 8.555356280736242525e+01 1.005877365133449359e+02 8.058773651334007582e+01 6.644560088960892585e+01 5.489859550581625314e+01 4.489859550581575576e+01 3.595432359581615600e+01 2.778935778653849198e+01 3.933636317033157326e+01 5.347849879406322060e+01 7.347849879406349771e+01 7.582462253013621023e+01 7.990710543477504757e+01 8.437924138977433586e+01 8.937924138977504640e+01 9.074230549963928638e+01 9.148662842720422361e+01
8.166292963462944954e+01 8.744331183171269117e+01 8.486132293424097384e+01 8.780012375010639403e+01 6.780012375010610981e+01 5.365798812637497406e+01 4.211098274258188923e+01 5.211098274258238661e+01 6.365798812637547144e+01 7.780012375010662140e+01 9.780012375010812775e+01 9.182896453667589753e+01 7.182896453667561332e+01 5.768682891294446335e+01 6.227514359035592406e+01 6.698918879826629791e+01 7.233441363651485290e+01 7.865896895685169454e+01 8.682393476612905658e+01 1.009660703898601923e+02 1.055535628073667453e+02 1.004431162081324374e+02 8.044311620812763408e+01 6.630098058439648412e+01 5.475397520060381140e+01 4.475397520060331402e+01 3.580970329060371427e+01 2.764473748132605024e+01 4.764473748132704145e+01 5.431073613577714099e+01 5.790284217631282360e+01 5.582462253013593312e+01 5.990710543477476335e+01 6.437924138977405164e+01 6.937924138977430744e+01 8.126733265759901315e+01 8.882662211778367123e+01
6.752079401089831379e+01 6.744331183171242117e+01 6.486132293424068962e+01 6.821918731050969598e+01 6.577579842338346339e+01 6.156945238150897382e+01 4.156945238150798616e+01 6.050108922651703125e+01 6.944536113651591336e+01 8.099236652030899108e+01 1.006791704706166968e+02 8.067917047061516200e+01 6.653703484688402625e+01 5.499002946309136064e+01 7.499002946309164486e+01 8.698918879826658213e+01 9.233441363651513711e+01 9.865896895685196455e+01 1.009660703898601923e+02 1.209660703898659904e+02 1.078578156010062798e+02 8.785781560099812282e+01 7.371567997726698707e+01 6.216867459347431435e+01 5.216867459347381697e+01 4.322440268347421721e+01 3.505943687419655674e+01 2.750014741401163931e+01 3.088076443292581175e+01 3.431073613577615333e+01 3.790284217631182884e+01 4.168248690640428578e+01 4.576496981104311601e+01 5.023710576604291589e+01 5.523710576604316458e+01 6.126733265759873603e+01 6.882662211778338701e+01
5.597378862710564817e+01 5.330117620798127831e+01 5.071918731050953966e+01 4.821918731050941886e+01 4.577579842338319338e+01 4.338534120471429389e+01 4.102831860075902171e+01 4.050108922651603649e+01 4.944536113651563625e+01 6.099236652030872108e+01 8.099236652030899108e+01 8.655017618935104906e+01 6.655017618935076484e+01 5.240804056561962199e+01 6.395504594941270682e+01 7.809718157314384257e+01 9.809718157314497944e+01 1.052548960412513139e+02 1.209660703898659904e+02 1.147844555499386558e+02 9.478445554992561028e+01 8.064231992619447453e+01 6.909531454240180892e+01 5.909531454240168102e+01 5.015104263240208127e+01 4.198607682312442080e+01 3.442678736293950692e+01 2.735571955107368325e+01 4.735571955107467801e+01 5.431073613577714099e+01 5.790284217631282360e+01 6.168248690640528054e+01 6.576496981104338602e+01 7.023710576604318589e+01 6.937924138977430744e+01 7.540946828132987889e+01 8.296875774151453697e+01
7.597378862710593239e+01 7.330117620798155542e+01 7.071918731050982387e+01 6.821918731050969598e+01 6.577579842338346339e+01 6.338534120471528155e+01 5.997513754347878745e+01 3.997513754347779980e+01 5.152214292727088463e+01 6.566427855100202748e+01 8.566427855100229749e+01 8.408834636976476418e+01 6.408834636976449417e+01 4.994621074603284683e+01 6.994621074603313104e+01 7.887625818151332169e+01 8.554292484818009257e+01 8.525489604124983600e+01 1.052548960412513139e+02 1.143464072935079940e+02 1.075689975189035437e+02 8.756899751889559980e+01 7.342686189516446404e+01 6.187985651137179133e+01 5.187985651137130105e+01 4.293558460137170130e+01 3.477061879209404083e+01 2.721132933190912340e+01 4.721132933191011460e+01 5.691768546771420034e+01 6.246468742996676582e+01 6.878924275030311719e+01 7.634853221048803107e+01 8.634853221048817318e+01 8.937924138977504640e+01 9.540946828133164104e+01 1.029687577415176349e+02
7.695593200794168354e+01 7.412750488319535691e+01 7.140584961343614623e+01 6.877972095624156168e+01 6.623971841623762202e+01 6.375902372445406030e+01 5.945009283073608941e+01 3.945009283073509465e+01 5.099709821452817948e+01 6.513923383825931523e+01 8.513923383825959945e+01 8.169788915109586469e+01 6.169788915109559468e+01 4.755575352736394734e+01 5.310275548961651282e+01 5.887625818151305168e+01 6.554292484817980835e+01 7.370789065745717039e+01 9.370789065745745461e+01 9.434640729350509503e+01 1.143464072935079940e+02 9.986535169379223476e+01 7.986535169378771570e+01 6.572321607005657995e+01 5.417621068626390723e+01 4.417621068626340985e+01 3.523193877626381010e+01 2.706697296698614963e+01 3.191768546771296045e+01 3.691768546771320558e+01 4.246468742996577106e+01 4.878924275030284008e+01 5.634853221048775396e+01 6.634853221048788896e+01 8.049066783421903892e+01 1.004906678342222506e+02 8.824721484656299708e+01
5.695593200794140643e+01 5.412750488319507980e+01 5.140584961343586201e+01 4.877972095624128457e+01 4.623971841623735202e+01 4.375902372445306554e+01 4.133366747408961572e+01 3.892595041237411380e+01 5.047295579616719863e+01 6.461509141989833438e+01 8.461509141989861860e+01 7.954123368702700247e+01 5.954123368702672536e+01 4.539909806329507802e+01 6.539909806329535513e+01 7.887625818151332169e+01 8.554292484818009257e+01 9.370789065745745461e+01 1.027994019097128700e+02 8.279940190971242941e+01 1.027994019097128700e+02 9.972108549055911908e+01 7.972108549055465687e+01 6.557894986682350691e+01 5.403194448303083419e+01 4.403194448303033681e+01 3.508767257303073706e+01 2.692270676375307659e+01 4.692270676375407135e+01 5.691768546771420034e+01 6.246468742996676582e+01 6.878924275030311719e+01 7.634853221048803107e+01 7.343935853287197801e+01 9.343935853287389648e+01 9.239532734800587832e+01 7.670020946277031726e+01
7.109806763167254928e+01 6.826964050692622266e+01 6.554798523716701197e+01 6.292185657997293191e+01 6.623971841623762202e+01 6.375902372445406030e+01 5.841447324308752087e+01 3.841447324308652611e+01 4.996147862687961094e+01 6.410361425061074669e+01 8.410361425061103091e+01 7.743304858024798421e+01 5.743304858024770709e+01 4.329091295651605975e+01 5.483791834030914458e+01 6.898005396404028033e+01 8.898005396404056455e+01 9.602343971855522398e+01 9.463443610043535159e+01 7.463443610043506737e+01 8.877657172416621734e+01 1.087765717241686474e+02 9.141188349442209926e+01 7.141188349441983974e+01 5.726974787068868977e+01 4.572274248689560494e+01 3.572274248689510756e+01 2.677847057689551136e+01 3.832547596068859974e+01 5.246761158442024708e+01 7.246761158442052420e+01 7.625953877016588933e+01 7.775025075516579420e+01 5.929722290914083516e+01 7.929722290914111227e+01 7.239532734800388880e+01 7.198616425485977288e+01
9.109806763167281929e+01 8.826964050692649266e+01 8.554798523716729619e+01 8.292185657997320902e+01 8.359297132942334940e+01 6.359297132942307229e+01 4.945083570569142495e+01 3.790383032189834012e+01 5.204596594562998746e+01 7.204596594563025747e+01 8.753523079326788547e+01 6.753523079326760126e+01 6.124967150419764295e+01 4.124967150419664819e+01 5.539180712792829553e+01 7.539180712792857264e+01 8.099488121564790788e+01 7.602343971855432869e+01 8.830988078009849573e+01 6.830988078009822573e+01 8.245201640382936148e+01 1.024520164038307115e+02 9.126768105360204686e+01 7.126768105359982997e+01 5.712554542986868000e+01 4.557854004607559517e+01 3.557854004607509779e+01 2.663426813607549803e+01 4.663426813607649279e+01 6.178731820727920621e+01 6.324210414218585896e+01 5.625953877016561222e+01 5.775025075516551709e+01 4.929722290914033778e+01 6.929722290914061489e+01 5.825319172427273884e+01 6.772214992774735265e+01
