notebooks/teaching/surface_water_hydrology_exercises/overland_flow_notebooks/Long_TestBasin.asc
nrows 402
cellsize 30.0
xllcorner 0.0
ncols 100
yllcorner 0.0
[rows 0 to 16 of 402, columns 0 to 36 of 100]
-9.999000000000000000e+03 -9.999000000000000000e+03 -9.999000000000000000e+03 -9.999000000000000000e+03 -9.999000000000000000e+03 -9.999000000000000000e+03 -9.999000000000000000e+03 -9.999000000000000000e+03 -9.999000000000000000e+03 -9.999000000000000000e+03 -9.999000000000000000e+03 -9.999000000000000000e+03 -9.999000000000000000e+03 -9.999000000000000000e+03 -9.999000000000000000e+03 -9.999000000000000000e+03 -9.999000000000000000e+03 -9.999000000000000000e+03 -9.999000000000000000e+03 -9.999000000000000000e+03 -9.999000000000000000e+03 -9.999000000000000000e+03 -9.999000000000000000e+03 -9.999000000000000000e+03 -9.999000000000000000e+03 -9.999000000000000000e+03 -9.999000000000000000e+03 -9.999000000000000000e+03 -9.999000000000000000e+03 -9.999000000000000000e+03 -9.999000000000000000e+03 -9.999000000000000000e+03 -9.999000000000000000e+03 -9.999000000000000000e+03 -9.999000000000000000e+03 -9.999000000000000000e+03 -9.999000000000000000e+03
-9.999000000000000000e+03 2.509840395351448876e+02 2.368419038994788934e+02 2.268419038969847463e+02 2.186769380866888923e+02 2.120102714195300848e+02 2.062367687273493289e+02 2.010727909322248479e+02 1.963587457241918059e+02 1.919943879193850478e+02 1.879119050146827874e+02 1.840629032200374127e+02 1.804114195032996122e+02 1.769298663841570374e+02 1.735965330508010993e+02 1.703939699746810561e+02 1.673079029754244118e+02 1.642927895296346037e+02 1.726576589056231796e+02 1.699104476266260235e+02 1.752556724649280682e+02 1.742148315445482751e+02 1.823797973539151371e+02 1.923797973541341833e+02 2.065219329789150891e+02 1.943692956599341528e+02 2.043692956603501898e+02 2.185114312860781354e+02 2.234485875541262487e+02 2.034485875504657031e+02 1.993064519272673749e+02 2.048187356213137491e+02 2.002304209436146323e+02 1.960601326622714282e+02 1.952866299702167225e+02 2.019532966371870657e+02 2.101182624470917517e+02
-9.999000000000000000e+03 2.309840395182661723e+02 2.168419038944933561e+02 2.068419038944925035e+02 1.986769380852145730e+02 1.920102714185473474e+02 1.862367687266506096e+02 1.810727909317069475e+02 1.763587457237962326e+02 1.719943879190760185e+02 1.679119050144370533e+02 1.640629032198392281e+02 1.604114195031378358e+02 1.569298663840235974e+02 1.535965330506899988e+02 1.503939699745880034e+02 1.473079029753459110e+02 1.442927895295680401e+02 1.526576589054556052e+02 1.499104476264816128e+02 1.552556724647305373e+02 1.542148315444202353e+02 1.623797973536981658e+02 1.723797973536990185e+02 1.865219329774311632e+02 1.743692956595200201e+02 1.843692956595208727e+02 1.985114312832541543e+02 2.093064519278068190e+02 1.893064519267309151e+02 1.793064519267300625e+02 1.848187356200616023e+02 1.802304209426499995e+02 1.760601326615081632e+02 1.752866299696118517e+02 1.819532966362790773e+02 1.901182624455570078e+02
-9.999000000000000000e+03 2.386501382313534236e+02 2.245080026019000456e+02 2.145080026007073286e+02 2.186769380866888923e+02 2.120102714195300848e+02 2.062367687273493289e+02 2.010727909322248479e+02 1.963587457241918059e+02 1.919943879193850478e+02 1.879119050146827874e+02 1.840629032200374127e+02 1.804114195032996122e+02 1.769298663841570374e+02 1.735965330508010993e+02 1.703939699746810561e+02 1.613439504065264316e+02 1.413439504064698724e+02 1.385155232817234605e+02 1.357683120027494681e+02 1.411135368409983926e+02 1.471437637325541630e+02 1.612858993562863077e+02 1.812858993565694163e+02 1.862043298504866584e+02 1.662043298502420896e+02 1.803464654739742343e+02 2.003464654748100600e+02 2.052836217422683376e+02 1.852836217411842767e+02 1.711414861174521320e+02 1.706765999963294576e+02 1.660882853189178547e+02 1.619179970377760185e+02 1.611444943458797070e+02 1.678111610125469326e+02 1.759761268218248631e+02
-9.999000000000000000e+03 2.186501382232608535e+02 2.045080025995171411e+02 1.945080025995162885e+02 2.145080026007073286e+02 2.111779821885586159e+02 2.054606885230604689e+02 2.144218065761374419e+02 1.944218065738796497e+02 1.902796709504773105e+02 1.821147051410639222e+02 1.750436373291284156e+02 1.891857729531662073e+02 1.915122356435165898e+02 1.896710864076565599e+02 1.878822320256009561e+02 1.754860860303973311e+02 1.554860860302020171e+02 1.533778547841170052e+02 1.333778547840804833e+02 1.533778547841170052e+02 1.580541188652526614e+02 1.617680256288051339e+02 1.656903483315837491e+02 1.698606366127451963e+02 1.598797745299048074e+02 1.740219101536369521e+02 1.940219101542081432e+02 1.960218248350799399e+02 1.760218248345783820e+02 1.644748194507849064e+02 1.591295946125359819e+02 1.545412799351243791e+02 1.503709916539825429e+02 1.553709916539829692e+02 1.669179970377764448e+02 1.810601326615085895e+02
-9.999000000000000000e+03 2.210908487655875660e+02 2.010908487630632635e+02 1.869487131393311188e+02 2.042192914814078790e+02 1.911779821868546776e+02 1.854606885219202184e+02 2.002796709508099582e+02 1.802796709501475050e+02 1.702796709501466523e+02 1.621147051408687219e+02 1.550436373290026495e+02 1.691857729527347942e+02 1.715122356428318255e+02 1.696710864070350340e+02 1.678822320250350515e+02 1.761414554657349356e+02 1.651791674640018073e+02 1.451791674638898257e+02 1.310370318401576810e+02 1.345185849592719194e+02 1.380541188652049414e+02 1.417680256287462726e+02 1.456903483315102790e+02 1.498606366126521152e+02 1.543327725676520572e+02 1.632770444776519696e+02 1.748240498614454452e+02 1.948240498619638288e+02 1.960218248350799399e+02 1.844748194509961650e+02 1.791295946126904823e+02 1.673210202474095070e+02 1.473210202473302104e+02 1.573210202473310630e+02 1.688680256311245387e+02 1.830101612548566834e+02
-9.999000000000000000e+03 2.147662934444517475e+02 1.947662934427259813e+02 1.806241578189938366e+02 1.842192914804728048e+02 1.770358465631225329e+02 1.713185528981880736e+02 1.913185528985220856e+02 1.944890661431881256e+02 1.834122702611446130e+02 1.634122702608380564e+02 1.492701346371059117e+02 1.692701346371950706e+02 1.573701000190996808e+02 1.555289507833028892e+02 1.537400964013029068e+02 1.561414554654770939e+02 1.632635148935485176e+02 1.432635148934473648e+02 1.291213792697152201e+02 1.491213792697441818e+02 1.580541188652526614e+02 1.617680256288051339e+02 1.656903483315837491e+02 1.698606366127451963e+02 1.743327725677723379e+02 1.832770444778705041e+02 1.948240498619638288e+02 2.090972903097191704e+02 1.890972903077140472e+02 1.749551546839813625e+02 1.634081493001878869e+02 1.534081493001870342e+02 1.444638773901871218e+02 1.544638773901879745e+02 1.660108827739814501e+02 1.801530183977135948e+02
-9.999000000000000000e+03 2.092192914817200631e+02 1.892192914804732311e+02 1.750771558567410864e+02 1.700771558567406601e+02 1.654888411793290572e+02 1.613185528981872210e+02 1.813185528983538006e+02 1.744890661425072551e+02 1.784122702610672206e+02 1.584122702608376301e+02 1.442701346371054854e+02 1.577300198138426879e+02 1.458230946353062052e+02 1.439819453995094136e+02 1.421930910175094311e+02 1.419993198417449491e+02 1.487435991425461737e+02 1.470532906330864762e+02 1.272399375329478914e+02 1.472399375329740110e+02 1.534574108211442081e+02 1.578217686258752224e+02 1.625358138338011145e+02 1.676997916287673718e+02 1.734732943206996083e+02 1.805443621326329549e+02 1.905443621328237498e+02 2.064935120898414311e+02 1.864935120880968213e+02 1.723513764643646766e+02 1.608043710805712010e+02 1.508043710805703483e+02 1.418600991705704359e+02 1.518600991705712886e+02 1.634071045543647642e+02 1.775492401780969089e+02
-9.999000000000000000e+03 2.089028588903322259e+02 1.889028588890593880e+02 1.884361679452445628e+02 1.830909431069273126e+02 1.776046461347813192e+02 1.576046461346458898e+02 1.713399276750816114e+02 1.603469305187751104e+02 1.664094679163860633e+02 1.596818199597449563e+02 1.396818199596938825e+02 1.377300198137966731e+02 1.358230946353053525e+02 1.339819453995085610e+02 1.321930910175085785e+02 1.304523144579514735e+02 1.287435991425178088e+02 1.270532906330606409e+02 1.253749279164672430e+02 1.293749279164675556e+02 1.334574108211065209e+02 1.378217686258267349e+02 1.425358138337374498e+02 1.476997916286811119e+02 1.534732943205778497e+02 1.605443621324439221e+02 1.705443621324447747e+02 1.905443621328237498e+02 1.951415231172294114e+02 1.751415231163813360e+02 1.609993874926491912e+02 1.494523821088557156e+02 1.394523821088548630e+02 1.494523821088557156e+02 1.609993874926491912e+02 1.751415231163813360e+02
-9.999000000000000000e+03 1.947607232657002214e+02 1.747607232653272433e+02 1.684361679449899611e+02 1.630909431067410367e+02 1.583768978988303218e+02 1.540125400941101077e+02 1.513399276749856597e+02 1.487999251349816348e+02 1.464094679163126500e+02 1.441000668395539606e+02 1.418639988620539896e+02 1.492770251975901488e+02 1.473701000190988282e+02 1.481240810232407057e+02 1.463352266412407232e+02 1.504523144579825100e+02 1.487435991425461737e+02 1.441860513199338527e+02 1.241860513199117122e+02 1.441860513199338527e+02 1.534574108211442081e+02 1.578217686258752224e+02 1.625358138338011145e+02 1.676997916287673718e+02 1.676154299443099944e+02 1.746864977561760668e+02 1.905443621328237498e+02 2.018212409594523535e+02 1.818212409580918916e+02 1.676791053343597468e+02 1.561320999505662712e+02 1.461320999505654186e+02 1.371878280405655062e+02 1.471878280405663588e+02 1.587348334243598345e+02 1.728769690480919792e+02
-9.999000000000000000e+03 2.029256890752361357e+02 1.829256890746051738e+02 1.825783035687221059e+02 1.772330787304731814e+02 1.725190335225624665e+02 1.655595454779035833e+02 1.613399276749865123e+02 1.587999251349824874e+02 1.579564733001061256e+02 1.541000668395548132e+02 1.534110042458474652e+02 1.634191608213222935e+02 1.615122356428309729e+02 1.681240810233713887e+02 1.663352266413595828e+02 1.686925675356337706e+02 1.486925675354591760e+02 1.345504319117270313e+02 1.230034265279335415e+02 1.319476984379334397e+02 1.419476984379342923e+02 1.534947038217277679e+02 1.676368394454599127e+02 1.876368394460941147e+02 1.876154299447273104e+02 1.946864977568221207e+02 2.078541996058673647e+02 1.878541996038145783e+02 1.737120639800814104e+02 1.621650585962879347e+02 1.521650585962870821e+02 1.432207866862871697e+02 1.350558208770092392e+02 1.450558208770100919e+02 1.566028262608035675e+02 1.707449618845357122e+02
-9.999000000000000000e+03 2.129256890758690304e+02 1.929256890746060265e+02 2.025783035695921512e+02 1.972330787311104530e+02 1.925190335230493588e+02 1.797016811016357281e+02 1.728869330587799880e+02 1.703469305187759630e+02 1.720986089238382704e+02 1.656470722233482888e+02 1.675531398695796099e+02 1.834191608217004159e+02 1.815122356431729429e+02 1.864723944265779210e+02 1.664723944259807524e+02 1.523302588022486077e+02 1.407832534184551321e+02 1.307832534184542794e+02 1.218389815084543670e+02 1.293982709686395367e+02 1.375632367779174672e+02 1.465075086879173796e+02 1.565075086879182322e+02 1.680545140717117079e+02 1.821966496954438526e+02 2.021966496970670732e+02 2.058441239751423666e+02 1.858441239732954102e+02 1.717019883495628392e+02 1.601549829657693635e+02 1.501549829657685109e+02 1.412107110557685985e+02 1.330457452464906680e+02 1.430457452464915207e+02 1.545927506302849963e+02 1.687348862540171410e+02
-9.999000000000000000e+03 2.270678247026379495e+02 2.070678246983416386e+02 2.152011997478482215e+02 2.117840459114788132e+02 2.028643603504103794e+02 1.997016811025362415e+02 1.870290686825121327e+02 1.844890661425081078e+02 1.920986089244374853e+02 1.797892078470804336e+02 1.875531398700501882e+02 1.958393536467016247e+02 1.842923482625578799e+02 1.753480763524432007e+02 1.763885167516954482e+02 1.563885167513844578e+02 1.422463811276523131e+02 1.306993757438588375e+02 1.206993757438579848e+02 1.282586652040431545e+02 1.364236310133210850e+02 1.453679029233209974e+02 1.553679029233218500e+02 1.669149083071153257e+02 1.810570439308474704e+02 2.010570439323780647e+02 2.039371987964747461e+02 1.839371987948036633e+02 1.697950631710715186e+02 1.582480577872780430e+02 1.482480577872771903e+02 1.393037858772772779e+02 1.311388200679993474e+02 1.411388200680002001e+02 1.526858254517936757e+02 1.668279610755258204e+02
-9.999000000000000000e+03 2.293433353750037895e+02 2.093433353701607871e+02 1.952011997464244075e+02 1.917840459099705299e+02 1.828643603496945786e+02 2.028643603504103794e+02 2.070290686840723708e+02 2.044890661438700192e+02 2.025680297573049700e+02 1.997892078481409328e+02 1.958393536467016247e+02 1.758393536460959581e+02 1.642923482623024825e+02 1.553480763523025701e+02 1.753480763524432007e+02 1.652704827627799489e+02 1.452704827626337192e+02 1.311283471389015745e+02 1.195813417551080846e+02 1.271406312152927285e+02 1.353055970245706590e+02 1.442498689345705714e+02 1.542498689345714240e+02 1.657968743183648996e+02 1.799390099420970444e+02 1.999390099435420609e+02 1.908663098260062441e+02 1.793193044419511750e+02 1.784869412641882036e+02 1.750097792575910205e+02 1.550097792573430127e+02 1.408676436336108679e+02 1.293206382498173923e+02 1.393206382498182450e+02 1.508676436336117206e+02 1.650097792573438653e+02
-9.999000000000000000e+03 2.193433353725810093e+02 1.993433353701556996e+02 1.852011997464235549e+02 1.776419102862383852e+02 1.713173549659011030e+02 1.854594905896332477e+02 2.054594905906643589e+02 2.025680297573049700e+02 1.825680297564431953e+02 1.898943327665131164e+02 1.845491079281386817e+02 1.824191441644798317e+02 1.624191441641686424e+02 1.482770085404364977e+02 1.682770085405270208e+02 1.641711833429132810e+02 1.441711833427750662e+02 1.300290477190429215e+02 1.184820423352494458e+02 1.384820423352657883e+02 1.386900070059620305e+02 1.486900070059628831e+02 1.602370123897563587e+02 1.743791480134885035e+02 1.943791480144833770e+02 1.908663098260062441e+02 1.708663098255545378e+02 1.593193044417610622e+02 1.584869412639375241e+02 1.591808278453154060e+02 1.544667826373917023e+02 1.475597364371930951e+02 1.275597364371659950e+02 1.375597364371668334e+02 1.491067418209603090e+02 1.632488774446924538e+02
-9.999000000000000000e+03 2.220064959770820394e+02 2.020064959734307308e+02 1.878643603496950050e+02 1.763173549659015293e+02 1.663173549659006767e+02 1.804594905896328214e+02 2.004594905904059772e+02 1.910210243730134039e+02 1.710210243726497197e+02 1.698943327660446698e+02 1.645491079277957454e+02 1.656929270962289422e+02 1.613285692914918741e+02 1.425035058485397599e+02 1.625035058486037940e+02 1.630800938917257383e+02 1.430800938915951122e+02 1.289379582678629674e+02 1.173909528840694776e+02 1.234211797756248359e+02 1.297457350959621181e+02 1.397457350959629707e+02 1.512927404797564463e+02 1.654348761034885911e+02 1.854348761040384659e+02 1.845171681558525165e+02 1.645171681554932945e+02 1.503750325317611498e+02 1.443448056402053794e+02 1.391808278452617174e+02 1.344667826373510024e+02 1.301024248326307884e+02 1.258384105055182403e+02 1.347826824155181384e+02 1.447826824155189911e+02 1.563296877993124667e+02
-9.999000000000000000e+03 2.178362076951788140e+02 1.978362076922875019e+02 1.836940720685531687e+02 1.721470666847596931e+02 1.621470666847588404e+02 1.821470666849376983e+02 1.936237578469190908e+02 1.736237578464432829e+02 1.620767524626498073e+02 1.557521971423125251e+02 1.504069723040636006e+02 1.456929270961528857e+02 1.413285692914326717e+02 1.371582810102908354e+02 1.571582810103374186e+02 1.620125728663506379e+02 1.420125728662270319e+02 1.278704372424948872e+02 1.163234318587022216e+02 1.238827213188868654e+02 1.320476871281647959e+02 1.409919590381647083e+02 1.509919590381655610e+02 1.625389644219590366e+02 1.766811000456911813e+02 1.966811000469132580e+02 1.819220379158039123e+02 1.619220379155546254e+02 1.643448056402781390e+02 1.591808278453154060e+02 1.544667826373917023e+02 1.442718896055650077e+02 1.242718896055423130e+02 1.342718896055431514e+02 1.458188949893366271e+02 1.599610306130687718e+02
