notebooks/teaching/surface_water_hydrology_exercises/overland_flow_notebooks/Long_TestBasin.asc
nrows 402
cellsize 30.0
xllcorner 0.0
ncols 100
yllcorner 0.0
[rows 357 to 373 of 402, columns 0 to 36 of 100]
-9.999000000000000000e+03 1.225226741910334454e+02 1.025226741910359891e+02 8.838053856730684288e+01 7.683353318351579730e+01 6.683353318351706207e+01 8.097566880724620830e+01 1.009756688072436646e+02 1.088174404367045156e+02 8.881744043670705935e+01 7.881744043670832411e+01 7.174637262484374389e+01 6.619937066259215896e+01 6.134865816186611909e+01 5.698430035714635977e+01 5.290181745250781375e+01 4.905281565791038645e+01 4.684418513641350046e+01 4.469996006673795108e+01 4.260339039329415556e+01 4.054054790077660897e+01 3.848859119660634320e+01 4.848859119660613715e+01 6.003559658039841196e+01 7.417773220412756530e+01 9.417773220412502155e+01 9.972340883494115360e+01 7.972340883494369734e+01 6.558127321121455111e+01 7.972340883494369734e+01 9.972340883494115360e+01 9.380754807558116681e+01 7.380754807558088260e+01 7.611903923770198332e+01 7.175468143298192558e+01 7.376354401465337673e+01 7.022801010872046845e+01
-9.999000000000000000e+03 1.210562030408200940e+02 1.010562030408226377e+02 8.691406741709349149e+01 7.536706203330244591e+01 6.536706203330371068e+01 7.691406741709475625e+01 9.105620304082390248e+01 1.110562030408213587e+02 1.088174404367045156e+02 9.295957606043747035e+01 8.329337800863478947e+01 8.034150628632130520e+01 7.549079378559527242e+01 7.112643598087551311e+01 6.704395307623695999e+01 6.319495128164103903e+01 6.098632076014415304e+01 6.469996006673540023e+01 6.260339039329373634e+01 5.767480273783478140e+01 3.767480273783520062e+01 4.767480273783499456e+01 5.922180812162726937e+01 7.336394374535642271e+01 9.336394374535387897e+01 9.618787492900885638e+01 7.618787492901140013e+01 6.204573930528225389e+01 8.204573930527971015e+01 9.868788679270707576e+01 7.868788679270679154e+01 6.714088140891412593e+01 6.197690361397084047e+01 5.761254580925078272e+01 5.376354401465309252e+01 5.022801010872018423e+01
-9.999000000000000000e+03 1.196202867235847975e+02 9.962028672358734127e+01 8.547815109985819504e+01 7.393114571606714946e+01 6.393114571606841423e+01 7.393114571606714946e+01 8.547815109985819504e+01 9.962028672358734127e+01 1.196202867235847975e+02 1.129595760604349266e+02 9.743551363236393570e+01 1.003415062863187615e+02 9.549079378559272868e+01 9.112643598087296937e+01 8.704395307623441624e+01 8.319495128163849529e+01 8.098632076014160930e+01 8.255416741517667845e+01 6.255416741517922929e+01 4.841203179144857671e+01 3.686502640765630190e+01 4.686502640765609584e+01 5.841203179144836355e+01 7.255416741517751689e+01 9.255416741517497314e+01 9.285454159567559884e+01 7.285454159567814258e+01 5.871240597194898925e+01 7.285454159567814258e+01 9.285454159567559884e+01 9.868788679270707576e+01 8.128301703264526168e+01 7.352390899776351318e+01 6.915955119304345544e+01 6.531054939844575813e+01 6.177501549251326907e+01
-9.999000000000000000e+03 1.182165619108976244e+02 9.821656191090016819e+01 8.407442628717102195e+01 7.252742090337997638e+01 6.252742090338124825e+01 7.147169281337926350e+01 8.147169281337799873e+01 9.301869819716904431e+01 1.071608338208981905e+02 1.271608338208956468e+02 1.174355136323613920e+02 1.109093264286816520e+02 1.009093264286829168e+02 9.274436061940669163e+01 9.378520153971675200e+01 1.006939213384635963e+02 8.069392133846614001e+01 6.655178571473699378e+01 5.500478033094594821e+01 4.500478033094615427e+01 3.606050842094718689e+01 4.606050842094698083e+01 5.760751380473924854e+01 7.174964942846840188e+01 9.174964942846585814e+01 9.412082267218765708e+01 7.558893073417438302e+01 5.558893073417693387e+01 7.558893073417438302e+01 8.609515863338349106e+01 9.764216401717453664e+01 1.012830170326455459e+02 8.766604462149464894e+01 8.330168681677460540e+01 7.945268502217689388e+01 7.591715111624441192e+01
-9.999000000000000000e+03 1.210600171017993318e+02 1.010600171018018756e+02 9.529917910745281517e+01 7.529917910745535892e+01 6.115704348372621268e+01 7.115704348372494792e+01 8.270404886751599349e+01 9.684618449124513972e+01 1.168461844912425960e+02 1.250514620524107983e+02 1.050514620524133420e+02 9.090932642868419578e+01 8.090932642868546054e+01 7.274436061940923537e+01 7.378520153971929574e+01 9.378520153971675200e+01 9.095156254399825002e+01 7.095156254400079376e+01 5.680942692027164043e+01 4.526242153647937272e+01 3.526242153647957878e+01 4.680942692027185359e+01 6.095156254400250617e+01 8.095156254399995532e+01 9.412082267218765708e+01 7.412082267219020082e+01 6.257381728839915525e+01 5.257381728839936130e+01 7.257381728839681045e+01 6.609515863338603481e+01 7.764216401717708038e+01 9.764216401717453664e+01 1.076660446214949332e+02 1.033016868167748896e+02 9.945268502217717810e+01 9.591715111624469614e+01
-9.999000000000000000e+03 1.069178814780701856e+02 8.691788147807272935e+01 7.691788147807399412e+01 6.797360956807597177e+01 5.980864375879975370e+01 6.980864375879848183e+01 8.135564914258952740e+01 9.549778476631867363e+01 1.154977847663161299e+02 1.114889922149578467e+02 1.059191566456197222e+02 9.981542843127125764e+01 7.981542843127380138e+01 6.567329280754465515e+01 5.964306591599014951e+01 7.378520153971929574e+01 8.722256248220885766e+01 8.015851095828182338e+01 6.015851095828437423e+01 4.601637533455372164e+01 3.446936995076144683e+01 4.601637533455372164e+01 6.015851095828437423e+01 8.015851095828182338e+01 9.543453117117211093e+01 7.543453117117465467e+01 6.129239554744550134e+01 4.974539016365322652e+01 6.439760623669724282e+01 5.715088672338801956e+01 7.475942360600451764e+01 8.108397892634114612e+01 8.864326838652473839e+01 9.864326838652347362e+01 9.989145474491337495e+01 7.989145474491309074e+01
-9.999000000000000000e+03 1.141818813763966176e+02 9.418188137639916135e+01 8.003974575267001512e+01 6.849274036887896955e+01 5.849274036888024142e+01 7.003974575267127989e+01 8.418188137640042612e+01 1.041818813763978824e+02 1.114889922149578467e+02 9.148899221496039047e+01 8.591915664562226596e+01 8.545246570155461541e+01 7.990546373930301627e+01 7.464306591598770524e+01 5.464306591599024898e+01 7.464306591598770524e+01 6.722256248221140140e+01 7.323216821129202003e+01 7.085860489490436009e+01 5.368064694403594217e+01 3.368064694403636139e+01 4.522765232782862910e+01 5.936978795155928168e+01 7.936978795155673083e+01 9.271287590141307078e+01 7.271287590141561452e+01 5.857074027768646118e+01 4.702373489389419348e+01 4.439760623669979367e+01 4.898592091411093463e+01 5.475942360600706849e+01 6.108397892634369697e+01 6.864326838652728213e+01 7.864326838652601737e+01 9.864326838652347362e+01 9.989145474491337495e+01
-9.999000000000000000e+03 1.171726681271739778e+02 9.717266812717652158e+01 9.134118353790057654e+01 7.134118353790312028e+01 5.719904791417396694e+01 6.874605329796500541e+01 8.288818892169415165e+01 1.028881889216916079e+02 9.994198683116680115e+01 7.994198683116934490e+01 7.177702102189311972e+01 6.545246570155715915e+01 5.990546373930556712e+01 5.490546373930566659e+01 5.005475123857910802e+01 6.409415907334599183e+01 5.308042685848224806e+01 5.323216821129457088e+01 5.085860489490691094e+01 5.289497274271757021e+01 3.289497274271798943e+01 4.289497274271778338e+01 5.444197812651005819e+01 6.858411375023921153e+01 8.858411375023666778e+01 8.783657144236667591e+01 6.783657144236921965e+01 5.369443581864006632e+01 4.214743043484779150e+01 6.214743043484737228e+01 7.289165099923120295e+01 8.108397892634114612e+01 8.864326838652473839e+01 9.864326838652347362e+01 1.097258094345952770e+02 8.972580943459499281e+01
-9.999000000000000000e+03 1.030305325034448316e+02 8.303053250344737535e+01 7.303053250344864011e+01 6.408626059345061776e+01 5.592129478417410837e+01 6.592129478417284361e+01 7.746830016796388918e+01 9.161043579169303541e+01 1.116104357916904917e+02 9.994198683116680115e+01 9.177702102189057598e+01 8.545246570155461541e+01 7.990546373930301627e+01 6.676677149246948773e+01 4.676677149247203147e+01 4.409415907334783924e+01 4.153342147468997325e+01 3.909003258756391830e+01 3.671646927117625836e+01 3.440706819441780340e+01 3.211291085571222936e+01 4.365991623950450418e+01 5.780205186323515676e+01 7.780205186323260591e+01 9.565439254000658309e+01 7.565439254000912683e+01 6.151225691627997350e+01 4.996525153248770579e+01 3.996525153248791185e+01 4.394737908923477931e+01 5.289165099923375379e+01 6.443865638302479226e+01 7.858079200675393849e+01 9.858079200675139475e+01 9.558367381086412706e+01 7.558367381086384285e+01
-9.999000000000000000e+03 1.103604357916905059e+02 9.036043579169304962e+01 7.621830016796390339e+01 6.467129478417285782e+01 5.467129478417412969e+01 6.467129478417285782e+01 7.621830016796390339e+01 9.036043579169304962e+01 1.103604357916905059e+02 9.900827544486216425e+01 7.900827544486470799e+01 7.006400353486668564e+01 6.299293572300211252e+01 5.696270883144696739e+01 5.161748399319859004e+01 5.564116445714011405e+01 5.567555709842062583e+01 5.909003258756349908e+01 5.671646927117583914e+01 5.137469738518625917e+01 3.137469738518667839e+01 4.292170276897895320e+01 5.706383839270960578e+01 7.706383839270705494e+01 9.353439677999391222e+01 7.353439677999645596e+01 5.939226115626730262e+01 4.784525577247502781e+01 3.784525577247523387e+01 3.578241327995768728e+01 4.578241327995748122e+01 5.732941866374975604e+01 7.147155428747890937e+01 9.147155428747636563e+01 9.633018630239303093e+01 7.633018630239274671e+01
-9.999000000000000000e+03 1.091318455580236844e+02 8.913184555802622810e+01 7.498970993429708187e+01 6.344270455050604340e+01 5.344270455050624946e+01 6.344270455050604340e+01 7.498970993429708187e+01 8.913184555802622810e+01 1.091318455580236844e+02 1.105552808286532098e+02 9.055528082865575357e+01 8.420613915859583187e+01 7.713507134673126586e+01 7.110484445517612073e+01 6.575961961692773627e+01 6.978330008086926739e+01 7.567555709841808209e+01 7.632812649992933984e+01 5.632812649993189069e+01 4.218599087620123811e+01 3.063898549240897040e+01 4.063898549240876434e+01 5.218599087620103916e+01 6.632812649993019249e+01 8.632812649992764875e+01 8.951975414157932676e+01 6.951975414158187050e+01 5.537761851785271716e+01 4.383061313406044945e+01 3.383061313406065551e+01 4.277488504405962289e+01 5.277488504405941683e+01 6.432189042785046240e+01 7.846402605157960863e+01 9.846402605157706489e+01 8.280920202944803066e+01
-9.999000000000000000e+03 1.079236013713633611e+02 8.792360137136590481e+01 7.378146574763675858e+01 6.223446036384571300e+01 5.223446036384591906e+01 6.117873227384489354e+01 7.117873227384362167e+01 8.272573765763466724e+01 9.686787328136381348e+01 1.168678732813612697e+02 1.105552808286532098e+02 1.042061391585932881e+02 9.713507134672872212e+01 9.110484445517357699e+01 8.575961961692519253e+01 8.978330008086672365e+01 8.559636476666304361e+01 6.559636476666558735e+01 5.145422914293643402e+01 3.990722375914415920e+01 2.990722375914436881e+01 3.990722375914415920e+01 5.145422914293643402e+01 6.559636476666558735e+01 8.559636476666304361e+01 8.765474452509873515e+01 6.765474452510127890e+01 5.351260890137212556e+01 4.196560351757985785e+01 3.196560351758006746e+01 4.196560351757985785e+01 5.351260890137212556e+01 6.765474452510127890e+01 8.765474452509873515e+01 8.280920202944803066e+01 6.280920202944775355e+01
-9.999000000000000000e+03 1.067368197131695240e+02 8.673681971317206774e+01 7.259468408944292150e+01 6.104767870565188304e+01 5.104767870565208909e+01 5.999195061565105647e+01 6.999195061564978460e+01 8.153895599944083017e+01 9.568109162316997640e+01 1.156810916231674327e+02 1.224571775648354617e+02 1.024571775648380054e+02 1.127843075871959542e+02 9.278430758719849791e+01 7.864217196346935168e+01 9.864217196346680794e+01 9.362807288367561398e+01 7.486897179921143675e+01 5.486897179921398759e+01 4.072683617548333501e+01 2.917983079169106020e+01 3.917983079169085414e+01 5.072683617548312185e+01 6.486897179921227519e+01 8.486897179920973144e+01 8.585869150483100043e+01 6.585869150483354417e+01 5.171655588110439083e+01 4.016955049731211602e+01 3.016955049731232208e+01 4.016955049731211602e+01 5.171655588110439083e+01 6.585869150483354417e+01 8.585869150483100043e+01 7.126219664565493872e+01 5.126219664565466871e+01
-9.999000000000000000e+03 1.099740594688859829e+02 8.997405946888852668e+01 8.402339064233960642e+01 6.402339064234215016e+01 4.988125501861249944e+01 6.988125501860994859e+01 8.017930026729301574e+01 8.834426607656924091e+01 9.834426607656797614e+01 1.124864017002971224e+02 1.083150419411063154e+02 8.831504194110885919e+01 1.027843075871972189e+02 8.278430758719976268e+01 6.864217196347061645e+01 8.864217196346807270e+01 7.362807288367815772e+01 7.414539719391900974e+01 5.414539719392156059e+01 4.000326157019090800e+01 2.845625618639864030e+01 4.701428594384557158e+01 5.408535375571089787e+01 6.225031956498798991e+01 7.225031956498565933e+01 8.639245518871480556e+01 7.412447156578446084e+01 5.412447156578701168e+01 3.998233594205635910e+01 2.843533055826408784e+01 3.843533055826387823e+01 4.998233594205614594e+01 6.412447156578529928e+01 8.412447156578275553e+01 8.280920202944803066e+01 6.280920202944775355e+01
-9.999000000000000000e+03 9.583192384515683671e+01 7.583192384515938045e+01 6.583192384516064521e+01 5.688765193516262997e+01 4.872268612588553793e+01 5.310823245543024029e+01 6.017930026729556658e+01 6.834426607657178465e+01 7.834426607657051989e+01 9.248640170029966612e+01 9.831504194110758021e+01 7.831504194111012396e+01 8.437657343993582515e+01 7.937657343993645043e+01 6.157110415160603623e+01 7.136890357900429649e+01 5.948593725994900439e+01 7.307923117716295280e+01 6.187670397364183827e+01 4.187670397364225749e+01 2.773456834991160846e+01 2.701428594384599080e+01 3.408535375571131709e+01 4.225031956498840913e+01 5.225031956498820307e+01 6.639245518871734930e+01 7.244016772365142742e+01 5.244016772365397827e+01 3.829803209992332569e+01 2.675102671613105443e+01 3.569529862613002535e+01 4.569529862612981930e+01 5.724230400992208700e+01 7.138443963365124034e+01 9.138443963364869660e+01 8.280920202944803066e+01
-9.999000000000000000e+03 1.032666304647752611e+02 8.326663046477780483e+01 6.912449484104865860e+01 5.757748945725761303e+01 4.757748945725781908e+01 4.644156578876371100e+01 5.798857117255598581e+01 7.213070679628513915e+01 9.213070679628259541e+01 1.042922117555605013e+02 8.429221175556304502e+01 7.015007613183389878e+01 6.437657343993836889e+01 5.937657343993899417e+01 5.490443748493950693e+01 5.136890357900684023e+01 4.793893187615673668e+01 5.307923117716550365e+01 7.307923117716295280e+01 6.044076530061170871e+01 4.044076530061212793e+01 2.629862967688147890e+01 3.784563506067375016e+01 5.198777068440440274e+01 7.198777068440185190e+01 8.080717456179577596e+01 6.080717456179832681e+01 4.666503893806767422e+01 3.511803355427539941e+01 2.511803355427560547e+01 3.406230546427457995e+01 4.406230546427437389e+01 5.560931084806664870e+01 6.975144647179580204e+01 8.975144647179325830e+01 9.571360899676892586e+01
-9.999000000000000000e+03 1.099621489381297579e+02 8.996214893813230162e+01 7.582001331440315539e+01 6.427300793061210982e+01 5.427300793061338169e+01 4.532873602061441431e+01 5.532873602061420826e+01 6.687574140440524673e+01 8.101787702813439296e+01 1.010178770281318492e+02 1.016970815156224006e+02 8.169708151562494436e+01 7.851870906366751512e+01 7.351870906366814040e+01 6.904657310866865316e+01 6.469450345353899934e+01 4.469450345354155019e+01 4.153222579337323594e+01 6.153222579337281672e+01 5.972784229481219143e+01 3.972784229481261065e+01 2.558570667108196162e+01 3.713271205487423288e+01 5.127484767860488546e+01 7.127484767860234172e+01 7.922603573171159042e+01 5.922603573171414126e+01 4.508390010798348868e+01 3.353689472419121387e+01 2.353689472419141993e+01 3.353689472419121387e+01 4.508390010798348868e+01 5.922603573171414126e+01 7.922603573171159042e+01 9.571360899676892586e+01 7.571360899677146961e+01
