notebooks/teaching/surface_water_hydrology_exercises/overland_flow_notebooks/Long_TestBasin.asc
nrows 402
cellsize 30.0
xllcorner 0.0
ncols 100
yllcorner 0.0
[rows 51 to 67 of 402, columns 37 to 73 of 100]
8.212181157494337924e+01 9.626394719867451499e+01 1.162639471986826720e+02 1.145152676122255286e+02 9.451526761221811057e+01 8.037313198848696061e+01 9.451526761221811057e+01 1.145152676122255286e+02 1.090849828460697495e+02 1.179928186289961332e+02 1.045978469858768847e+02 1.145978469858770268e+02 1.261448523696696924e+02 1.402869879934018229e+02 1.602869879935501842e+02 1.523823057404325141e+02 1.408353003565992196e+02 1.318910284465869438e+02 1.239099130120970642e+02 1.039099130120842744e+02 8.976777738835312448e+01 1.012641990712252067e+02 8.126419907122354402e+01 1.012641990712252067e+02 1.080287383236976666e+02 1.118777401182960460e+02 1.101023586466623101e+02 1.145744946016619394e+02 1.197384723966052320e+02 1.260630277169420879e+02 1.350072996269423413e+02 1.484880333932237022e+02 1.284880333931611176e+02 1.143458977694289871e+02 1.027988923856363215e+02 1.227988923856431427e+02 1.350395189110787157e+02
8.129842460535076043e+01 9.544056022908191039e+01 1.154405602290897122e+02 1.136398913931603118e+02 9.363989139315327748e+01 7.949775576942214173e+01 9.949775576942356281e+01 1.149428472223430617e+02 9.494284722233859952e+01 9.799281862899073303e+01 1.011162938667628879e+02 1.126632992505555535e+02 1.268054348742867035e+02 1.468054348743474407e+02 1.523823057404325141e+02 1.323823057403645578e+02 1.208353003565710821e+02 1.118910284465718092e+02 1.043317389863871654e+02 1.076235523186801402e+02 8.762355231867751115e+01 1.007851485664598385e+02 8.078514856645824693e+01 8.437725460699378743e+01 8.802873832369493812e+01 9.187774011829249332e+01 9.596022302293117434e+01 1.004323589779308037e+02 1.055963367728740963e+02 1.119208920932109379e+02 1.208651640032102108e+02 1.408651640032361740e+02 1.356076946760581166e+02 1.156076946760341286e+02 1.014655590523029787e+02 1.156076946760341286e+02 1.356076946760581166e+02
8.047781466548853757e+01 9.461995028921967332e+01 1.146199502892271340e+02 1.127678499527660279e+02 9.276784995275937717e+01 7.862571432902824142e+01 9.862571432902953461e+01 1.120255473923842260e+02 9.202554739238067327e+01 1.120255473923842260e+02 1.111162938667630158e+02 1.226632992505556814e+02 1.368054348742878119e+02 1.568054348744101674e+02 1.379261194899064549e+02 1.279261194898941625e+02 1.208550516780243242e+02 1.153080497157698403e+02 9.726067117452159039e+01 1.055035565586670714e+02 8.550355655866476923e+01 1.003105695685835173e+02 8.031056956858199669e+01 1.003105695685835173e+02 1.080287383236976666e+02 1.118777401182960460e+02 1.159602230229360345e+02 1.145744946016619394e+02 1.197384723966052320e+02 1.260630277169420879e+02 1.408651640032361740e+02 1.476143666679578814e+02 1.342889337292650112e+02 1.142889337292425296e+02 1.001467981055113938e+02 1.201467981055171350e+02 1.259669971510668915e+02
7.966131808456080421e+01 9.380345370829195417e+01 1.138034537082990454e+02 1.118991054672394938e+02 9.189910546723322682e+01 7.775696984350209107e+01 9.775696984350325636e+01 1.091971202676373593e+02 8.919712026763444612e+01 1.007441256514271117e+02 1.148862612751582617e+02 1.348862612751895540e+02 1.404929332133106357e+02 1.379261194899064549e+02 1.179261194898832912e+02 1.079261194898831491e+02 1.008550516780175741e+02 9.530804971576520757e+01 9.059400450785483372e+01 8.694252079115368304e+01 8.340698688522090265e+01 8.161813250322104807e+01 7.983639089047153448e+01 8.983639089047167658e+01 1.013833962742643422e+02 1.155255318979954779e+02 1.355255318980333641e+02 1.345744946016866379e+02 1.397384723966389117e+02 1.460630277169918827e+02 1.476143666679578814e+02 1.276143666679131741e+02 1.329814928283421978e+02 1.129814928283213078e+02 9.883935720459015783e+01 1.023748911105229382e+02 1.059669971510584787e+02
7.884820245637905600e+01 9.884820245638036340e+01 1.105438283601525598e+02 1.101319603180089644e+02 9.689148519868730602e+01 7.689148519868625442e+01 9.689148519868730602e+01 1.065003208177839298e+02 8.650032081778144288e+01 9.804732620157410850e+01 1.121894618253052442e+02 1.321894618253322164e+02 1.204929332132779081e+02 1.404929332133106357e+02 1.379261194899064549e+02 1.220682551136142990e+02 1.124020570618102397e+02 1.068550550995578732e+02 1.047361401315859837e+02 1.069425207911562410e+02 1.034069868852228922e+02 9.937876212851665514e+01 7.937876212851526248e+01 8.754372793779262452e+01 9.648799984779189742e+01 1.064879998477920253e+02 1.180350052315846909e+02 1.321771408553168214e+02 1.521771408554318157e+02 1.502094969079174973e+02 1.302094969078526390e+02 1.160673612841205085e+02 1.212357288081829125e+02 1.152055019166253516e+02 9.761993568289076961e+01 1.176199356828957718e+02 1.259669971510668915e+02
7.803709535072523806e+01 9.681399814519303959e+01 9.054382836014679015e+01 9.013196031800330843e+01 9.557830554506985266e+01 7.602842149468204980e+01 9.602842149468295929e+01 9.928175970686348251e+01 8.391833192030979660e+01 1.039183319203119140e+02 1.093098140795451769e+02 1.137819500345460852e+02 1.089459278294852425e+02 1.260169956413606656e+02 1.360169956413719490e+02 1.420682551136545442e+02 1.265441926855413897e+02 1.209971907232890089e+02 1.247361401315996261e+02 1.246112297587789755e+02 1.046112297587615387e+02 9.046909413503038877e+01 7.892208875123772316e+01 8.892208875123785106e+01 1.004690941350305167e+02 1.146112297587616524e+02 1.346112297587976343e+02 1.410066685442492656e+02 1.610066685443940457e+02 1.420445310986122252e+02 1.220445310985742822e+02 1.079023954748431464e+02 1.012357288081763897e+02 9.520550191662104567e+01 9.640502220442918713e+01 1.045699880137065492e+02 1.145699880137066771e+02
7.722665445225212011e+01 7.681399814519200220e+01 7.640169273641564018e+01 7.598982469427215847e+01 7.557830554506901422e+01 7.516696051017414959e+01 7.721891721434448641e+01 7.928175970686208984e+01 8.137832938030595642e+01 8.522733117490351162e+01 8.930981407954219264e+01 9.378195003454182199e+01 9.894592782948511456e+01 1.060169956413506895e+02 1.160169956413508316e+02 1.360169956413719490e+02 1.465441926856034058e+02 1.409971907233335457e+02 1.406558404660594022e+02 1.241555058074287672e+02 1.041555058074117426e+02 9.001337018368060683e+01 7.846636479988794122e+01 8.846636479988808333e+01 1.000133701836807489e+02 1.141555058074118847e+02 1.341555058074470992e+02 1.268645329205171208e+02 1.468645329205588723e+02 1.497222221607046890e+02 1.297222221606248809e+02 1.155800865368927504e+02 1.040330811531000847e+02 9.403308115309994264e+01 1.140330811531038933e+02 1.245699880137150330e+02 1.345699880137247817e+02
8.877365983604478572e+01 9.095613376892313795e+01 9.054382836014679015e+01 9.598982469427305375e+01 9.480175126522409812e+01 7.480175126522335916e+01 9.480175126522409812e+01 9.928175970686348251e+01 1.013783293803076617e+02 9.936946679863464738e+01 1.034519497032733284e+02 1.053289554183344876e+02 1.130880634532162503e+02 1.201591312650818395e+02 1.360169956413719490e+02 1.504306650184673799e+02 1.455799525177204998e+02 1.406558404660594022e+02 1.206558404660271862e+02 1.237007253849403270e+02 1.037007253849237145e+02 8.955858976119257875e+01 7.801158437739991314e+01 8.955858976119257875e+01 1.037007253849237145e+02 1.237007253849403270e+02 1.368645329205373855e+02 1.168645329205169929e+02 1.368645329205373855e+02 1.551070825686811929e+02 1.385617044542895258e+02 1.185617044542524354e+02 1.044195688305212855e+02 9.287256344672861985e+01 1.128725634467322578e+02 1.187387797964839962e+02 1.224526865600265921e+02
1.029157954597759215e+02 1.109561337689290212e+02 1.105438283601525598e+02 1.085788601725892022e+02 8.857886017258400102e+01 7.443672454885286527e+01 8.598372993264553088e+01 1.001258655563766808e+02 1.201258655563903659e+02 1.193694667986447371e+02 1.234519497032862461e+02 1.194710910420656376e+02 1.330880634532395277e+02 1.401591312651183614e+02 1.444306615968935148e+02 1.304306650183898739e+02 1.255799525176621501e+02 1.291088350822473956e+02 1.091088350822345205e+02 1.291088350822473956e+02 1.116997603767805032e+02 9.169976037677432146e+01 7.755762475304317149e+01 8.910463013683583711e+01 1.032467657605669729e+02 1.232467657605832301e+02 1.293052434603446272e+02 1.093052434603323491e+02 1.293052434603446272e+02 1.351070825685470425e+02 1.400233285772925456e+02 1.258638283951769381e+02 1.058638283951628694e+02 9.172169277143173360e+01 9.520324589054573039e+01 9.873877979647851078e+01 1.024526865600196004e+02
1.229157954597918376e+02 1.297612030776600420e+02 1.097612030776320751e+02 9.561906745390093931e+01 8.407206207010827370e+01 7.407206207010813159e+01 8.301633398010740450e+01 9.301633398010753240e+01 1.045633393639001980e+02 1.187054749876313338e+02 1.387054749876827202e+02 1.394710910421071617e+02 1.458994645498189300e+02 1.369551926398032435e+02 1.244306615968485801e+02 1.162885293946577292e+02 1.114378168939310143e+02 1.209438692729644202e+02 1.009438692729571585e+02 1.209438692729644202e+02 1.160272919404512777e+02 9.710436514394491780e+01 7.710436514394383778e+01 8.865137052773650339e+01 1.027935061514676534e+02 1.227935061514834985e+02 1.229806881400035365e+02 1.029806881399955074e+02 1.229806881400035365e+02 1.209649469448149119e+02 1.200233285772445413e+02 1.247759718087353065e+02 1.047759718087220335e+02 9.063383618499088357e+01 1.106338361849939247e+02 1.187387797964839962e+02 1.224526865600265921e+02
1.383414171561425974e+02 1.183414171560920352e+02 1.041992815323608994e+02 9.265227614856823379e+01 8.265227614856810590e+01 7.370800423856883299e+01 8.265227614856810590e+01 9.265227614856823379e+01 1.041992815323608994e+02 1.183414171560920352e+02 1.383414171561425974e+02 1.458994645498189300e+02 1.258994645497834597e+02 1.169551926397841868e+02 1.102885259731174301e+02 1.047415240108650636e+02 9.989081151013834869e+01 1.116041310026582352e+02 9.427720260629040183e+01 1.048665802867139547e+02 9.602729194044306382e+01 9.665168641373225000e+01 7.665168641373124103e+01 8.819869179752390664e+01 1.023408274212550566e+02 1.223408274212705464e+02 1.174336861777486405e+02 9.743368617774314089e+01 1.174336861777486405e+02 1.094179415610222463e+02 1.058811929535134055e+02 1.194969439196212875e+02 1.095523600441219969e+02 8.955236004411912631e+01 1.010993654279117919e+02 1.152415010516429277e+02 1.352415010516739642e+02
1.261429867842979888e+02 1.120008511605668531e+02 1.004538457767741875e+02 9.045384577677404536e+01 8.150957386677477245e+01 7.334460805749741041e+01 8.150957386677477245e+01 9.045384577677404536e+01 1.004538457767741875e+02 1.120008511605668531e+02 1.261429867842979888e+02 1.461429867843824866e+02 1.400416001735156044e+02 1.310973282635163173e+02 1.302885259731298220e+02 1.155264537054231937e+02 9.552645370541844727e+01 9.160413100265471087e+01 8.795264728595356019e+01 8.486658028671168097e+01 8.188515631671192807e+01 7.902801345956903845e+01 7.619958633482281130e+01 8.774659171861547691e+01 1.018887273423466127e+02 1.218887273423616762e+02 1.124336861777469494e+02 9.243368617774308404e+01 1.124336861777469494e+02 9.941794156102210422e+01 9.433418756972073993e+01 9.949694391961142514e+01 1.063794393350398195e+02 8.847870378992908513e+01 1.084787037899317994e+02 1.152571301293868089e+02 1.195211444565004228e+02
1.251746154578036681e+02 1.162303435477988671e+02 1.091592757359308337e+02 1.031290488443743953e+02 9.298198919535094831e+01 7.298198919535046514e+01 8.114695500462782718e+01 9.009122691462710009e+01 1.000912269146272422e+02 1.116382322984199078e+02 1.257803679221510436e+02 1.457803679222339213e+02 1.600416001736392673e+02 1.510973282635842452e+02 1.393394655008555389e+02 1.270734590892236753e+02 1.070734590892111129e+02 1.057462666263858466e+02 1.079526472859563029e+02 1.048665802867139547e+02 1.018851563167137471e+02 9.575359752677239555e+01 7.575359752677151448e+01 9.575359752677239555e+01 1.108116598576048943e+02 1.117207507666961703e+02 1.078453715003345366e+02 8.784537150033179387e+01 1.078453715003345366e+02 9.047366965102283132e+01 8.433418756972061203e+01 8.535480829588027518e+01 8.637943933503740368e+01 8.740812833478469202e+01 9.125713012938224722e+01 9.525713012938228985e+01 9.952114445649455376e+01
1.051746154577924273e+02 9.623034354779315436e+01 8.915927573592759359e+01 8.312904884437223529e+01 7.778382400612368031e+01 7.261984621118038774e+01 8.078481202045774978e+01 8.972908393045702269e+01 9.972908393045716480e+01 1.112760893142498304e+02 1.254182249379809662e+02 1.454182249380622807e+02 1.534816011246497283e+02 1.334816011245629852e+02 1.193394655008308547e+02 1.393394655008555389e+02 1.270734590892236753e+02 1.257462666264005264e+02 1.153250034413521661e+02 1.071600376320721040e+02 1.004933709654041820e+02 9.446314407384781475e+01 7.530794100894992482e+01 9.530794100895074905e+01 9.081165985759903947e+01 9.172075076668994598e+01 9.849243846772999689e+01 8.358135717321952995e+01 1.003570364317603207e+02 8.230870384174546928e+01 8.332014731659381823e+01 1.033201473165957935e+02 1.063794393350398195e+02 1.074081283347872500e+02 1.112571301293854873e+02 1.152571301293868089e+02 1.195211444565004228e+02
1.251746154578036681e+02 1.162303435477988671e+02 1.091592757359308337e+02 1.031290488443743953e+02 9.225900229293725374e+01 7.225900229293687005e+01 8.120327420293614296e+01 9.120327420293628506e+01 1.027502795867289507e+02 1.168924152104600864e+02 1.368924152105068401e+02 1.560843345984703490e+02 1.360843345983563779e+02 1.219421989746242474e+02 1.103951935908315818e+02 1.303951935908446558e+02 1.268720088251539124e+02 1.068720088251392610e+02 9.532500344134659542e+01 8.716003763206923338e+01 8.049337096540247671e+01 7.446314407384711842e+01 7.486250560576254998e+01 7.576509297057560843e+01 7.666952423386788951e+01 7.757861514295881022e+01 7.849243846772871791e+01 7.941106889207797792e+01 8.035703643175878597e+01 8.130619442751128645e+01 8.530619442751134329e+01 8.947648270865289533e+01 9.394861866365252467e+01 9.879933116437923957e+01 1.041445560026277946e+02 1.101747828941831528e+02 1.172458507060487136e+02
1.375831466655936595e+02 1.234410110418325530e+02 1.134410110418262718e+02 1.052760452325463802e+02 9.189856879117675703e+01 7.189856879117643018e+01 9.189856879117675703e+01 1.020475133872052709e+02 1.080777402787616381e+02 1.151488080906295863e+02 1.182352156243545949e+02 1.382352156243933052e+02 1.382127738942580777e+02 1.182127738942258759e+02 1.040706382704947401e+02 1.182127738942258759e+02 1.382127738942580777e+02 1.268720088251539124e+02 1.153250034413521661e+02 1.071600376320721040e+02 9.406481356339529043e+01 7.406481356339466515e+01 9.406481356339529043e+01 9.576509297057647530e+01 9.081165985759903947e+01 9.172075076668994598e+01 9.003944385152138352e+01 9.095807427587064353e+01 1.003570364317603207e+02 8.577833038251091580e+01 1.053061944275136597e+02 1.036186183323840453e+02 1.080907542873836746e+02 1.129414667881103753e+02 1.182866916263589303e+02 1.243169185179143028e+02 1.313879863297808583e+02
1.175831466655523911e+02 1.034410110418212412e+02 9.344101104182109907e+01 8.527604523254373703e+01 7.820497742067817626e+01 7.153831075401141959e+01 7.670228854895471216e+01 8.204751338720326714e+01 8.807774027875862544e+01 9.514880809062418621e+01 1.040930800006234591e+02 1.240930800006340746e+02 1.330487960993062018e+02 1.130487960992825833e+02 9.890666047555144758e+01 1.189066604755575156e+02 1.364348597838525734e+02 1.164348597838148578e+02 1.182698939745477844e+02 1.116032273078771482e+02 9.366671984906622583e+01 7.366671984906564319e+01 8.780885547279677894e+01 1.078088554728017812e+02 1.108116598576048943e+02 1.117207507666961703e+02 1.041815794752525335e+02 1.051002098996017935e+02 1.103666450599253750e+02 9.036664505992220597e+01 1.103666450599253750e+02 1.236186183323970198e+02 1.280907542874021772e+02 1.329414667881332264e+02 1.382866916263904784e+02 1.443169185179599197e+02 1.513879863298519979e+02
