notebooks/tutorials/flow__distance_utility/nocella_resampled.txt
ncols         170
nrows         165
xllcorner     2348666.9250883
yllcorner     4208067.9534028
cellsize      100
NODATA_value  -9999
[rows 84 to 125 of 165, columns 0 to 95 of 170]
-9999 -9999 -9999 -9999 -9999 -9999 -9999 -9999 -9999 -9999 -9999 -9999 4 10 18 23 19 9 15 21 29 32 35 40 51 61 82 85 86 87 86 88 94 95 96 98 99 99 86 96 104 107 104 107 110 110 111 111 107 107 108 117 117 118 120 125 126 125 126 128 130 129 127 122 121 126 124 112 112 114 114 115 118 119 126 143 145 143 139 141 148 143 146 168 180 189 190 187 176 203 215 228 232 242 235 234
-9999 -9999 -9999 -9999 -9999 -9999 -9999 -9999 -9999 -9999 1 9 20 23 25 27 26 15 14 15 14 19 33 47 61 75 85 87 90 91 89 91 95 96 98 99 102 103 103 105 109 106 111 105 110 111 113 114 113 115 108 112 111 119 120 127 128 131 128 127 128 128 129 132 131 130 133 131 131 131 130 130 128 129 121 123 128 130 134 142 152 165 164 158 157 160 162 167 183 205 214 213 217 216 213 211
-9999 -9999 -9999 -9999 -9999 -9999 -9999 -9999 -9999 1 12 19 26 26 28 28 29 27 30 30 22 19 31 49 67 81 87 88 91 93 92 92 97 98 99 102 104 105 106 109 107 107 112 110 107 108 111 113 116 117 116 116 113 116 117 128 126 127 127 128 128 127 128 130 130 133 134 135 137 137 134 136 137 141 139 126 125 127 131 142 151 166 169 170 168 169 170 178 188 203 205 200 200 206 202 192
-9999 -9999 -9999 -9999 -9999 -9999 -9999 -9999 13 19 26 27 28 29 30 30 32 32 36 36 34 26 27 40 67 86 91 94 94 96 96 96 100 101 101 103 105 106 108 108 107 110 112 112 109 109 111 115 116 117 121 120 120 114 114 116 116 118 117 121 121 121 124 127 129 132 134 137 138 140 142 143 146 148 149 156 149 144 150 140 136 148 161 168 164 157 152 156 159 192 191 184 187 189 182 178
-9999 -9999 -9999 -9999 -9999 -9999 1 8 24 27 29 29 30 31 31 31 34 34 37 40 41 32 30 25 58 81 92 97 94 98 98 97 101 104 103 104 105 106 110 108 108 111 112 112 111 109 111 117 117 117 119 120 122 121 118 116 121 117 117 119 123 126 126 129 128 129 131 134 136 141 144 146 147 151 154 158 159 157 157 145 139 141 148 154 149 150 154 157 154 177 178 169 174 178 179 189
24 27 28 10 10 5 12 21 27 27 30 32 34 33 35 36 37 38 44 48 57 57 60 51 38 59 93 97 97 100 102 102 103 104 105 104 108 108 108 109 110 112 113 114 115 113 113 120 117 119 123 124 126 124 123 119 124 124 126 122 122 122 127 130 132 133 133 133 136 139 140 145 150 150 155 158 161 164 163 163 154 141 142 142 149 157 163 165 161 162 163 176 175 183 197 207
29 30 31 30 27 10 17 25 29 31 30 33 35 35 37 38 41 43 53 59 68 72 70 63 39 58 96 96 99 102 103 104 104 107 107 107 110 106 107 109 111 112 114 115 116 114 113 122 118 120 124 128 128 128 128 122 124 126 128 131 129 125 125 126 126 134 134 135 138 140 140 148 154 153 154 156 160 165 167 166 169 164 156 152 157 164 175 174 169 169 174 180 177 189 203 210
34 35 35 34 31 22 17 23 31 31 33 34 39 41 40 42 48 56 66 79 83 87 83 70 39 84 90 93 99 102 106 107 107 104 109 112 109 110 111 111 112 115 116 117 119 119 114 117 123 121 123 128 130 130 130 128 127 122 130 135 131 132 131 133 130 131 133 135 135 139 141 146 150 153 158 161 160 165 168 169 171 173 176 174 180 181 184 182 178 169 178 189 186 184 188 193
43 47 40 38 31 27 19 24 33 33 34 35 42 44 45 45 52 63 77 87 90 88 86 78 52 82 90 91 94 97 107 106 108 106 112 109 110 111 113 113 113 116 118 118 118 116 115 117 124 123 123 125 126 129 132 133 132 124 128 133 134 136 137 140 136 131 133 144 144 142 143 145 150 152 154 158 161 164 168 172 173 175 178 179 180 183 186 186 183 179 174 187 198 191 187 190
65 68 52 50 45 38 29 22 32 35 37 39 45 50 53 50 62 71 87 93 91 88 88 92 96 91 82 86 95 101 96 96 107 110 109 110 108 110 112 114 117 118 120 121 120 119 117 116 124 125 126 125 124 130 133 134 137 135 136 131 131 138 140 142 141 136 133 138 142 149 149 151 154 154 154 156 160 165 165 172 172 177 179 180 181 185 187 189 189 189 188 182 184 190 196 194
71 73 68 62 65 47 39 31 24 33 39 42 46 47 51 57 70 79 93 95 91 87 88 92 99 101 99 84 94 108 107 97 105 108 110 107 110 112 111 115 119 122 122 122 122 120 117 117 118 125 126 126 126 132 133 134 137 138 139 138 131 137 140 142 144 141 142 138 139 142 148 154 157 156 157 159 161 162 164 168 169 173 174 176 179 181 183 186 191 192 194 196 193 187 200 200
70 75 76 73 78 68 53 49 39 29 41 41 45 48 58 67 83 90 97 99 96 91 89 92 102 105 104 83 102 107 109 107 112 108 108 111 112 114 112 114 119 122 124 124 123 123 122 118 118 122 124 126 127 131 134 132 134 137 139 137 137 134 136 138 138 143 146 146 147 146 146 149 153 160 163 164 165 166 170 171 172 177 179 181 183 185 186 190 193 195 199 200 202 197 194 207
71 76 77 79 82 79 74 67 48 34 43 48 48 52 65 73 92 95 99 101 98 94 89 92 102 107 105 89 108 107 109 111 109 109 114 112 114 115 112 112 115 119 125 125 124 125 123 122 119 122 122 123 127 130 129 130 132 133 134 137 140 139 138 143 140 142 143 144 149 154 151 150 154 160 164 166 168 171 172 175 177 179 182 183 184 188 189 193 195 198 199 205 205 207 201 200
72 70 79 83 85 84 87 88 58 39 42 44 50 55 66 79 97 98 100 104 103 100 93 92 101 107 106 89 100 108 112 113 115 112 116 117 118 119 116 117 119 116 120 124 126 127 126 123 122 124 124 123 124 128 129 130 132 134 135 135 138 141 140 143 144 147 148 151 148 153 156 155 154 157 159 162 164 167 169 173 177 182 183 182 185 187 191 195 196 199 203 207 210 215 216 217
78 75 74 84 86 87 89 89 66 47 36 40 55 64 67 75 95 100 102 105 105 104 96 96 104 110 107 89 95 103 114 115 116 113 114 120 120 123 118 120 120 118 122 124 126 128 127 124 123 124 127 127 125 128 129 133 134 135 137 136 137 141 142 144 147 149 149 152 151 153 156 157 157 157 159 163 165 169 170 174 177 177 176 178 181 185 190 195 196 200 204 209 212 217 220 225
74 73 73 75 87 89 92 92 83 62 44 42 59 72 88 86 91 100 105 106 107 103 106 104 112 112 111 92 109 101 109 116 121 120 117 119 123 124 120 123 123 120 124 126 128 129 129 127 124 127 131 132 132 131 129 135 137 140 142 141 141 140 142 147 151 151 151 154 152 151 150 153 155 157 160 164 167 168 170 172 173 176 179 182 186 188 191 194 194 199 203 208 213 219 223 230
70 66 75 78 81 91 93 94 90 68 49 44 59 74 96 100 98 101 107 107 109 107 112 105 114 114 104 97 113 108 112 111 121 115 120 118 122 122 120 124 125 121 124 126 128 130 130 129 128 123 127 132 134 134 130 132 134 138 139 142 142 140 142 145 148 149 148 151 150 151 151 157 157 160 161 163 165 172 174 175 175 180 183 184 185 191 193 197 197 200 204 210 214 221 227 237
60 64 80 87 80 84 94 96 95 79 59 49 59 70 92 105 109 102 101 104 111 111 113 111 113 117 111 98 119 116 110 116 114 116 119 118 122 124 122 122 127 125 124 127 130 131 131 131 131 130 125 128 133 136 135 134 139 144 144 144 147 144 143 145 145 147 147 150 151 153 155 159 164 168 171 173 172 168 173 175 177 181 182 185 187 193 192 195 198 203 206 210 216 224 239 257
61 64 75 82 86 86 96 98 98 90 71 58 55 72 93 99 110 112 109 108 111 113 113 113 113 118 96 108 116 123 114 116 122 115 122 123 123 125 123 123 128 128 125 124 129 132 132 133 133 131 126 128 129 137 140 136 140 148 148 146 147 147 146 149 148 148 150 152 153 154 153 158 159 163 166 170 171 173 175 176 177 180 183 185 186 190 193 196 199 203 207 211 215 237 251 277
72 66 66 71 82 88 96 100 101 103 100 77 56 75 106 110 107 109 115 114 109 117 117 118 117 119 99 106 121 124 117 115 125 122 119 122 124 124 126 127 129 129 128 129 127 130 133 134 136 134 132 131 133 139 142 144 142 147 147 149 148 150 149 153 154 152 150 154 157 156 159 165 167 163 163 171 173 175 176 179 181 183 184 188 190 192 194 198 201 206 210 217 221 272 280 283
83 73 68 68 77 84 100 103 104 106 105 89 62 71 104 112 114 110 116 114 111 116 121 120 115 120 108 109 121 125 119 115 123 125 124 122 122 124 127 128 131 131 130 130 128 130 135 135 136 132 133 135 135 139 143 145 145 145 147 150 150 152 152 155 156 155 157 160 159 158 158 165 168 170 168 169 172 176 178 180 183 185 185 188 192 195 196 198 203 210 217 226 232 278 283 289
94 91 79 72 74 84 101 104 106 107 108 107 75 65 102 110 116 115 118 118 116 119 121 123 121 123 120 116 116 124 125 122 118 120 125 125 126 126 125 127 129 132 132 132 132 132 134 139 137 137 136 137 140 143 146 148 148 148 150 151 153 155 155 158 159 159 159 163 162 161 161 166 168 172 173 171 171 174 177 179 181 184 186 189 192 194 197 202 207 227 235 249 263 282 288 301
93 96 84 82 76 79 100 105 107 108 109 109 93 68 92 114 118 118 115 118 112 121 123 125 125 121 125 108 113 122 128 125 121 122 123 124 126 129 128 126 129 131 133 133 134 135 134 139 140 141 139 139 143 146 149 148 151 149 148 152 155 157 156 160 161 160 160 164 165 163 162 166 169 171 173 173 175 175 178 180 181 183 186 190 193 196 200 204 211 230 236 255 271 284 292 304
86 90 99 96 81 85 87 103 108 111 112 113 109 79 104 117 120 121 121 119 122 117 125 125 128 126 129 120 112 114 131 131 125 127 133 133 127 128 132 133 132 129 133 134 136 137 133 137 146 142 142 145 146 150 150 150 151 153 152 154 155 158 160 162 163 166 163 167 169 167 164 171 172 177 177 179 178 181 183 183 186 186 188 190 194 199 203 207 218 233 243 256 271 290 302 314
89 89 104 102 90 89 105 95 109 111 114 115 116 103 105 118 121 120 124 121 125 118 126 125 131 129 130 128 119 116 127 131 128 128 134 135 132 130 133 133 135 132 132 132 136 138 139 139 146 144 144 151 148 152 151 151 152 154 155 156 157 161 162 164 164 167 167 169 170 169 171 172 174 178 182 182 184 185 186 188 187 191 190 192 194 198 203 211 223 240 247 261 272 292 305 329
106 88 106 106 107 97 108 112 106 112 114 117 117 110 86 111 120 120 125 125 126 124 118 120 124 129 133 135 128 122 126 131 131 132 131 133 135 135 132 131 135 137 137 137 136 141 143 143 149 148 147 148 151 153 153 154 154 156 157 159 161 164 165 167 168 169 169 170 175 174 178 177 178 180 181 185 190 191 191 193 194 196 198 199 197 202 207 223 235 247 256 269 286 299 314 329
110 98 107 109 110 110 101 113 115 107 110 113 117 113 107 89 110 117 123 126 126 127 123 123 124 123 134 136 132 125 118 130 135 135 133 133 137 137 135 134 136 138 140 139 139 142 145 143 147 149 150 150 153 155 156 155 157 159 158 160 163 166 167 170 171 171 171 174 174 176 178 180 179 181 183 190 190 193 195 197 202 201 201 202 201 206 212 228 241 250 264 271 287 311 330 347
112 109 110 114 116 116 106 112 118 118 116 114 114 117 118 118 102 122 128 129 126 129 123 124 135 132 127 134 139 136 125 126 132 135 137 137 141 140 138 136 136 139 142 142 143 146 147 146 145 154 152 155 157 158 158 159 159 162 161 167 167 169 173 175 177 179 176 179 178 181 180 183 183 186 187 191 193 196 201 205 207 208 207 210 209 212 217 231 245 257 271 294 314 336 353 395
111 111 101 114 119 116 109 113 114 119 116 118 112 116 121 121 100 123 125 128 129 131 126 128 130 133 129 135 139 139 132 123 128 135 138 141 145 142 137 137 139 138 144 144 145 147 147 151 149 154 153 155 159 161 162 162 162 165 164 168 169 173 180 181 181 181 178 179 180 183 182 186 186 188 190 194 195 199 208 212 213 212 212 213 214 217 220 234 246 268 286 304 328 359 383 516
109 110 104 109 118 116 115 115 115 113 119 123 119 120 117 122 105 106 108 117 122 129 131 130 134 137 138 132 139 139 140 136 128 140 141 144 145 144 143 139 139 140 145 147 148 148 152 150 156 156 155 157 164 172 173 168 166 168 171 172 178 182 182 183 183 182 179 183 183 184 184 187 188 190 192 196 200 205 215 223 225 220 221 222 224 227 229 251 265 295 311 348 369 424 498 517
110 113 108 107 117 117 118 116 118 117 121 119 120 119 125 121 118 121 125 118 111 123 133 134 138 140 140 134 138 139 143 142 129 140 140 144 146 145 148 140 141 143 148 148 152 151 154 153 158 156 157 159 168 175 175 174 169 173 176 179 181 184 184 183 181 179 181 184 182 184 185 188 190 192 194 198 202 209 221 234 234 227 229 228 230 238 243 266 281 319 351 399 434 501 510 512
113 113 113 109 114 120 121 119 119 118 120 119 119 123 126 126 126 128 127 128 113 117 123 122 131 135 138 141 139 136 146 147 139 136 136 139 147 147 149 143 144 146 153 152 156 157 158 156 156 158 160 162 166 177 177 173 173 180 181 183 184 185 185 182 181 182 184 186 187 189 190 191 193 197 199 203 207 217 223 237 240 240 246 245 247 257 272 303 324 382 423 463 475 488 494 511
114 114 112 109 115 114 118 118 120 118 123 125 123 124 124 128 124 129 129 132 120 123 125 120 137 139 138 141 146 140 145 148 145 143 140 139 144 147 152 147 148 150 155 155 159 158 159 160 158 158 159 163 165 176 178 177 178 180 183 184 185 186 185 181 181 183 186 188 190 191 192 193 195 201 202 208 217 225 232 238 244 247 255 273 297 295 306 339 362 413 442 451 456 475 493 517
116 118 117 112 120 119 118 121 124 121 125 128 123 125 127 128 131 127 134 135 124 136 137 130 128 131 142 143 147 145 142 145 150 151 147 147 144 148 154 150 151 154 159 160 161 162 163 164 163 162 164 163 166 171 177 180 181 183 184 185 185 188 184 183 183 186 189 192 192 195 195 198 197 203 207 214 219 229 237 252 259 264 269 284 297 314 323 343 356 382 406 445 481 503 512 525
122 121 120 115 121 123 117 122 128 129 122 123 125 129 130 129 132 130 137 138 133 127 140 141 141 131 138 135 140 141 146 144 151 150 151 150 145 148 156 153 154 156 163 163 163 165 167 164 162 161 167 167 172 174 174 179 183 186 184 186 186 187 184 184 185 187 190 193 194 196 198 201 200 202 209 213 217 227 237 253 263 267 276 287 298 315 325 345 354 372 398 455 476 508 521 536
121 121 122 120 116 124 124 120 126 130 128 127 130 130 135 133 136 132 139 143 140 141 137 146 146 143 136 143 141 147 148 149 146 150 153 154 152 149 156 158 160 161 164 165 167 170 169 163 167 165 168 170 174 177 180 181 181 185 184 185 188 186 186 185 187 188 191 193 196 198 200 202 203 204 207 214 216 224 234 247 257 270 282 294 304 317 325 344 366 387 416 465 490 525 552 560
120 121 124 121 117 122 129 131 122 126 130 131 130 133 135 137 136 138 141 146 145 144 137 138 144 148 146 144 143 149 150 154 148 152 158 158 155 152 157 161 166 165 166 166 169 174 171 165 167 167 169 173 178 180 183 183 181 183 183 185 187 187 186 186 188 190 191 195 195 200 200 203 206 209 212 212 216 225 241 251 258 274 284 298 309 324 329 341 362 406 419 462 494 533 572 573
123 122 127 127 126 121 126 132 126 126 133 136 129 132 138 139 140 139 137 140 147 149 140 144 149 148 151 149 144 152 154 159 155 153 156 162 157 156 154 156 166 166 170 171 175 172 168 169 169 171 171 181 183 185 186 187 184 183 185 185 187 188 189 188 186 187 192 195 198 201 203 206 208 213 215 217 221 229 236 254 267 290 298 312 325 334 346 360 375 401 435 452 486 547 569 583
125 126 125 130 132 124 127 126 131 128 131 134 135 134 141 142 146 141 137 143 150 152 142 145 153 151 151 149 145 153 157 158 160 159 159 165 161 161 155 154 160 160 165 172 178 174 170 172 176 175 172 181 180 185 188 189 187 186 189 187 189 191 190 190 189 189 193 199 200 204 207 208 210 216 217 219 223 235 249 262 268 295 305 317 335 345 353 370 382 399 419 458 526 552 569 582
124 127 131 129 131 127 133 133 132 132 137 139 141 138 147 146 149 149 143 145 152 153 144 147 155 156 150 147 144 151 158 161 166 165 163 170 168 166 162 166 164 165 165 171 182 178 174 174 176 178 178 178 181 185 189 192 190 193 193 190 192 194 193 195 195 196 206 214 216 215 215 216 217 222 225 228 229 241 255 270 283 303 315 333 341 355 367 382 392 436 444 473 529 555 563 583
122 130 135 132 134 132 131 137 136 138 136 142 145 140 147 148 149 151 147 147 150 154 147 148 155 156 151 152 150 148 158 159 165 166 165 172 170 168 164 166 170 168 165 169 175 180 180 179 177 182 179 181 182 185 195 194 194 197 195 194 194 196 196 198 199 209 219 240 242 238 228 225 220 227 235 237 236 246 258 289 302 345 353 362 355 377 382 401 424 465 459 526 514 545 561 576
103 127 135 136 136 139 135 136 138 143 137 140 150 145 144 151 153 152 151 153 151 155 153 148 152 159 159 160 153 151 148 155 154 156 164 165 172 173 170 166 171 176 170 169 176 184 187 184 180 187 188 187 192 193 190 199 200 200 198 199 199 199 203 208 214 239 267 324 366 293 267 239 236 241 246 253 244 279 280 327 353 386 397 391 389 406 411 441 461 499 510 543 538 545 561 579
