notebooks/tutorials/flow__distance_utility/nocella_resampled.txt
ncols         170
nrows         165
xllcorner     2348666.9250883
yllcorner     4208067.9534028
cellsize      100
NODATA_value  -9999
[rows 42 to 83 of 165, columns 0 to 95 of 170]
-9999 -9999 -9999 -9999 -9999 -9999 -9999 -9999 -9999 -9999 -9999 -9999 -9999 -9999 -9999 -9999 -9999 -9999 -9999 -9999 -9999 -9999 40 48 56 58 61 62 68 70 81 84 96 104 124 126 157 200 255 298 359 382 440 492 628 632 633 632 625 620 611 604 599 574 538 498 450 398 353 308 292 280 307 345 369 335 326 329 368 441 496 573 593 616 619 630 644 691 724 771 791 797 791 759 766 740 744 760 790 840 870 847 808 758 720 648
-9999 -9999 -9999 -9999 -9999 -9999 -9999 -9999 -9999 -9999 -9999 -9999 -9999 -9999 -9999 -9999 -9999 -9999 -9999 -9999 -9999 -9999 40 46 56 57 61 62 67 68 78 82 93 102 114 131 126 171 223 266 313 336 392 438 489 584 633 632 624 621 611 605 597 592 575 538 486 415 372 317 294 271 282 311 319 304 314 346 386 473 531 568 585 613 628 653 674 720 746 777 794 816 825 819 811 791 773 775 812 878 907 885 838 773 724 661
-9999 -9999 -9999 -9999 -9999 -9999 -9999 -9999 -9999 -9999 -9999 -9999 -9999 -9999 -9999 -9999 -9999 -9999 -9999 -9999 -9999 -9999 23 47 53 55 59 61 66 66 72 79 88 94 104 118 135 126 165 208 252 289 344 394 461 619 634 632 624 615 610 599 598 593 589 582 528 453 400 344 310 265 272 280 293 325 359 407 420 510 532 563 581 604 628 651 672 716 744 775 794 824 849 867 862 865 847 813 828 868 871 863 852 792 747 687
-9999 -9999 -9999 -9999 -9999 -9999 -9999 -9999 -9999 -9999 -9999 -9999 -9999 -9999 -9999 -9999 -9999 -9999 -9999 -9999 -9999 -9999 -9999 44 51 54 58 60 64 64 71 74 86 92 99 114 132 129 142 165 214 261 320 377 447 647 634 630 622 613 604 595 590 587 582 574 549 478 429 364 313 260 268 297 319 355 399 459 476 505 535 564 582 602 617 644 666 708 737 775 793 827 858 889 886 899 894 877 873 831 824 831 820 793 751 682
-9999 -9999 -9999 -9999 -9999 -9999 -9999 -9999 -9999 -9999 -9999 -9999 -9999 -9999 -9999 -9999 -9999 -9999 -9999 -9999 -9999 -9999 -9999 27 52 56 58 61 65 63 70 73 82 91 100 109 119 136 133 135 162 218 297 356 455 649 633 626 614 602 597 586 583 580 568 561 536 506 471 377 317 256 283 352 377 414 436 478 500 524 545 567 582 588 595 623 650 695 725 760 788 834 867 903 917 929 935 901 851 801 794 791 763 720 701 656
-9999 -9999 -9999 -9999 -9999 -9999 -9999 -9999 -9999 -9999 -9999 -9999 -9999 -9999 -9999 -9999 -9999 -9999 -9999 -9999 -9999 -9999 -9999 15 52 55 59 62 65 64 70 73 82 92 101 107 115 129 139 142 151 196 287 340 486 594 629 623 611 598 591 580 577 574 560 545 522 497 473 382 319 253 280 355 414 458 471 483 496 522 547 560 556 583 609 633 649 689 711 750 780 842 874 904 922 949 955 905 866 795 770 755 728 678 659 617
-9999 -9999 -9999 -9999 -9999 -9999 -9999 -9999 -9999 -9999 -9999 -9999 -9999 -9999 -9999 -9999 -9999 -9999 -9999 -9999 -9999 -9999 -9999 14 49 52 59 62 66 66 70 73 81 90 100 108 115 122 142 139 149 173 264 314 404 465 625 617 605 591 573 565 564 562 553 530 514 485 441 344 304 247 272 351 406 458 468 481 489 508 519 533 570 606 624 644 656 679 694 737 773 832 865 898 925 957 957 890 830 773 739 704 688 665 647 580
-9999 -9999 -9999 -9999 -9999 -9999 -9999 -9999 -9999 -9999 -9999 -9999 -9999 -9999 -9999 -9999 -9999 -9999 -9999 -9999 -9999 -9999 -9999 15 52 54 59 63 66 67 71 72 81 88 95 105 115 121 143 148 160 171 246 295 406 438 617 612 596 580 566 552 546 556 551 530 509 476 453 378 314 244 268 344 407 445 437 440 464 487 519 564 585 613 629 636 646 673 692 731 763 815 846 894 921 945 939 877 824 764 743 711 693 703 691 642
-9999 -9999 -9999 -9999 -9999 -9999 -9999 -9999 -9999 -9999 -9999 -9999 -9999 -9999 -9999 -9999 -9999 -9999 -9999 -9999 -9999 -9999 -9999 42 57 57 62 65 67 69 73 73 82 86 94 102 112 117 132 145 158 158 226 273 337 437 599 603 579 560 553 524 523 541 544 523 494 462 438 332 284 235 258 328 343 367 405 484 500 528 552 576 590 612 610 599 631 664 682 711 737 792 828 884 906 912 897 846 826 812 795 756 744 722 698 638
-9999 -9999 -9999 -9999 -9999 -9999 -9999 -9999 -9999 -9999 -9999 -9999 -9999 -9999 -9999 -9999 -9999 -9999 -9999 -9999 -9999 -9999 -9999 42 55 61 65 67 69 71 77 76 85 88 94 99 110 117 130 145 152 161 210 256 322 444 590 596 567 549 538 515 502 520 522 509 480 450 418 313 268 237 263 291 328 386 425 474 483 503 536 567 581 573 550 579 639 664 678 709 730 777 814 867 890 891 869 825 813 843 834 792 758 703 673 643
-9999 -9999 -9999 -9999 -9999 -9999 -9999 -9999 -9999 -9999 -9999 -9999 -9999 -9999 -9999 -9999 -9999 -9999 -9999 -9999 -9999 -9999 42 54 58 62 66 69 73 76 83 88 89 91 95 100 111 119 130 140 152 162 184 243 302 425 574 567 559 531 516 489 457 486 480 480 454 434 346 282 240 234 258 299 329 360 371 392 391 433 472 513 522 494 501 578 633 665 675 697 711 767 794 818 829 838 825 796 799 826 835 767 742 702 694 669
-9999 -9999 -9999 -9999 -9999 -9999 -9999 -9999 -9999 -9999 -9999 -9999 -9999 -9999 -9999 -9999 -9999 -9999 -9999 -9999 -9999 -9999 45 57 62 65 67 68 73 77 87 88 90 91 95 101 112 119 131 139 152 165 196 232 304 418 520 550 535 514 493 463 425 465 469 452 437 398 341 264 228 231 256 285 298 314 327 332 352 397 424 466 472 465 515 598 640 663 671 687 696 736 747 775 802 802 790 776 793 823 838 794 773 728 693 659
-9999 -9999 -9999 -9999 -9999 -9999 -9999 -9999 -9999 -9999 -9999 -9999 -9999 -9999 -9999 -9999 -9999 -9999 -9999 -9999 -9999 7 52 54 62 65 68 68 72 79 87 89 90 91 95 101 109 117 129 140 153 169 206 235 308 389 455 516 498 460 440 395 362 422 437 442 407 339 289 233 215 224 245 264 272 286 293 306 318 345 381 404 406 471 528 583 627 653 659 664 662 668 684 722 733 745 736 755 776 800 802 800 764 706 681 644
-9999 -9999 -9999 -9999 -9999 -9999 -9999 -9999 -9999 -9999 -9999 -9999 -9999 -9999 -9999 -9999 -9999 -9999 -9999 -9999 -9999 4 49 51 59 60 67 69 73 79 85 88 90 91 94 98 107 115 127 139 157 171 210 237 302 353 436 506 484 426 393 351 339 387 420 425 385 311 268 220 208 217 240 259 258 279 289 296 310 331 349 378 396 453 492 552 604 636 649 644 625 631 651 681 693 711 733 758 782 783 761 760 752 704 680 644
-9999 -9999 -9999 -9999 -9999 -9999 -9999 -9999 -9999 -9999 -9999 -9999 -9999 -9999 -9999 -9999 -9999 -9999 -9999 -9999 -9999 -9999 31 40 57 60 68 69 74 76 80 85 90 92 94 99 106 115 126 137 155 167 205 235 298 351 512 522 509 449 403 346 308 311 343 354 333 279 239 205 197 218 226 238 245 259 271 289 301 324 338 357 380 420 457 526 567 577 580 584 618 669 690 714 726 743 754 770 771 743 722 719 706 679 668 632
-9999 -9999 -9999 -9999 -9999 -9999 -9999 -9999 -9999 -9999 -9999 -9999 -9999 -9999 -9999 -9999 -9999 -9999 -9999 -9999 -9999 -9999 16 25 57 64 68 69 72 74 75 77 87 89 93 97 105 111 124 135 151 164 200 232 302 364 493 546 532 470 432 357 315 284 293 306 293 256 221 198 194 213 220 235 246 258 269 289 300 318 332 354 374 433 474 528 550 522 546 610 632 669 689 711 722 735 743 738 731 722 693 720 701 679 668 636
-9999 -9999 -9999 -9999 -9999 -9999 -9999 -9999 -9999 -9999 -9999 -9999 -9999 -9999 -9999 -9999 -9999 -9999 -9999 -9999 -9999 -9999 -9999 -9999 43 52 67 68 70 71 73 73 77 81 92 94 104 107 119 129 142 158 196 227 303 356 450 510 534 492 452 387 350 290 259 249 243 221 199 186 199 212 220 236 246 260 272 289 306 331 345 359 365 414 442 466 459 542 601 629 644 663 676 690 703 714 717 704 686 694 689 685 679 669 660 639
-9999 -9999 -9999 -9999 -9999 -9999 -9999 -9999 -9999 -9999 -9999 -9999 -9999 -9999 -9999 -9999 -9999 -9999 -9999 -9999 -9999 -9999 -9999 -9999 23 44 65 67 69 71 72 72 75 77 90 94 101 105 116 128 139 154 189 223 287 343 428 530 534 504 469 416 374 309 273 236 222 210 195 180 195 210 219 229 240 256 271 306 328 358 380 394 395 393 409 441 480 554 597 618 627 638 653 670 682 694 697 675 662 684 670 656 657 656 653 639
-9999 -9999 -9999 -9999 -9999 -9999 -9999 -9999 -9999 -9999 -9999 -9999 -9999 -9999 -9999 -9999 -9999 -9999 -9999 -9999 -9999 -9999 -9999 -9999 -9999 40 63 67 70 70 71 71 73 76 83 94 98 102 113 119 132 147 176 199 252 302 404 496 526 492 437 386 366 325 270 235 220 192 189 184 191 205 218 241 256 278 297 335 376 390 415 445 453 453 467 499 534 565 587 595 600 614 626 642 645 647 652 634 656 656 643 632 640 639 636 626
-9999 -9999 -9999 -9999 -9999 -9999 -9999 -9999 -9999 -9999 -9999 -9999 -9999 -9999 -9999 -9999 -9999 -9999 -9999 -9999 -9999 -9999 -9999 -9999 -9999 19 57 66 70 69 71 70 73 76 82 93 97 100 110 115 126 140 160 186 228 257 312 365 446 416 396 359 349 315 277 230 214 195 177 182 193 212 231 263 275 300 316 349 384 410 428 454 469 488 503 529 545 565 582 587 591 607 614 617 620 625 632 613 641 641 637 621 629 619 622 612
-9999 -9999 -9999 -9999 -9999 -9999 -9999 -9999 -9999 -9999 -9999 -9999 -9999 -9999 -9999 -9999 -9999 -9999 -9999 -9999 -9999 -9999 -9999 -9999 -9999 9 55 56 66 68 70 71 72 74 80 85 97 99 106 112 120 130 148 154 178 204 249 276 331 347 334 310 302 289 263 218 206 183 165 191 211 250 260 306 323 332 338 368 395 419 432 467 480 498 514 546 554 566 573 577 581 583 590 589 589 592 591 587 610 632 636 604 584 582 588 584
-9999 -9999 -9999 -9999 -9999 -9999 -9999 -9999 -9999 -9999 -9999 -9999 -9999 -9999 -9999 -9999 -9999 -9999 -9999 -9999 -9999 -9999 -9999 -9999 -9999 -9999 50 56 67 70 69 70 72 74 77 83 95 98 104 109 117 125 141 143 157 180 215 239 305 332 310 281 276 265 242 205 195 171 166 206 237 291 294 325 344 352 356 371 391 415 433 469 483 496 514 538 552 558 559 572 577 571 577 577 581 572 569 592 618 631 624 594 561 549 564 561
-9999 -9999 -9999 -9999 -9999 -9999 -9999 -9999 -9999 -9999 -9999 -9999 -9999 -9999 -9999 -9999 -9999 -9999 -9999 -9999 -9999 -9999 -9999 -9999 -9999 -9999 -9999 53 67 58 67 69 72 74 76 80 92 96 103 106 112 120 130 139 144 155 173 200 259 313 278 255 244 230 218 196 177 151 176 214 266 327 349 337 352 366 367 363 376 399 414 431 448 482 498 532 535 534 545 565 574 563 565 578 587 555 547 598 622 629 604 573 542 492 513 527
-9999 -9999 -9999 -9999 -9999 -9999 -9999 -9999 -9999 -9999 -9999 -9999 -9999 -9999 -9999 -9999 -9999 -9999 -9999 -9999 -9999 -9999 -9999 -9999 -9999 -9999 -9999 24 30 54 67 70 72 74 76 79 87 93 101 106 110 116 124 133 137 147 162 176 257 267 241 216 226 214 204 189 174 153 179 225 268 338 358 349 355 348 351 348 346 383 397 413 423 448 478 504 508 523 537 560 563 567 564 578 584 540 525 585 610 604 588 561 512 470 490 510
-9999 -9999 -9999 -9999 -9999 -9999 -9999 -9999 -9999 -9999 -9999 -9999 -9999 -9999 -9999 -9999 -9999 -9999 -9999 -9999 -9999 -9999 -9999 -9999 -9999 -9999 -9999 13 60 62 68 70 71 74 78 79 85 90 100 105 111 116 118 127 130 137 146 150 181 200 187 182 193 198 191 169 146 160 170 216 257 327 352 356 350 340 325 313 319 352 372 389 406 435 451 485 507 516 518 537 563 582 566 550 543 509 480 495 509 551 549 530 484 418 466 454
-9999 -9999 -9999 -9999 -9999 -9999 -9999 -9999 -9999 -9999 -9999 -9999 -9999 -9999 -9999 -9999 -9999 -9999 -9999 -9999 -9999 -9999 -9999 -9999 -9999 -9999 -9999 28 60 64 69 72 73 74 78 80 85 91 100 104 110 114 117 122 126 131 135 140 152 155 158 166 176 180 176 162 138 157 167 191 228 295 326 352 345 317 289 282 319 366 379 396 415 454 467 474 488 495 504 527 559 586 555 525 524 499 469 467 466 504 515 501 458 393 393 400
-9999 -9999 -9999 -9999 -9999 -9999 -9999 -9999 -9999 -9999 -9999 -9999 -9999 -9999 -9999 -9999 -9999 -9999 -9999 -9999 -9999 -9999 -9999 -9999 -9999 -9999 -9999 16 61 65 69 72 74 75 78 80 87 92 98 102 105 109 116 118 122 127 130 134 136 141 145 148 156 158 158 140 134 153 159 171 187 229 279 312 310 272 255 301 352 395 390 402 383 410 446 466 467 465 481 503 526 555 514 494 507 471 445 411 420 441 447 440 425 389 353 347
-9999 -9999 -9999 -9999 -9999 -9999 -9999 -9999 -9999 -9999 -9999 -9999 -9999 -9999 -9999 -9999 -9999 -9999 -9999 -9999 -9999 -9999 -9999 -9999 -9999 -9999 -9999 -9999 62 66 70 72 76 78 80 81 89 95 98 102 105 106 112 116 120 123 126 128 129 134 137 140 142 145 146 126 135 148 151 154 161 181 197 224 220 222 237 307 343 332 322 327 342 402 424 442 444 441 452 466 480 497 475 447 454 429 407 361 372 388 394 417 413 389 353 319
-9999 -9999 -9999 -9999 -9999 -9999 -9999 -9999 -9999 -9999 -9999 -9999 -9999 -9999 -9999 -9999 -9999 -9999 -9999 -9999 -9999 -9999 -9999 -9999 -9999 -9999 -9999 -9999 62 67 72 74 77 78 80 82 93 95 98 101 105 106 110 115 122 122 121 123 127 129 133 135 137 139 135 124 139 145 145 149 152 161 171 188 197 204 232 306 314 291 295 307 326 374 406 429 434 419 425 430 456 459 442 410 431 409 374 336 355 376 375 392 393 376 352 308
-9999 -9999 -9999 -9999 -9999 -9999 -9999 -9999 -9999 -9999 -9999 -9999 -9999 -9999 -9999 -9999 -9999 -9999 -9999 -9999 -9999 -9999 -9999 -9999 -9999 -9999 -9999 -9999 28 62 73 75 78 79 81 82 88 92 100 99 104 105 109 121 116 118 118 121 123 125 126 130 133 134 117 131 139 140 141 143 145 151 155 166 175 184 203 246 260 256 268 274 297 341 373 400 409 396 361 388 401 411 398 374 371 355 323 314 333 360 363 365 370 349 341 310
-9999 -9999 -9999 -9999 -9999 -9999 -9999 -9999 -9999 -9999 -9999 -9999 -9999 -9999 -9999 -9999 -9999 -9999 -9999 -9999 -9999 -9999 -9999 -9999 -9999 -9999 -9999 -9999 20 40 72 76 78 80 80 82 86 88 97 99 103 105 109 112 116 118 115 119 121 124 125 128 131 121 113 131 136 137 138 138 141 144 150 156 167 175 182 223 232 241 249 263 282 331 347 371 388 380 340 355 371 383 370 340 338 324 300 301 315 351 365 364 356 341 333 305
-9999 -9999 -9999 -9999 -9999 -9999 -9999 -9999 -9999 -9999 -9999 -9999 -9999 -9999 -9999 -9999 -9999 -9999 -9999 -9999 -9999 -9999 -9999 -9999 -9999 -9999 2 4 20 34 58 75 78 80 81 83 84 86 91 96 103 106 109 111 115 115 112 117 121 123 124 125 127 108 112 132 133 133 133 133 134 137 141 144 149 158 165 190 212 223 234 257 280 313 329 343 357 352 312 309 323 331 326 308 300 278 278 280 287 303 326 346 347 312 288 279
-9999 -9999 -9999 -9999 -9999 -9999 -9999 -9999 -9999 -9999 -9999 -9999 -9999 -9999 -9999 -9999 -9999 -9999 -9999 -9999 -9999 -9999 -9999 -9999 -9999 1 10 20 24 28 43 49 77 81 83 83 85 86 90 94 104 105 109 110 112 107 113 116 120 123 124 125 125 105 113 129 130 130 130 129 128 132 135 140 145 152 158 180 197 207 214 251 281 298 310 317 322 330 295 282 296 299 294 281 272 264 266 270 275 287 294 301 302 286 276 267
-9999 -9999 -9999 -9999 -9999 -9999 -9999 -9999 -9999 -9999 -9999 -9999 -9999 -9999 -9999 -9999 -9999 -9999 -9999 -9999 -9999 -9999 -9999 2 3 2 5 6 7 7 10 11 20 42 82 84 87 87 76 83 80 80 88 96 107 113 115 116 119 121 123 124 124 100 114 126 123 126 126 123 123 126 130 134 139 145 150 170 179 188 181 262 268 261 264 259 246 247 247 246 257 272 252 247 246 246 251 253 261 274 272 273 268 260 258 255
-9999 -9999 -9999 -9999 -9999 -9999 -9999 -9999 -9999 -9999 -9999 -9999 -9999 -9999 -9999 -9999 -9999 -9999 -9999 -9999 -9999 -9999 11 13 15 5 5 4 7 9 14 12 13 36 79 78 87 75 54 58 77 94 98 98 107 113 115 115 113 118 121 117 114 99 119 122 122 122 121 120 122 124 127 130 135 140 146 165 172 172 176 237 254 244 240 235 224 218 217 224 233 243 232 236 236 236 238 241 248 257 261 264 261 251 246 245
-9999 -9999 -9999 -9999 -9999 -9999 -9999 -9999 -9999 -9999 -9999 -9999 -9999 -9999 -9999 -9999 -9999 -9999 -9999 -9999 -9999 8 24 26 27 28 13 13 22 26 30 32 17 38 40 53 56 38 29 36 82 99 103 107 107 84 81 94 97 115 121 105 89 96 114 117 115 116 116 115 118 120 122 128 131 137 140 147 151 154 160 171 181 196 200 196 195 193 196 200 194 206 211 222 222 221 225 228 234 245 249 251 242 239 237 238
-9999 -9999 -9999 -9999 -9999 -9999 -9999 -9999 -9999 -9999 -9999 -9999 -9999 -9999 -9999 -9999 -9999 -9999 -9999 -9999 8 18 25 26 29 30 28 18 29 45 58 48 14 33 21 25 31 31 39 36 76 100 104 109 99 74 58 77 86 106 109 102 82 103 113 110 109 114 116 116 110 112 122 126 127 134 136 140 143 148 152 161 162 167 170 166 173 182 182 187 188 196 200 205 209 216 228 224 230 240 242 240 231 234 233 232
-9999 -9999 -9999 -9999 -9999 -9999 -9999 -9999 -9999 -9999 -9999 -9999 -9999 -9999 -9999 -9999 -9999 -9999 1 7 21 24 26 28 32 31 21 22 32 44 66 72 32 36 29 49 45 51 65 38 64 93 102 105 95 59 59 80 70 80 83 80 82 86 96 89 86 105 93 114 114 105 116 127 125 127 131 132 134 140 143 149 151 159 157 156 172 164 167 174 174 180 186 197 207 228 237 220 211 216 217 218 220 221 224 218
-9999 -9999 -9999 -9999 -9999 -9999 -9999 -9999 -9999 -9999 -9999 -9999 -9999 -9999 -9999 -9999 -9999 2 8 17 24 25 28 29 33 32 22 22 37 57 65 78 76 71 65 51 44 70 90 64 43 68 85 80 72 53 61 83 67 72 73 90 90 93 90 85 81 83 89 103 93 96 110 120 122 125 126 123 132 136 137 140 146 148 150 152 155 161 165 169 168 176 183 196 207 225 230 219 206 203 209 207 209 211 214 218
-9999 -9999 -9999 -9999 -9999 -9999 -9999 -9999 -9999 -9999 -9999 -9999 -9999 -9999 -9999 -9999 4 5 17 23 25 26 30 32 34 36 38 42 61 68 76 83 89 91 93 92 76 61 86 102 86 50 48 60 81 103 103 68 102 102 98 111 112 106 116 110 93 98 97 91 98 97 98 114 116 117 116 114 125 132 133 135 138 138 140 148 155 158 160 158 166 172 175 192 208 226 231 223 211 188 196 212 218 224 226 238
-9999 -9999 -9999 -9999 -9999 -9999 -9999 -9999 -9999 -9999 -9999 -9999 -9999 -9999 -9999 2 5 5 19 24 27 29 31 35 38 41 54 66 70 74 79 85 90 93 93 94 96 88 82 101 106 102 84 99 109 104 105 106 113 111 111 115 115 117 118 122 120 119 117 119 122 98 98 105 104 105 105 109 114 121 123 125 128 134 141 147 151 155 157 155 164 168 173 187 210 222 230 220 205 196 209 223 229 239 243 250
-9999 -9999 -9999 -9999 -9999 -9999 -9999 -9999 -9999 -9999 -9999 -9999 -9999 2 6 14 15 8 18 26 29 31 34 37 45 53 74 79 80 85 82 87 92 94 95 96 98 98 81 105 109 108 108 109 110 108 104 105 110 110 110 116 117 119 120 123 123 123 125 128 129 122 113 111 115 118 113 108 111 110 112 118 117 123 131 145 147 148 144 149 158 155 158 179 187 201 207 200 182 203 215 228 239 257 256 254
