notebooks/tutorials/flow__distance_utility/nocella_resampled.txt
ncols         170
nrows         165
xllcorner     2348666.9250883
yllcorner     4208067.9534028
cellsize      100
NODATA_value  -9999
[rows 0 to 41 of 165, columns 0 to 95 of 170]
-9999 -9999 -9999 -9999 -9999 -9999 -9999 -9999 -9999 -9999 -9999 -9999 -9999 -9999 -9999 -9999 -9999 -9999 -9999 -9999 -9999 -9999 -9999 -9999 -9999 -9999 -9999 -9999 21 22 25 25 28 31 30 33 36 38 43 44 47 46 48 49 49 52 56 60 62 64 67 70 74 75 76 81 83 86 87 103 115 147 174 219 259 325 379 466 519 622 724 815 843 893 877 806 766 699 660 617 582 554 525 499 482 503 458 371 311 225 176 137 124 106 101 92
-9999 -9999 -9999 -9999 -9999 -9999 -9999 -9999 -9999 -9999 -9999 -9999 -9999 -9999 -9999 -9999 -9999 -9999 -9999 -9999 -9999 -9999 -9999 -9999 17 9 -9999 20 23 25 28 27 30 34 34 35 37 36 42 44 48 47 50 52 53 54 57 59 64 67 67 71 75 77 79 84 86 88 90 105 113 143 167 209 254 323 378 472 542 652 756 810 846 883 879 823 784 725 694 655 620 577 561 525 509 503 483 380 320 242 190 151 134 123 115 103
-9999 -9999 -9999 -9999 -9999 -9999 -9999 -9999 -9999 -9999 -9999 -9999 -9999 -9999 -9999 -9999 -9999 -9999 -9999 -9999 -9999 -9999 -9999 -9999 10 22 25 24 27 28 28 30 32 36 36 37 39 38 39 46 47 47 55 55 57 59 59 59 63 68 70 74 76 83 82 90 93 96 99 111 112 136 157 204 250 324 380 470 539 720 756 808 844 879 874 859 825 782 753 712 678 631 607 562 547 517 494 395 342 264 221 168 156 141 138 121
-9999 -9999 -9999 -9999 -9999 -9999 -9999 -9999 -9999 -9999 -9999 -9999 -9999 -9999 -9999 -9999 -9999 -9999 -9999 -9999 -9999 -9999 -9999 -9999 23 24 28 26 27 29 29 31 35 38 39 38 39 41 40 44 48 50 57 57 59 60 61 60 62 68 70 77 79 85 85 92 96 99 104 106 116 135 156 202 247 322 377 460 498 716 753 793 828 853 863 875 856 822 795 753 714 671 634 590 568 535 507 435 375 295 243 188 179 159 159 139
-9999 -9999 -9999 -9999 -9999 -9999 -9999 -9999 -9999 -9999 -9999 -9999 -9999 -9999 -9999 -9999 -9999 -9999 -9999 -9999 -9999 -9999 -9999 21 27 27 30 29 30 30 31 36 39 41 41 42 41 42 41 44 51 55 58 57 58 59 63 63 67 76 76 81 83 90 90 98 102 111 110 115 120 134 152 197 239 319 373 448 612 706 734 770 797 828 848 877 891 879 854 806 772 715 680 629 594 550 526 476 401 307 257 222 207 199 192 159
-9999 -9999 -9999 -9999 -9999 -9999 -9999 -9999 -9999 -9999 -9999 -9999 -9999 -9999 -9999 -9999 -9999 -9999 -9999 -9999 -9999 -9999 -9999 21 27 28 30 30 31 31 33 37 41 42 43 44 47 48 51 51 55 56 60 57 60 60 64 66 69 79 81 83 84 92 92 101 106 112 115 122 121 135 150 197 236 317 373 459 649 687 719 752 781 820 846 875 888 901 892 848 807 747 709 649 611 563 538 465 372 286 269 245 228 221 205 169
-9999 -9999 -9999 -9999 -9999 -9999 -9999 -9999 -9999 -9999 -9999 -9999 -9999 -9999 -9999 -9999 -9999 -9999 -9999 -9999 -9999 -9999 -9999 9 29 29 29 32 33 35 37 40 41 43 44 46 51 52 56 56 56 57 60 60 64 64 68 74 78 84 85 87 91 95 94 103 112 117 123 130 135 140 147 198 242 321 377 568 618 653 686 734 765 801 823 857 867 888 891 872 842 781 742 677 636 579 550 408 394 368 342 293 278 250 228 179
-9999 -9999 -9999 -9999 -9999 -9999 -9999 -9999 -9999 -9999 -9999 -9999 -9999 -9999 -9999 -9999 -9999 -9999 -9999 -9999 -9999 -9999 -9999 -9999 30 29 30 35 35 38 38 42 44 45 45 48 52 55 57 58 57 59 60 63 65 65 72 79 81 85 87 88 91 97 98 108 111 119 127 132 139 145 152 197 247 325 385 566 591 632 665 718 747 783 803 839 855 874 879 864 843 802 757 690 653 591 557 460 456 408 375 334 310 289 263 198
-9999 -9999 -9999 -9999 -9999 -9999 -9999 -9999 -9999 -9999 -9999 -9999 -9999 -9999 -9999 -9999 -9999 -9999 -9999 -9999 -9999 -9999 -9999 -9999 29 32 35 37 39 39 42 45 46 49 50 49 57 60 60 60 60 64 65 71 71 72 79 80 85 87 89 94 97 97 102 107 116 123 131 140 149 153 162 195 245 324 389 457 541 603 643 684 710 742 767 810 829 847 849 844 830 797 765 706 670 607 581 559 533 476 441 397 372 348 324 240
-9999 -9999 -9999 -9999 -9999 -9999 -9999 -9999 -9999 -9999 -9999 -9999 -9999 -9999 -9999 -9999 -9999 -9999 -9999 -9999 -9999 -9999 -9999 -9999 25 36 37 39 41 40 43 46 49 52 52 52 60 62 63 61 61 67 67 73 78 79 81 81 87 93 93 96 100 100 107 108 118 125 133 145 151 160 168 198 241 300 351 422 485 571 619 662 683 720 746 790 812 831 834 832 813 794 771 720 681 618 595 592 609 519 488 441 417 385 331 241
-9999 -9999 -9999 -9999 -9999 -9999 -9999 -9999 -9999 -9999 -9999 -9999 -9999 -9999 -9999 -9999 16 29 -9999 -9999 -9999 -9999 -9999 -9999 18 30 41 42 45 45 46 47 52 54 56 56 61 63 65 64 67 72 75 76 81 83 85 86 90 96 96 97 101 110 107 113 126 137 141 152 162 171 172 198 231 284 332 403 446 496 578 609 640 690 722 750 765 795 808 816 812 790 780 731 693 645 613 623 657 609 552 509 484 400 350 266
-9999 -9999 -9999 -9999 -9999 -9999 -9999 -9999 -9999 -9999 -9999 -9999 -9999 -9999 -9999 6 27 36 42 32 -9999 -9999 -9999 -9999 15 29 43 44 46 47 49 52 55 56 58 59 62 65 67 70 74 75 82 81 83 84 86 89 92 96 96 97 102 108 117 126 140 155 166 182 182 189 184 184 220 274 320 377 398 449 532 587 618 670 693 720 737 765 787 804 808 796 783 744 710 661 631 639 678 647 599 552 523 415 364 286
-9999 -9999 -9999 -9999 -9999 -9999 -9999 -9999 -9999 -9999 -9999 -9999 -9999 -9999 9 26 34 40 44 45 44 44 39 13 16 29 44 47 50 48 51 57 57 59 59 60 65 68 73 78 81 80 83 85 87 89 92 93 96 96 102 105 114 122 133 154 187 210 228 249 250 241 243 219 202 231 274 317 347 401 458 554 593 633 651 681 706 737 762 794 803 801 792 758 726 674 655 671 704 709 658 597 525 438 389 315
-9999 -9999 -9999 -9999 -9999 -9999 -9999 -9999 -9999 -9999 -9999 -9999 -9999 -9999 29 31 38 41 44 45 47 45 46 49 35 37 43 47 50 50 54 58 60 61 60 62 69 71 75 79 84 84 87 90 91 93 94 96 96 101 105 113 122 136 153 187 224 256 283 301 301 295 300 264 246 221 230 273 306 366 421 495 555 601 623 661 687 722 753 791 800 800 791 760 730 682 664 687 721 744 688 613 537 454 406 343
-9999 -9999 -9999 -9999 -9999 -9999 -9999 -9999 -9999 -9999 -9999 -9999 8 26 33 34 39 41 45 43 48 48 52 55 56 47 50 54 56 58 61 62 62 65 65 68 73 76 79 85 87 89 90 95 95 96 97 100 99 107 112 120 140 166 189 237 287 337 356 382 388 382 365 331 303 282 269 262 261 328 379 430 495 558 599 636 656 703 737 769 784 788 784 766 738 697 680 707 746 767 722 647 576 502 446 384
-9999 -9999 -9999 -9999 -9999 -9999 6 27 22 -9999 18 15 21 30 35 36 40 42 46 45 48 47 53 57 62 61 60 62 65 61 62 65 66 70 70 73 76 79 84 88 91 93 94 96 98 99 101 115 108 115 122 130 155 185 219 271 321 377 417 446 451 446 422 376 348 324 307 293 281 304 346 397 446 533 574 605 640 684 710 756 771 785 786 769 743 707 699 731 770 784 737 661 614 535 478 428
-9999 -9999 -9999 -9999 -9999 -9999 -9999 30 35 33 33 31 33 35 36 39 42 44 46 44 47 49 53 56 63 63 70 71 75 69 69 70 70 77 73 79 83 84 87 91 95 96 97 100 104 105 110 112 121 131 138 159 184 221 261 316 372 457 524 532 541 555 563 493 420 388 367 344 317 291 306 367 421 477 505 572 611 651 682 732 755 780 783 776 754 716 722 774 801 807 758 679 633 561 524 480
-9999 -9999 -9999 -9999 -9999 -9999 -9999 12 33 34 34 33 32 35 39 42 43 46 46 47 48 49 54 56 62 64 74 75 80 75 73 75 73 77 79 81 85 86 89 93 97 98 98 104 113 112 121 122 136 161 156 187 211 249 287 347 403 475 515 521 536 547 557 566 517 431 420 380 339 303 313 343 385 446 484 555 587 634 662 711 741 771 777 770 756 725 737 790 824 821 766 689 641 568 530 481
-9999 -9999 -9999 -9999 -9999 -9999 -9999 -9999 26 31 34 34 33 34 39 40 45 48 52 53 52 52 56 58 62 64 74 82 87 86 86 85 88 92 90 89 92 90 92 96 101 101 106 114 123 126 133 135 152 211 230 245 265 319 336 445 491 504 504 512 527 542 553 564 567 558 511 439 404 336 324 332 348 408 460 514 550 597 633 672 698 729 753 760 746 738 758 812 850 849 784 706 651 577 536 485
-9999 -9999 -9999 -9999 -9999 -9999 -9999 -9999 -9999 26 33 34 34 34 38 40 44 49 54 54 55 55 58 60 64 66 75 82 89 85 81 83 87 89 92 94 100 103 105 105 105 109 112 120 129 135 143 147 162 215 257 296 316 352 378 498 497 487 493 511 525 540 548 557 562 569 565 500 456 373 352 340 344 379 431 499 530 572 608 644 664 703 723 733 730 740 768 825 867 868 792 716 658 586 543 485
-9999 -9999 -9999 -9999 -9999 -9999 -9999 -9999 -9999 21 33 34 35 35 36 39 44 49 55 57 56 58 60 62 65 68 76 88 96 97 94 99 115 120 136 134 138 135 128 127 123 123 127 129 142 153 162 169 181 224 268 344 375 418 459 490 479 480 497 507 518 533 537 549 559 569 580 559 522 436 404 368 355 366 396 474 503 544 569 602 626 667 675 696 705 742 778 841 883 906 827 726 673 597 547 492
-9999 -9999 -9999 -9999 -9999 -9999 -9999 -9999 -9999 -9999 31 34 36 36 36 39 43 46 55 60 60 60 61 64 67 70 86 85 129 128 117 122 139 159 193 188 185 174 164 161 154 149 144 140 152 164 175 179 195 237 278 356 402 446 466 476 466 478 499 511 520 529 534 547 556 568 580 576 549 490 430 387 373 368 383 450 493 530 545 585 602 634 652 671 699 744 790 857 904 906 842 733 682 600 553 501
-9999 -9999 -9999 -9999 -9999 -9999 -9999 -9999 -9999 -9999 30 33 36 37 37 39 43 46 51 61 65 67 67 66 69 74 86 89 135 199 180 168 193 227 300 286 268 247 229 240 227 219 200 194 182 190 194 207 222 265 303 383 413 442 442 443 438 472 499 510 517 524 526 542 549 561 577 589 567 529 494 441 405 374 380 417 458 509 521 543 564 593 623 666 694 757 809 880 913 903 850 758 701 619 562 499
-9999 -9999 -9999 -9999 -9999 -9999 -9999 -9999 -9999 -9999 19 31 36 37 38 39 44 45 53 62 67 69 69 67 72 77 81 91 136 186 227 210 229 252 430 426 316 300 282 292 277 266 250 233 218 217 213 222 242 290 329 396 418 426 430 426 436 473 495 505 513 519 519 530 545 556 568 567 565 533 511 474 447 401 383 410 436 495 498 527 556 601 632 672 700 765 818 887 920 910 861 769 711 627 574 511
-9999 -9999 -9999 -9999 -9999 -9999 -9999 -9999 -9999 -9999 -9999 -9999 36 37 39 40 45 46 57 65 68 70 72 73 77 85 86 92 134 173 269 291 294 394 438 456 439 393 373 372 363 347 329 311 288 269 259 264 274 333 373 400 407 402 404 419 450 471 481 495 502 511 510 525 539 548 558 557 551 530 514 494 473 447 420 408 430 466 498 540 569 612 642 682 714 784 832 893 920 905 856 761 706 632 587 526
-9999 -9999 -9999 -9999 -9999 -9999 -9999 -9999 -9999 -9999 -9999 -9999 34 36 39 40 44 46 54 66 70 71 75 76 79 86 89 94 132 168 242 345 387 407 433 451 476 489 468 431 431 406 383 365 348 328 306 299 324 342 368 392 385 389 389 422 444 465 473 485 490 503 498 519 531 542 552 550 547 531 520 500 486 479 457 411 436 478 501 544 570 610 638 687 722 794 845 901 925 911 865 775 721 644 594 544
-9999 -9999 -9999 -9999 -9999 -9999 -9999 -9999 -9999 -9999 -9999 -9999 6 33 40 41 45 48 57 68 68 73 80 80 82 92 101 108 134 168 235 327 347 379 418 449 472 488 504 521 534 540 452 436 415 411 387 352 381 400 404 383 374 373 377 402 419 444 464 471 475 479 478 508 522 531 537 542 543 537 529 514 509 511 497 434 458 468 504 542 567 600 627 675 721 793 837 898 925 913 870 781 727 648 602 566
-9999 -9999 -9999 -9999 -9999 -9999 -9999 -9999 -9999 -9999 -9999 -9999 -9999 12 40 41 45 48 52 66 69 72 78 81 84 92 106 118 135 169 268 306 336 367 402 441 471 482 504 520 531 531 523 489 477 467 429 388 400 415 408 387 377 366 369 383 408 434 447 458 460 456 466 502 513 527 533 534 537 539 535 527 525 520 504 445 483 482 500 534 561 591 617 658 699 781 824 897 919 910 868 782 733 661 612 557
-9999 -9999 -9999 -9999 -9999 -9999 -9999 -9999 -9999 -9999 -9999 -9999 -9999 -9999 -9999 37 46 46 50 52 58 69 70 77 84 91 107 126 148 170 223 262 308 340 369 401 452 474 494 510 524 529 535 535 525 511 474 465 438 430 427 396 383 369 360 355 367 391 405 433 432 427 470 486 502 513 520 527 532 536 537 541 541 535 523 486 468 504 522 547 569 593 610 643 684 770 820 879 902 921 895 822 771 690 640 569
-9999 -9999 -9999 -9999 -9999 -9999 -9999 -9999 -9999 -9999 -9999 -9999 -9999 -9999 -9999 36 45 46 49 52 53 57 62 69 81 88 102 126 189 181 223 272 285 302 348 390 442 475 499 514 531 537 545 544 534 520 505 489 467 450 436 407 393 378 369 348 350 361 383 414 416 434 464 477 493 499 512 523 529 536 541 544 544 544 533 508 487 483 510 544 561 589 600 637 686 767 813 876 902 932 919 839 786 702 653 575
-9999 -9999 -9999 -9999 -9999 -9999 -9999 -9999 -9999 -9999 -9999 -9999 -9999 -9999 -9999 -9999 42 45 48 51 53 54 59 64 78 85 95 124 188 214 245 313 348 342 365 420 468 489 517 538 557 559 558 559 549 543 536 517 487 465 449 424 408 394 387 365 346 346 355 373 380 421 446 469 474 488 507 528 529 534 542 550 553 551 546 526 519 504 499 536 554 588 602 637 677 762 813 874 906 943 936 862 804 712 662 573
-9999 -9999 -9999 -9999 -9999 -9999 -9999 -9999 -9999 -9999 -9999 -9999 -9999 -9999 -9999 -9999 30 41 45 48 52 53 58 61 75 79 89 108 139 169 208 284 386 401 371 417 472 497 529 549 565 569 576 574 572 561 558 554 514 475 460 437 427 406 394 366 356 335 340 351 366 394 424 448 457 493 512 526 527 532 541 554 562 565 562 545 543 532 524 542 567 588 601 634 668 757 814 881 913 943 935 863 805 715 657 571
-9999 -9999 -9999 -9999 -9999 -9999 -9999 -9999 -9999 -9999 -9999 -9999 -9999 -9999 -9999 -9999 -9999 19 44 45 50 52 55 59 66 68 79 89 99 101 148 193 253 295 390 434 464 492 534 553 566 577 588 595 592 589 582 573 554 502 481 444 423 395 381 353 339 325 327 335 346 352 374 396 442 490 503 513 517 532 543 563 575 581 577 577 579 564 563 554 554 586 603 628 676 765 815 882 917 945 942 869 815 725 668 577
-9999 -9999 -9999 -9999 -9999 -9999 -9999 -9999 -9999 -9999 -9999 -9999 -9999 -9999 -9999 -9999 -9999 -9999 41 44 49 52 54 58 61 65 71 86 88 101 132 165 223 264 351 438 476 490 529 546 568 580 592 598 598 602 595 584 576 529 500 445 415 386 369 348 338 326 317 327 333 340 353 392 435 475 484 491 509 534 543 561 573 582 585 587 588 589 590 595 574 577 598 631 679 755 803 878 915 947 945 865 809 721 664 585
-9999 -9999 -9999 -9999 -9999 -9999 -9999 -9999 -9999 -9999 -9999 -9999 -9999 -9999 -9999 -9999 -9999 -9999 -9999 41 48 51 56 57 59 62 70 74 95 91 113 136 182 224 303 332 396 449 530 546 571 582 593 603 608 609 610 603 590 560 528 451 419 397 375 351 338 323 315 312 318 324 345 363 387 428 458 497 517 538 540 553 561 573 579 592 595 598 604 613 600 586 598 628 664 731 780 858 903 950 968 882 818 741 679 590
-9999 -9999 -9999 -9999 -9999 -9999 -9999 -9999 -9999 -9999 -9999 -9999 -9999 -9999 -9999 -9999 -9999 -9999 -9999 12 48 51 57 56 59 60 67 72 78 99 107 124 166 203 259 288 354 388 501 552 574 583 596 605 613 616 615 610 594 568 545 469 437 408 385 352 341 324 311 304 310 324 346 385 403 442 466 499 514 535 539 552 559 569 568 571 580 585 587 588 584 589 601 624 662 726 773 846 889 945 964 896 839 750 679 590
-9999 -9999 -9999 -9999 -9999 -9999 -9999 -9999 -9999 -9999 -9999 -9999 -9999 -9999 -9999 -9999 -9999 -9999 -9999 -9999 45 49 56 56 58 58 66 70 76 83 102 106 111 144 203 230 299 345 437 568 581 589 603 607 616 619 619 613 603 585 561 496 459 426 399 368 349 329 314 297 308 340 366 393 417 448 471 494 508 525 534 545 548 537 539 552 547 541 555 579 589 594 596 624 665 726 767 831 880 939 969 905 843 751 682 595
-9999 -9999 -9999 -9999 -9999 -9999 -9999 -9999 -9999 -9999 -9999 -9999 -9999 -9999 -9999 -9999 -9999 -9999 -9999 -9999 43 48 54 55 58 58 66 69 75 81 98 106 111 125 184 209 280 324 402 577 587 594 605 609 619 623 620 616 602 570 547 506 475 444 409 366 349 327 310 294 306 358 391 411 427 448 468 485 499 514 511 503 500 496 518 521 514 529 568 590 612 610 605 620 677 718 757 827 871 935 963 904 841 757 688 593
-9999 -9999 -9999 -9999 -9999 -9999 -9999 -9999 -9999 -9999 -9999 -9999 -9999 -9999 -9999 -9999 -9999 -9999 -9999 -9999 37 44 53 54 56 58 65 67 75 80 94 103 118 130 159 190 252 288 368 450 585 589 597 605 615 622 625 619 608 588 575 542 519 464 416 370 354 330 308 289 300 362 397 427 430 438 458 471 472 442 435 434 453 457 462 487 516 552 578 597 614 627 625 637 654 710 738 805 847 908 933 906 847 765 698 607
-9999 -9999 -9999 -9999 -9999 -9999 -9999 -9999 -9999 -9999 -9999 -9999 -9999 -9999 -9999 -9999 -9999 -9999 -9999 -9999 34 43 51 54 56 58 64 65 73 80 93 101 117 124 151 180 234 270 352 390 586 592 598 604 615 621 625 623 616 605 599 560 527 464 417 379 361 330 312 286 293 350 388 422 422 434 450 456 428 403 403 417 431 468 481 530 543 574 592 612 627 639 640 650 652 699 729 784 829 879 908 909 853 764 707 616
-9999 -9999 -9999 -9999 -9999 -9999 -9999 -9999 -9999 -9999 -9999 -9999 -9999 -9999 -9999 -9999 -9999 -9999 -9999 -9999 -9999 33 45 51 56 58 62 65 73 79 90 97 108 124 138 163 212 249 333 378 591 602 608 609 620 620 626 625 625 613 604 566 539 489 457 405 383 341 313 288 284 321 360 404 413 413 431 411 378 388 419 458 475 501 510 541 575 615 638 659 672 670 669 672 671 690 721 768 804 849 881 908 864 774 719 633
-9999 -9999 -9999 -9999 -9999 -9999 -9999 -9999 -9999 -9999 -9999 -9999 -9999 -9999 -9999 -9999 -9999 -9999 -9999 -9999 -9999 17 46 53 58 59 62 63 71 75 85 90 104 113 129 132 194 231 304 422 512 548 590 623 624 624 630 626 625 615 606 583 568 521 498 438 406 365 325 293 279 302 338 390 403 392 407 377 354 413 457 509 526 552 553 567 594 640 668 708 707 712 699 704 696 706 724 764 793 844 869 889 851 778 724 641
