docs/source/tutorials/terrain_analysis/hack_calculator/west_bijou_escarpment_snippet.asc
ncols        129
nrows        67
xllcorner    -104.341805555546
yllcorner    39.505972222219
cellsize     0.000277777778
NODATA_value -32768
[rows 0 to 37 of 67, columns 0 to 83 of 129]
1771 1772 1772 1774 1775 1775 1775 1776 1776 1776 1776 1776 1778 1779 1779 1779 1779 1779 1781 1781 1780 1780 1780 1781 1781 1781 1782 1781 1781 1782 1783 1784 1782 1776 1769 1763 1760 1758 1756 1753 1751 1749 1748 1746 1744 1742 1741 1739 1737 1736 1736 1736 1735 1734 1733 1731 1729 1727 1726 1726 1726 1725 1723 1721 1720 1720 1720 1720 1719 1718 1718 1716 1714 1714 1715 1716 1715 1714 1713 1712 1712 1712 1710 1708
1772 1773 1774 1774 1775 1775 1775 1776 1777 1777 1777 1777 1778 1778 1779 1779 1780 1781 1782 1781 1780 1780 1781 1781 1781 1781 1783 1783 1783 1783 1784 1784 1782 1778 1769 1764 1760 1758 1756 1754 1753 1752 1749 1747 1744 1743 1742 1742 1740 1739 1737 1735 1733 1733 1732 1731 1729 1727 1727 1726 1726 1724 1723 1722 1721 1720 1720 1719 1719 1718 1718 1717 1714 1713 1714 1715 1715 1714 1712 1711 1711 1711 1710 1708
1774 1775 1776 1776 1776 1776 1775 1775 1777 1778 1778 1778 1779 1779 1779 1780 1781 1782 1782 1782 1781 1781 1782 1782 1781 1782 1783 1784 1784 1785 1785 1784 1781 1775 1768 1763 1759 1757 1756 1755 1754 1753 1750 1747 1745 1743 1743 1743 1742 1741 1739 1735 1733 1732 1732 1731 1729 1729 1728 1727 1725 1724 1724 1723 1722 1720 1719 1719 1718 1718 1718 1718 1718 1717 1716 1716 1716 1714 1712 1710 1709 1710 1709 1709
1775 1775 1776 1776 1776 1776 1775 1775 1776 1778 1778 1779 1779 1779 1779 1780 1781 1783 1783 1783 1783 1783 1783 1783 1782 1782 1783 1785 1786 1786 1786 1785 1780 1773 1766 1762 1759 1757 1756 1755 1754 1753 1750 1747 1744 1743 1743 1742 1741 1741 1740 1738 1735 1733 1732 1730 1729 1728 1728 1726 1725 1724 1724 1723 1722 1720 1719 1719 1719 1719 1720 1722 1722 1721 1720 1719 1718 1716 1713 1711 1710 1710 1710 1710
1774 1774 1774 1774 1775 1776 1776 1777 1778 1778 1778 1778 1779 1778 1779 1780 1783 1785 1785 1785 1785 1785 1785 1784 1784 1784 1785 1786 1787 1787 1787 1786 1781 1775 1767 1763 1760 1759 1757 1755 1755 1754 1751 1748 1745 1744 1743 1742 1740 1739 1739 1737 1736 1733 1732 1729 1728 1727 1726 1726 1724 1723 1723 1723 1722 1721 1720 1720 1721 1722 1724 1725 1726 1725 1724 1722 1719 1717 1715 1713 1713 1712 1711 1709
1774 1773 1773 1774 1776 1776 1776 1777 1778 1778 1778 1779 1780 1780 1780 1782 1784 1785 1786 1786 1786 1785 1785 1785 1785 1786 1786 1787 1788 1788 1788 1785 1781 1775 1769 1765 1762 1760 1758 1757 1756 1754 1752 1749 1746 1744 1743 1741 1739 1737 1737 1737 1735 1734 1732 1730 1728 1728 1727 1725 1724 1723 1722 1721 1722 1721 1721 1722 1724 1725 1727 1728 1728 1727 1725 1723 1721 1719 1718 1716 1716 1714 1711 1709
1773 1773 1773 1775 1777 1778 1777 1777 1778 1779 1780 1782 1783 1783 1783 1784 1785 1785 1784 1785 1786 1786 1786 1786 1786 1787 1787 1788 1789 1789 1788 1785 1781 1776 1772 1768 1764 1762 1760 1758 1755 1753 1751 1748 1746 1744 1742 1740 1739 1737 1737 1737 1736 1734 1733 1732 1731 1730 1729 1728 1726 1723 1721 1721 1721 1722 1724 1726 1727 1728 1730 1730 1728 1726 1724 1723 1722 1721 1719 1718 1716 1714 1712 1710
1773 1773 1774 1776 1778 1779 1779 1779 1780 1781 1783 1784 1785 1785 1785 1786 1786 1785 1783 1784 1785 1786 1786 1787 1787 1788 1788 1788 1789 1789 1787 1784 1781 1776 1772 1769 1767 1765 1761 1758 1755 1752 1750 1747 1745 1743 1742 1741 1739 1738 1738 1737 1736 1736 1735 1734 1732 1731 1730 1728 1727 1724 1722 1721 1723 1725 1728 1729 1729 1730 1731 1731 1729 1726 1724 1723 1723 1722 1719 1717 1715 1713 1712 1711
1773 1773 1774 1776 1778 1779 1779 1779 1780 1782 1783 1784 1785 1785 1785 1786 1786 1785 1784 1784 1784 1785 1786 1786 1787 1788 1788 1789 1790 1788 1787 1784 1781 1776 1771 1769 1767 1765 1762 1758 1755 1754 1752 1749 1747 1745 1743 1741 1740 1740 1739 1738 1736 1736 1735 1734 1732 1730 1728 1727 1727 1726 1724 1724 1725 1727 1729 1729 1730 1730 1730 1730 1729 1727 1725 1725 1724 1721 1718 1716 1714 1713 1712 1711
1772 1773 1774 1776 1777 1779 1779 1780 1781 1782 1783 1785 1786 1786 1785 1785 1786 1786 1784 1784 1784 1785 1785 1786 1788 1788 1789 1790 1791 1790 1788 1785 1782 1777 1773 1770 1768 1765 1761 1759 1758 1757 1756 1753 1750 1747 1744 1742 1741 1741 1740 1738 1736 1735 1734 1733 1732 1730 1728 1727 1728 1728 1727 1726 1726 1728 1729 1730 1730 1730 1730 1730 1729 1728 1726 1724 1723 1720 1717 1715 1714 1714 1712 1711
1773 1774 1775 1775 1776 1777 1779 1780 1781 1783 1785 1786 1786 1785 1785 1784 1785 1785 1784 1784 1784 1785 1786 1787 1788 1789 1790 1790 1791 1790 1788 1787 1784 1780 1778 1775 1771 1767 1763 1761 1761 1761 1759 1756 1753 1750 1747 1745 1744 1742 1740 1738 1736 1734 1734 1733 1733 1732 1731 1730 1730 1730 1729 1727 1728 1729 1730 1731 1731 1731 1730 1729 1729 1728 1726 1723 1720 1718 1716 1715 1714 1714 1713 1711
1775 1776 1776 1776 1776 1778 1779 1780 1781 1783 1784 1785 1785 1785 1785 1785 1784 1785 1786 1786 1786 1787 1789 1789 1789 1789 1790 1790 1789 1789 1788 1787 1786 1784 1781 1779 1775 1770 1766 1766 1765 1764 1762 1758 1754 1751 1749 1747 1745 1742 1740 1739 1738 1737 1735 1734 1734 1733 1732 1732 1732 1731 1730 1730 1730 1730 1731 1731 1731 1730 1729 1728 1727 1726 1725 1723 1720 1718 1717 1715 1714 1713 1713 1712
1776 1777 1777 1777 1778 1779 1780 1780 1781 1783 1784 1785 1784 1785 1785 1785 1786 1787 1787 1787 1788 1789 1789 1789 1789 1789 1789 1789 1789 1789 1788 1788 1787 1786 1784 1782 1778 1774 1771 1769 1767 1766 1763 1760 1755 1751 1749 1747 1745 1743 1742 1742 1742 1741 1738 1735 1734 1734 1733 1732 1732 1731 1730 1730 1730 1730 1730 1729 1728 1727 1727 1727 1726 1725 1725 1723 1722 1720 1718 1716 1714 1713 1713 1713
1777 1777 1776 1776 1777 1779 1779 1779 1781 1783 1785 1786 1786 1785 1785 1786 1787 1788 1788 1788 1788 1788 1788 1789 1789 1790 1790 1790 1790 1789 1789 1789 1788 1788 1787 1784 1780 1776 1772 1769 1767 1766 1764 1760 1756 1752 1749 1747 1745 1744 1744 1744 1743 1742 1740 1737 1736 1735 1733 1732 1731 1730 1729 1728 1728 1728 1727 1725 1724 1724 1724 1725 1725 1725 1724 1723 1721 1719 1718 1716 1715 1714 1714 1713
1777 1777 1777 1777 1777 1777 1778 1779 1781 1783 1785 1787 1787 1786 1786 1787 1788 1788 1788 1787 1788 1788 1789 1790 1790 1791 1792 1791 1790 1790 1790 1790 1790 1790 1789 1786 1782 1776 1771 1767 1766 1765 1762 1759 1756 1753 1751 1748 1746 1745 1745 1744 1744 1743 1741 1738 1737 1735 1734 1733 1732 1731 1729 1727 1726 1726 1724 1723 1722 1722 1721 1721 1722 1723 1722 1721 1720 1719 1718 1717 1716 1716 1715 1714
1777 1778 1779 1779 1778 1778 1779 1780 1781 1783 1786 1787 1787 1787 1787 1788 1789 1789 1788 1787 1787 1788 1790 1790 1791 1791 1792 1791 1791 1792 1792 1791 1790 1791 1790 1788 1782 1776 1771 1768 1766 1764 1762 1758 1755 1753 1751 1749 1747 1746 1745 1744 1744 1743 1741 1738 1736 1735 1734 1734 1733 1731 1729 1727 1726 1724 1723 1722 1721 1720 1720 1719 1720 1721 1721 1720 1719 1718 1718 1717 1716 1716 1715 1714
1776 1778 1779 1779 1779 1779 1780 1781 1782 1784 1785 1786 1787 1787 1788 1788 1789 1789 1789 1788 1788 1789 1790 1791 1791 1791 1792 1793 1793 1793 1792 1790 1790 1791 1791 1788 1782 1776 1771 1767 1766 1765 1762 1759 1756 1754 1752 1751 1749 1747 1746 1745 1744 1742 1740 1737 1735 1734 1733 1732 1731 1729 1727 1725 1724 1724 1723 1722 1722 1721 1719 1718 1718 1718 1718 1718 1717 1717 1716 1716 1715 1715 1715 1714
1776 1777 1778 1778 1778 1779 1779 1780 1782 1783 1784 1785 1786 1787 1787 1788 1788 1789 1789 1789 1789 1790 1791 1791 1791 1791 1793 1794 1794 1793 1791 1789 1789 1790 1790 1787 1780 1774 1770 1767 1765 1764 1762 1759 1757 1756 1754 1752 1750 1748 1746 1745 1743 1740 1738 1735 1732 1731 1730 1730 1729 1728 1727 1726 1726 1725 1725 1725 1724 1722 1721 1719 1718 1717 1716 1715 1716 1716 1715 1714 1714 1713 1713 1712
1776 1777 1777 1777 1778 1779 1779 1780 1782 1784 1785 1785 1786 1787 1787 1788 1788 1789 1789 1790 1790 1790 1791 1791 1791 1792 1792 1794 1794 1792 1790 1789 1789 1788 1786 1782 1777 1773 1770 1766 1764 1761 1759 1757 1756 1755 1754 1752 1750 1748 1746 1743 1740 1737 1735 1732 1731 1730 1729 1729 1729 1729 1729 1728 1728 1728 1727 1727 1726 1724 1723 1721 1719 1718 1716 1716 1716 1715 1714 1712 1711 1711 1712 1711
1776 1776 1777 1777 1778 1779 1780 1781 1783 1784 1785 1786 1787 1788 1788 1788 1789 1789 1790 1790 1791 1791 1792 1791 1791 1792 1792 1793 1793 1792 1790 1788 1785 1783 1780 1776 1772 1769 1767 1763 1759 1756 1754 1753 1752 1752 1751 1749 1747 1746 1744 1742 1738 1736 1734 1732 1731 1731 1731 1731 1731 1731 1731 1730 1730 1729 1728 1727 1726 1725 1724 1722 1720 1718 1717 1716 1715 1715 1713 1712 1711 1711 1711 1712
1777 1777 1777 1777 1779 1781 1782 1783 1784 1784 1786 1787 1788 1788 1789 1789 1789 1790 1791 1791 1792 1792 1792 1791 1791 1792 1792 1793 1792 1791 1789 1785 1781 1777 1775 1771 1767 1764 1761 1757 1754 1751 1750 1749 1749 1748 1748 1747 1745 1744 1742 1740 1737 1735 1733 1733 1734 1734 1735 1734 1734 1733 1732 1731 1730 1729 1727 1726 1725 1724 1723 1722 1719 1717 1716 1716 1716 1715 1714 1713 1713 1713 1713 1713
1778 1778 1778 1779 1781 1782 1782 1783 1783 1785 1786 1787 1788 1788 1789 1790 1790 1790 1791 1792 1792 1792 1791 1791 1791 1792 1792 1792 1792 1791 1788 1784 1778 1772 1770 1766 1761 1757 1755 1752 1751 1749 1748 1746 1745 1745 1744 1743 1742 1740 1739 1737 1736 1734 1734 1735 1737 1738 1737 1737 1735 1734 1732 1730 1729 1728 1727 1726 1724 1723 1722 1721 1719 1717 1716 1716 1716 1716 1715 1715 1715 1715 1715 1715
1777 1778 1780 1781 1782 1782 1782 1783 1784 1785 1786 1787 1787 1788 1790 1792 1792 1791 1791 1791 1791 1791 1791 1791 1791 1791 1792 1792 1791 1790 1787 1783 1775 1770 1766 1761 1757 1754 1752 1751 1750 1749 1747 1745 1743 1742 1742 1741 1740 1740 1739 1738 1736 1735 1736 1738 1739 1739 1738 1736 1735 1734 1732 1730 1728 1727 1726 1725 1723 1722 1720 1719 1718 1718 1717 1717 1717 1716 1716 1716 1716 1716 1716 1717
1777 1778 1779 1781 1781 1782 1782 1783 1784 1785 1786 1786 1786 1788 1791 1793 1794 1792 1791 1791 1790 1790 1790 1791 1792 1793 1792 1791 1791 1790 1788 1783 1776 1770 1764 1760 1757 1756 1755 1753 1753 1752 1749 1746 1743 1741 1741 1741 1742 1742 1742 1741 1739 1739 1739 1739 1738 1738 1736 1735 1733 1731 1730 1728 1727 1725 1724 1723 1721 1720 1719 1719 1720 1720 1720 1719 1718 1717 1716 1716 1716 1716 1717 1719
1777 1778 1779 1780 1781 1781 1782 1783 1785 1785 1785 1784 1786 1788 1791 1793 1794 1793 1792 1791 1791 1791 1791 1792 1793 1793 1793 1792 1791 1791 1790 1785 1779 1772 1765 1762 1761 1760 1759 1757 1755 1754 1751 1748 1745 1742 1742 1743 1744 1744 1745 1744 1744 1742 1740 1738 1737 1736 1734 1732 1730 1728 1726 1725 1724 1723 1722 1721 1720 1720 1720 1721 1722 1722 1721 1720 1719 1718 1717 1716 1717 1717 1718 1720
1778 1779 1780 1780 1781 1782 1782 1783 1785 1785 1784 1784 1785 1788 1790 1793 1793 1792 1792 1792 1792 1792 1792 1792 1793 1793 1793 1792 1792 1792 1790 1786 1780 1773 1769 1766 1764 1762 1760 1757 1755 1751 1750 1749 1747 1747 1747 1747 1747 1747 1747 1747 1745 1743 1740 1737 1736 1734 1732 1730 1728 1727 1726 1725 1724 1722 1722 1721 1721 1720 1721 1722 1724 1724 1722 1721 1720 1719 1718 1717 1718 1718 1718 1719
1778 1779 1781 1781 1781 1782 1782 1783 1784 1784 1784 1785 1786 1788 1791 1792 1792 1791 1792 1792 1792 1792 1792 1792 1792 1792 1792 1792 1793 1793 1790 1786 1780 1775 1773 1771 1769 1765 1761 1758 1754 1751 1749 1750 1750 1750 1750 1750 1749 1749 1748 1747 1744 1741 1739 1737 1735 1733 1731 1729 1728 1727 1727 1726 1725 1724 1723 1723 1722 1721 1722 1724 1726 1726 1723 1722 1721 1720 1719 1719 1720 1719 1718 1720
1778 1779 1781 1781 1782 1782 1783 1783 1783 1784 1785 1786 1788 1789 1791 1791 1791 1791 1791 1792 1791 1791 1791 1791 1791 1791 1791 1792 1792 1793 1792 1788 1783 1779 1778 1776 1773 1767 1763 1759 1756 1753 1752 1752 1752 1753 1752 1751 1750 1750 1748 1745 1742 1740 1738 1736 1734 1733 1732 1730 1729 1728 1728 1728 1727 1726 1724 1724 1723 1723 1723 1725 1727 1726 1724 1723 1722 1721 1721 1721 1722 1721 1720 1721
1778 1779 1780 1781 1782 1783 1783 1783 1783 1784 1786 1787 1788 1789 1790 1790 1790 1790 1792 1792 1792 1791 1792 1792 1792 1792 1792 1792 1792 1793 1793 1791 1788 1785 1782 1779 1774 1768 1763 1761 1759 1757 1756 1755 1755 1754 1753 1752 1751 1750 1748 1745 1742 1740 1738 1736 1735 1734 1734 1733 1732 1731 1730 1730 1729 1727 1725 1723 1723 1724 1725 1726 1727 1727 1726 1724 1723 1723 1723 1723 1724 1724 1724 1724
1778 1779 1780 1781 1782 1783 1783 1783 1783 1784 1786 1787 1788 1789 1790 1790 1791 1791 1791 1792 1792 1793 1793 1793 1793 1793 1793 1794 1794 1794 1794 1793 1790 1787 1782 1777 1773 1768 1765 1763 1762 1761 1760 1758 1756 1755 1754 1753 1751 1750 1748 1745 1742 1740 1739 1739 1739 1738 1736 1734 1733 1733 1731 1730 1728 1726 1724 1724 1724 1726 1726 1727 1728 1727 1727 1725 1724 1724 1725 1726 1727 1727 1727 1726
1778 1778 1779 1780 1781 1782 1783 1783 1783 1784 1784 1786 1788 1790 1792 1792 1792 1792 1791 1791 1792 1793 1794 1794 1794 1794 1795 1795 1796 1795 1794 1793 1790 1785 1779 1774 1771 1769 1767 1765 1765 1764 1762 1759 1757 1756 1755 1754 1752 1749 1747 1744 1743 1742 1742 1741 1741 1739 1737 1735 1733 1732 1731 1729 1727 1726 1726 1727 1728 1728 1729 1728 1728 1727 1726 1725 1724 1726 1727 1728 1729 1729 1728 1728
1776 1777 1778 1779 1780 1781 1781 1782 1783 1783 1785 1786 1788 1790 1792 1793 1793 1792 1792 1791 1791 1792 1793 1795 1795 1795 1796 1797 1797 1796 1794 1792 1788 1784 1779 1776 1774 1772 1771 1769 1767 1765 1764 1761 1759 1757 1756 1754 1753 1750 1748 1746 1744 1743 1741 1740 1739 1737 1735 1733 1732 1731 1730 1728 1726 1726 1728 1730 1730 1730 1730 1729 1727 1725 1724 1725 1725 1727 1729 1730 1730 1731 1731 1731
1776 1777 1777 1778 1779 1780 1781 1781 1782 1784 1785 1787 1788 1789 1791 1792 1793 1793 1793 1792 1791 1792 1793 1795 1795 1796 1796 1797 1797 1795 1794 1791 1788 1784 1781 1779 1779 1779 1776 1772 1769 1767 1765 1763 1760 1757 1755 1754 1752 1750 1748 1747 1745 1742 1740 1738 1737 1735 1734 1733 1732 1731 1729 1728 1728 1729 1731 1732 1731 1731 1730 1729 1726 1724 1724 1725 1726 1727 1729 1731 1732 1732 1733 1733
1778 1778 1778 1779 1780 1781 1782 1782 1782 1784 1785 1787 1789 1789 1790 1791 1792 1794 1794 1793 1791 1791 1792 1794 1795 1795 1795 1796 1795 1794 1793 1792 1790 1787 1784 1784 1783 1781 1778 1774 1771 1768 1765 1763 1760 1757 1755 1753 1751 1749 1747 1745 1743 1741 1739 1739 1738 1737 1736 1735 1733 1731 1730 1730 1732 1733 1734 1735 1734 1733 1732 1730 1727 1726 1726 1726 1727 1728 1730 1732 1733 1734 1735 1735
1779 1778 1779 1779 1780 1781 1781 1781 1782 1784 1786 1788 1789 1790 1790 1791 1792 1793 1794 1793 1791 1791 1791 1793 1794 1794 1794 1794 1794 1794 1794 1793 1791 1788 1786 1784 1782 1779 1775 1774 1771 1768 1765 1762 1760 1757 1754 1752 1750 1747 1744 1743 1742 1740 1740 1740 1740 1739 1738 1736 1733 1732 1731 1733 1734 1737 1738 1738 1738 1735 1732 1730 1728 1727 1728 1728 1728 1729 1732 1734 1735 1736 1737 1737
1778 1778 1778 1779 1780 1780 1781 1782 1783 1784 1786 1788 1789 1790 1791 1791 1792 1792 1792 1793 1793 1792 1792 1793 1793 1793 1794 1794 1794 1794 1795 1794 1792 1789 1785 1783 1779 1774 1771 1769 1768 1766 1763 1761 1759 1755 1752 1750 1748 1745 1742 1742 1742 1741 1741 1741 1740 1739 1738 1736 1735 1733 1733 1734 1737 1739 1739 1739 1738 1736 1733 1730 1728 1728 1728 1728 1729 1731 1734 1735 1737 1738 1738 1739
1778 1778 1778 1779 1780 1781 1782 1783 1784 1784 1785 1787 1788 1790 1791 1791 1792 1791 1792 1793 1793 1793 1794 1794 1794 1793 1794 1795 1795 1796 1795 1795 1791 1788 1785 1780 1775 1769 1765 1764 1762 1760 1758 1757 1755 1753 1750 1749 1748 1746 1745 1743 1743 1742 1741 1740 1740 1739 1739 1740 1739 1737 1736 1738 1739 1741 1740 1739 1739 1737 1733 1731 1730 1729 1730 1731 1732 1733 1735 1736 1737 1739 1740 1740
1779 1779 1779 1780 1781 1782 1784 1785 1785 1785 1785 1786 1788 1790 1790 1791 1791 1791 1792 1793 1793 1793 1794 1794 1794 1794 1794 1795 1796 1795 1795 1793 1791 1789 1786 1780 1772 1767 1764 1761 1759 1757 1756 1755 1754 1753 1752 1751 1751 1751 1750 1748 1745 1742 1741 1740 1740 1742 1743 1744 1744 1741 1740 1740 1742 1743 1742 1742 1740 1736 1733 1732 1732 1733 1734 1735 1735 1736 1737 1738 1739 1740 1741 1741
