docs/source/tutorials/species_evolution/model_grid_steady_state_elevation.txt
ncols 300
nrows 100
xllcorner 0.0
yllcorner 0.0
cellsize 50.0
[rows 0 to 16 of 100, columns 0 to 36 of 300]
7.802900714925654624e-01 6.360280530309186942e-01 9.043991709241587795e-01 4.732170011510996588e-01 9.473196961694398954e-01 7.176077453895091107e-01 9.944162632852788786e-01 9.542228792093019329e-01 7.823861428613790858e-01 4.181001769518670752e-01 5.083677379280493458e-02 9.048408932497389312e-01 7.174384679143585020e-01 5.174989277973784940e-02 5.048678929655936454e-02 9.412635435468057477e-01 4.335900938850154596e-01 9.196850129385601980e-01 1.697084410469500426e-01 9.603203545556955323e-01 7.499524851742670473e-01 9.144419654904175632e-01 7.719912934032709950e-01 7.539904083430742920e-01 8.237796365413246891e-01 9.881671928942157290e-01 7.463975904878106249e-01 7.708289536049021118e-01 3.412599513793760364e-01 3.127354639514149381e-01 8.773270741384986415e-02 5.211298614255814865e-01 9.206724214659932626e-01 5.050344125904078219e-01 1.764666030311375922e-01 1.516333070881655809e-01 3.324771539094779627e-01
9.181790897498337545e-01 9.225931645326758712e+01 1.588110642123467358e+02 1.739415674858683474e+02 1.734082557279097898e+02 1.134283260069879162e+02 1.371543544611865855e+02 3.369181109552584275e+01 1.452677496858417499e+02 1.643289245239739103e+02 1.570454795069166494e+02 1.703629984656648730e+02 8.697666152455342115e+01 1.697239034067295620e+02 1.551952365508471416e+02 1.535442498467949690e+02 1.597506725706824113e+02 1.377724391103699872e+02 1.535784004721638496e+01 1.376208938841634790e+02 1.591671767549460128e+02 1.507228925762643996e+02 1.436873347969234374e+02 1.734791737614157796e+02 1.018957774759993953e+02 1.771211493502393353e+02 1.655760298718869024e+02 1.405148092783704499e+02 1.832799501048523894e+01 1.385837527442612043e+02 1.586392281511702436e+02 1.482161150476543696e+02 1.335622590203969082e+02 1.241774736358288465e+02 1.365357170097084065e+02 1.657867875740414831e+02 1.663045551492703567e+02
2.316815912426098967e-01 1.997459487379867369e+02 3.262544105199748401e+02 3.524146990083784203e+02 2.873219964415302456e+02 2.700990484258663287e+02 2.260889202305003494e+02 6.913970061188466332e+01 2.199291103397324605e+02 3.230769627513311093e+02 3.248978067275865556e+02 3.122260485696163528e+02 1.910838887872778002e+02 3.126440588201597848e+02 3.246758970818657986e+02 3.198406692136898641e+02 3.051426811739361824e+02 2.001564129258220532e+02 3.027353509717456603e+01 1.997622402506643198e+02 3.033819023617305106e+02 3.134541672022793364e+02 3.036532335491044705e+02 3.284562726065723268e+02 2.252963411088899193e+02 3.251415123051063460e+02 3.122135250140442508e+02 2.071472799363216097e+02 3.650410172789914043e+01 2.042982256833076065e+02 3.037601011704417715e+02 3.084015461356687524e+02 2.851244760024967491e+02 2.678843426961907426e+02 2.912248495515493119e+02 3.330013981238842575e+02 2.887876341603488299e+02
4.962227537887260453e-01 3.227353967155869441e+02 4.634255218522620225e+02 5.082413881153090074e+02 4.337386574613665289e+02 4.121666185378041405e+02 2.890893899822045796e+02 1.072694522233388739e+02 2.927560045923410144e+02 4.375868890083932001e+02 4.837963637660915310e+02 4.243698614320521187e+02 3.124927247364549316e+02 4.274537280777290675e+02 4.925960626773770059e+02 4.697736585647765537e+02 3.733915416968958425e+02 2.090348387562778498e+02 4.371499497219132024e+01 2.087230252009132982e+02 3.716865574447388667e+02 4.624549434157580663e+02 4.706652807731962298e+02 4.736313564475798898e+02 3.660967858104643256e+02 4.415534151487860299e+02 3.843955417057718478e+02 2.223941737699226451e+02 5.327174765443632509e+01 2.167332387038882189e+02 3.755204441107981097e+02 4.568540137778522308e+02 4.509083663533682511e+02 4.314303349853283862e+02 4.553408028532409730e+02 4.526443839545636365e+02 3.266267697332608577e+02
8.729553682324386887e-01 4.638330037996346391e+02 5.964029849939898895e+02 6.351505065916850299e+02 5.910949406277974276e+02 4.846996460837252130e+02 3.124271214514255348e+02 1.432931122668192359e+02 3.149742503668351219e+02 4.936166929416696689e+02 6.014488328188474497e+02 5.662207762904478159e+02 4.561977705713416071e+02 5.743878883950975478e+02 6.157975140060992771e+02 5.317761751799355352e+02 3.715319098850588375e+02 2.037730750964672666e+02 5.623141192034902502e+01 2.039169994013080895e+02 3.718858933225620831e+02 5.321676252362212836e+02 6.179007661481855394e+02 6.150055209045450511e+02 5.202418397629685387e+02 5.382245118221919711e+02 4.190760694610863766e+02 2.378304036872756626e+02 6.950461051416459668e+01 2.147217624308086386e+02 3.778170690873225794e+02 5.294704652319037450e+02 6.038084026285039272e+02 6.045989410077670527e+02 6.161163040586928901e+02 5.097240179986354747e+02 4.676131357867402585e+02
2.886263241252786660e-01 6.286027693816217834e+02 7.356780966757829674e+02 7.636046204008233644e+02 6.649191419036646948e+02 4.980068752006028490e+02 3.267997956858500288e+02 1.778389629019389417e+02 3.302812073450402863e+02 5.051093669128510442e+02 6.603590772268424871e+02 6.757370463928400568e+02 6.218330301459556040e+02 6.991624740968103424e+02 6.747594071777070894e+02 5.252041331444829666e+02 3.550550855255099805e+02 1.998600487049733658e+02 6.827450266322658479e+01 2.008137997442330516e+02 3.581761716618320293e+02 5.321120657018104794e+02 6.881910332922631142e+02 7.309931834574205141e+02 6.555450943066201717e+02 5.704266488351797761e+02 4.042875163141892472e+02 2.330567557838641051e+02 8.466294651418409956e+01 2.108994186907170558e+02 3.586826785328202618e+02 5.212431331474433591e+02 6.745730483564475435e+02 7.556959091133471702e+02 7.554624039038992578e+02 6.498433651942709730e+02 6.255267233229615158e+02
1.263618270757080886e-01 8.163104062061264585e+02 8.624349893856139033e+02 8.227025281962374947e+02 6.732661062722064571e+02 5.017912843800637575e+02 3.449782490630292386e+02 2.122954132263477049e+02 3.584257420762293123e+02 5.299683941858729668e+02 7.074425025441402113e+02 8.082686341384181787e+02 7.906740485989770377e+02 8.027805405966656735e+02 6.967319969871516605e+02 5.218311318335261149e+02 3.533917844416963590e+02 2.061642956374110724e+02 8.047918959347781254e+01 2.098495909394328862e+02 3.639163021822944870e+02 5.414545384202377818e+02 7.200134787444239919e+02 8.012972602586114590e+02 7.085174116507738518e+02 5.490896882912875299e+02 3.806535790838483422e+02 2.286766269288337696e+02 9.903432109025263230e+01 2.047879945138164430e+02 3.358306939772897977e+02 4.897633065648292927e+02 6.634606823110444793e+02 8.291105193183684605e+02 8.788690403390789925e+02 8.127367332671566373e+02 7.954760917980672730e+02
9.267709117039282241e-01 9.841402131868435390e+02 9.398401760731441072e+02 8.295215487615637358e+02 6.885025247100459183e+02 5.247566616762859439e+02 3.767669499785403673e+02 2.468968457148613140e+02 3.792029928487446568e+02 5.372763334847832084e+02 7.141662573852651121e+02 8.718951258410374976e+02 9.105783619026600491e+02 8.304836892667548227e+02 6.654612147752570763e+02 4.925873541549224797e+02 3.390153234108730089e+02 2.062272278120443048e+02 9.245072045082217471e+01 2.210521995923867564e+02 3.737012198274451862e+02 5.509167319391750652e+02 7.318448393482668735e+02 8.069404932988772998e+02 6.824691088624632584e+02 5.164570197000909957e+02 3.620033100736519600e+02 2.287186887997665963e+02 1.159980711102262205e+02 2.908104183211337954e+02 4.435275329494666039e+02 5.894058819028425660e+02 7.404543415783455202e+02 8.844648943555870346e+02 9.767411805770962019e+02 9.771531241632465026e+02 9.512512661505027154e+02
2.776309993271248722e-01 1.064152993611775628e+03 9.136132646158104080e+02 7.396244380731346837e+02 5.920939492670111122e+02 4.697025805385856074e+02 3.653901406952904836e+02 2.801117566441972713e+02 4.106102566526645887e+02 5.642167915393933981e+02 7.389327394203196491e+02 9.048856675126836535e+02 9.406558343290221273e+02 8.053756936614743154e+02 6.317105789265075373e+02 4.697465707169438360e+02 3.291311820761030731e+02 2.075118772448040829e+02 1.042770289609000542e+02 2.318510793875162790e+02 3.823162629690648942e+02 5.569938948509753800e+02 7.367564798825642356e+02 8.097549273958720732e+02 6.724239879108173454e+02 5.017368957128294937e+02 3.508725623830991367e+02 2.295770004464839928e+02 1.348291037644407595e+02 2.893472583160789213e+02 4.307601054382772077e+02 5.730578989358796207e+02 7.094883098827481263e+02 8.392044667437130556e+02 9.508061423695040730e+02 1.029680886948084662e+03 1.038879183508525557e+03
9.318843462478106909e-01 1.138286160259266126e+03 9.968403385103122218e+02 8.505084406301825766e+02 7.204367843313898447e+02 6.171609197798892410e+02 4.884462094579259315e+02 3.221248348855667132e+02 4.477584290270539213e+02 5.967654877531090278e+02 7.676958157296303398e+02 9.318416856081976221e+02 9.567395436203855752e+02 8.094645587527495536e+02 6.353541723370952923e+02 4.762265739553371873e+02 3.357795276024735927e+02 2.098418213508282406e+02 1.158967303265963977e+02 2.393996567403260087e+02 3.837965166429155488e+02 5.523031091024644184e+02 7.340247947323593962e+02 8.437464212275261843e+02 7.686501807515286373e+02 6.097077978830598113e+02 4.621325093239445891e+02 3.497431777785100735e+02 2.585647750610306730e+02 1.677024680037611120e+02 3.189060511679281831e+02 4.485622797336589542e+02 5.789891695419057669e+02 7.044460909859909634e+02 8.333028747417693012e+02 9.714087969510436551e+02 1.051166669212341276e+03
8.878807565888846565e-01 1.208078137417694734e+03 1.099624681708401340e+03 9.654587775745925455e+02 8.281683590011411980e+02 6.796380921035878373e+02 5.273759632297147846e+02 3.646467969914256173e+02 4.800898670625195450e+02 6.223469316598781234e+02 7.907083920395344876e+02 9.593178780096679930e+02 9.788439438775242252e+02 8.334910655200659448e+02 6.659991318107508960e+02 5.149736071933068615e+02 3.830398146330996951e+02 2.865280016477144613e+02 1.292171133411199264e+02 2.336768470031284437e+02 3.630761688847415485e+02 5.166112612474076968e+02 6.935915795870071179e+02 8.556253130718394004e+02 8.520867211262481078e+02 7.247691009216230213e+02 5.981651849684249100e+02 4.809160517100648349e+02 4.014628888757254686e+02 2.993675489258914126e+02 1.982293607417747978e+02 3.315245400689991015e+02 4.489878092614031289e+02 5.751202254488514427e+02 7.174272254066377172e+02 8.571791879829901291e+02 9.984248125258804976e+02
1.076989111878363659e-01 1.223106107686866153e+03 1.109268145762826862e+03 9.603848613005499146e+02 7.969874494629610808e+02 6.078710081383723036e+02 4.519145466726224072e+02 4.255065147785776389e+02 5.875486253797457721e+02 7.307814465374437987e+02 8.798623028114765248e+02 1.006333394659876035e+03 9.966519687999413009e+02 8.562841031660342423e+02 6.975268989959012060e+02 5.566320908179238813e+02 4.315830517979712795e+02 2.889179593322378992e+02 1.438094762929167416e+02 3.158427750841046304e+02 4.642022431850563180e+02 6.063818735914363742e+02 7.568229575968986182e+02 8.929425175864962512e+02 9.321671041110628266e+02 8.577171257430879905e+02 7.249149828329724414e+02 6.070090336003939910e+02 4.406633681953526889e+02 2.713534407417982948e+02 3.249679623064459406e+02 2.304280076551634693e+02 3.497487750615553068e+02 4.709885600592635342e+02 6.003859804512563869e+02 7.498990548352852556e+02 9.110219407787774344e+02
3.056402980978204509e-01 1.172780402158537299e+03 1.026124299606660088e+03 8.679209481611363799e+02 6.969519633840809547e+02 5.528526980044941865e+02 5.955540594946135116e+02 5.012215949033695779e+02 5.857298412874654332e+02 7.216955876547226580e+02 8.859392598020779133e+02 1.031549415841284372e+03 9.807588161484381999e+02 7.872618384461044343e+02 6.021666703592923113e+02 4.447192107659520843e+02 3.302892278805645105e+02 2.354109629208815022e+02 1.582519433885309752e+02 3.079760189870751788e+02 4.341916040824817173e+02 5.651968625126013421e+02 7.074059594760739174e+02 8.514603249931384426e+02 9.579417311986646837e+02 9.422916063468506991e+02 8.251821993401015334e+02 6.538873162165847361e+02 4.787479578381229999e+02 3.229315341358278602e+02 4.327479280437691500e+02 3.902980325588005144e+02 2.627110231862795899e+02 3.789521153788085712e+02 4.965126162134005199e+02 6.361466602985552754e+02 7.835827902854479134e+02
3.141051491461075429e-01 1.121381173079545079e+03 9.499316007660838750e+02 7.792886969025286135e+02 6.538086992244831208e+02 7.299076388514008613e+02 7.284018144632515259e+02 5.963404064026107108e+02 7.082415894333199731e+02 8.210082010232335961e+02 9.671598612819362870e+02 1.088266995520768660e+03 1.018200819390743163e+03 8.240420149392641633e+02 6.502603673732597827e+02 5.498843703751683734e+02 4.509767479420078757e+02 3.607883664135113122e+02 2.773922225302138145e+02 1.795160748215498927e+02 2.917468985245759541e+02 4.241771692538576985e+02 5.784842706035032052e+02 7.565613875818327188e+02 9.331644027514112167e+02 9.723696435980027672e+02 8.572238985549640802e+02 7.023658889592298920e+02 5.434186599970387306e+02 3.885626322159884580e+02 5.317972265664418501e+02 5.139167833087875579e+02 4.021321888392452593e+02 2.877438091190425098e+02 3.893823349224743993e+02 5.154191127789108577e+02 6.690463405276950652e+02
9.718844658875668285e-01 1.117851337151963662e+03 9.468146362873349062e+02 7.598148096552158677e+02 7.942963037339176253e+02 8.857661070033934720e+02 8.534268558660108965e+02 7.082668609866844918e+02 8.454429390429112345e+02 9.526696551785393012e+02 1.069342149944547373e+03 1.165049264712665490e+03 1.091165441685793667e+03 9.271478217242178061e+02 7.993319405289922770e+02 6.938498328666030375e+02 5.919996197903352595e+02 4.850637996133793308e+02 3.618381051661647803e+02 1.915276442274258386e+02 2.848966387918906662e+02 4.229631141495862039e+02 5.792939563737526214e+02 7.572723672598974645e+02 9.297369448886875034e+02 9.568552934224537694e+02 7.983757922506316618e+02 6.250078916379316070e+02 4.760214753350820729e+02 5.469797499442041726e+02 6.400261762308675770e+02 6.198565845189167476e+02 4.834296578178585833e+02 3.056144232078571576e+02 4.144223125224279443e+02 5.394823498911189290e+02 6.815091581055725101e+02
5.961935879341684341e-01 1.159773198960743457e+03 9.947399557151491081e+02 8.373219579825139363e+02 9.448987523692329660e+02 1.030688621947306729e+03 9.871273044506043561e+02 8.507935425790304862e+02 9.078642201060537218e+02 1.066297761009410806e+03 1.188076879874197857e+03 1.233834998000117139e+03 1.155306545461628730e+03 1.037123726364962749e+03 9.263873441019035226e+02 8.215428274298700444e+02 7.060804876839108601e+02 5.551188841121440873e+02 3.757120423660237520e+02 2.067289872827899160e+02 3.626071690078090910e+02 4.530163444353052569e+02 5.952299067858270973e+02 7.680590341416312867e+02 9.477976558995942469e+02 9.856500457526971104e+02 8.415156466878390802e+02 6.773552432513323538e+02 5.379488155669256457e+02 6.689690211079038136e+02 7.532213745988965456e+02 6.874991605656516640e+02 5.019058057871861251e+02 3.292481675888903396e+02 4.655201502918361030e+02 5.949933387461768461e+02 7.312368321581739110e+02
9.808708604496172434e-01 1.233248313722125431e+03 1.102005621877562362e+03 9.272832687465358958e+02 1.060918309927467135e+03 1.167465988492241195e+03 1.133007335333115407e+03 1.015129293334646832e+03 1.070944559734106633e+03 1.182432999059172516e+03 1.247052072145898592e+03 1.210724404469993488e+03 1.113873742302567507e+03 1.006819434957640283e+03 9.080572619586008614e+02 8.160739060088213819e+02 7.024219070418870388e+02 5.401584388570480542e+02 3.719923305952397072e+02 2.204737364906754067e+02 3.711850974270382153e+02 5.319136913416793959e+02 6.882089028909812214e+02 8.490745432994525572e+02 9.957057635837486487e+02 1.027185065442100722e+03 8.802236707780210736e+02 7.214369533279627831e+02 6.073248534693059355e+02 7.660302032780784884e+02 8.539841659573693278e+02 7.749593110303948151e+02 6.002827852310584831e+02 4.601630980947111880e+02 3.650614366625798084e+02 5.099168241498171597e+02 6.343324364132035953e+02
