docs/source/tutorials/species_evolution/model_grid_steady_state_elevation.txt
ncols 300
nrows 100
xllcorner 0.0
yllcorner 0.0
cellsize 50.0
[rows 34 to 50 of 100, columns 185 to 221 of 300]
1.062125445129965783e+03 1.179045218003264381e+03 1.312089669427964964e+03 1.465754944339135363e+03 1.638789071114306125e+03 1.794826744090311877e+03 1.779377972655011263e+03 1.620242565104697633e+03 1.449219741418551621e+03 1.297565291744902652e+03 1.166300436695757980e+03 1.052505346278454908e+03 9.770680634739530888e+02 8.409274098957590695e+02 8.947000269988578793e+02 1.044364011518580128e+03 1.200187056664333113e+03 1.254583466234628304e+03 1.173169081698383252e+03 1.039886506596119716e+03 8.882478218041376294e+02 7.306922940587800213e+02 8.405922054069495744e+02 9.361380834749849100e+02 1.031376648479152664e+03 1.112535138633340694e+03 1.082008707741944136e+03 1.209810379415562693e+03 1.360506480722494416e+03 1.532956836252564472e+03 1.695131837130272515e+03 1.703964023623646199e+03 1.559939233866118229e+03 1.414625780903893883e+03 1.286131006483446072e+03 1.174178351486855490e+03 1.076222681866797757e+03
1.159836642352574017e+03 1.290652510319441717e+03 1.425107178027057444e+03 1.575550258647435840e+03 1.730941006251546469e+03 1.836958131551687984e+03 1.787019918699376603e+03 1.624565541199831387e+03 1.454847869812844010e+03 1.300566791293472988e+03 1.160020366482310465e+03 1.027154327456956935e+03 9.088038921383681554e+02 1.007391348828735772e+03 1.051721511227032579e+03 1.187267753588970891e+03 1.271193246383770656e+03 1.231021214353580717e+03 1.086772291857196706e+03 9.454508573402833917e+02 7.909736119890478676e+02 9.013238436952533448e+02 9.315264369520322134e+02 1.053677467515558646e+03 1.170944723656524957e+03 1.266791401244621738e+03 1.237428196952336975e+03 1.238034742247832128e+03 1.383700786431879351e+03 1.558140323211449640e+03 1.727997438598560620e+03 1.755285757120379458e+03 1.656103547685623198e+03 1.535567870043463472e+03 1.421798853486523285e+03 1.319740143440662223e+03 1.229276707801128623e+03
1.143950647926067177e+03 1.263126542210409070e+03 1.406607282428869894e+03 1.583291647807660638e+03 1.773119409054400649e+03 1.856816708449007365e+03 1.765148757087053355e+03 1.618757816539513215e+03 1.472448930414964252e+03 1.340160302372736396e+03 1.222484567858606624e+03 1.102827392367797529e+03 9.650083297140545255e+02 1.116351960750851731e+03 1.218554322730771446e+03 1.315002028714296330e+03 1.321118083953741234e+03 1.176839061278346662e+03 9.970840602278786946e+02 8.406563138564375777e+02 9.533884782666160618e+02 1.049267285772371906e+03 1.093233491685845138e+03 1.194455031373022166e+03 1.306450858198861397e+03 1.412446508234875182e+03 1.407450149483799123e+03 1.386058451928840213e+03 1.509542777735429127e+03 1.671296169925380809e+03 1.775692162593662488e+03 1.751416377563403103e+03 1.644782996043109961e+03 1.530230873548733143e+03 1.424009151988757139e+03 1.327084256185531785e+03 1.235409634761405641e+03
1.253014336372177013e+03 1.382810029911664969e+03 1.518290800803990805e+03 1.669089757009406640e+03 1.825315533185168761e+03 1.845061356449360119e+03 1.685472469377463312e+03 1.511087167072630109e+03 1.358111163557758118e+03 1.226779579518465880e+03 1.114007801981325201e+03 1.037307404892014802e+03 1.112890358290878794e+03 1.232971159367382370e+03 1.370499492781063964e+03 1.429704398049989777e+03 1.353370234200643836e+03 1.167267244358567496e+03 1.002350985658905302e+03 8.707343182571415809e+02 1.015513937568434358e+03 1.147056538623127153e+03 1.248858861064770508e+03 1.347625358272728818e+03 1.449976102207966960e+03 1.541701584730031527e+03 1.580208619667175299e+03 1.575916393593099883e+03 1.640131683233304557e+03 1.769073025852076398e+03 1.796496429464687481e+03 1.684597942186656610e+03 1.523428924317963492e+03 1.393678600253112563e+03 1.283511102670351875e+03 1.186366610407884991e+03 1.097473832254750732e+03
1.328789305869315513e+03 1.482305673716422461e+03 1.626590935927425562e+03 1.770245127246042557e+03 1.887140153715276483e+03 1.868854222132588802e+03 1.703944016489849673e+03 1.530496502213274425e+03 1.379062649363986566e+03 1.248541830949270661e+03 1.231770273422131595e+03 1.107842962814974044e+03 1.246584596198530789e+03 1.366048436971571164e+03 1.487182237207645358e+03 1.515972472566495753e+03 1.395962393887996313e+03 1.262502891258340924e+03 1.102717177895169243e+03 9.160644058044122175e+02 9.377686376196880929e+02 1.114099360866694042e+03 1.258002900592256083e+03 1.383847317552563936e+03 1.491426296315027002e+03 1.587302567062040907e+03 1.672068798904641199e+03 1.731295122803257982e+03 1.803232827507571074e+03 1.861452390311980253e+03 1.792271638607539899e+03 1.589153729548455203e+03 1.403578443147897588e+03 1.256303307010619847e+03 1.136656348308401675e+03 1.034049290966082935e+03 9.430235035097828131e+02
1.303033261440151364e+03 1.450524634236677230e+03 1.611332347685585773e+03 1.782398203357869306e+03 1.927570169895426261e+03 1.901481225104056875e+03 1.724894624115810302e+03 1.551591921428942214e+03 1.413846786099269821e+03 1.399524745145431552e+03 1.294900821584370760e+03 1.187270505386472223e+03 1.345451898284253048e+03 1.499884993251384458e+03 1.581186201897756519e+03 1.542921714507197748e+03 1.415246715590791609e+03 1.281050735314638814e+03 1.137147989196678054e+03 9.777233565964070294e+02 1.074833244616375850e+03 1.013693178926643668e+03 1.165587495745212664e+03 1.283028505457270739e+03 1.378168064220129509e+03 1.478498629152332342e+03 1.606442571720503565e+03 1.723069298898335319e+03 1.842977973973686403e+03 1.929690471249492703e+03 1.849886556580245951e+03 1.672633201877359852e+03 1.517196881439726440e+03 1.386317308796230463e+03 1.273689798394337231e+03 1.171955556262476875e+03 1.073577048017537891e+03
1.402476556100007201e+03 1.484775226215657995e+03 1.632936803384111045e+03 1.807156892569278170e+03 1.970493919690914709e+03 1.967605206158063993e+03 1.825096818273614872e+03 1.685747108935236838e+03 1.571882546512381623e+03 1.498243193097768426e+03 1.390369647266494439e+03 1.278028367622880751e+03 1.435474482497930694e+03 1.591759393097976044e+03 1.634927403215268441e+03 1.503992212096290586e+03 1.326258569687755426e+03 1.166252804062120958e+03 1.060002240767583999e+03 1.157868431693023467e+03 1.215772957346974636e+03 1.155131112801408790e+03 1.073670451452192310e+03 1.147837300440133049e+03 1.234957608995803412e+03 1.337583526999412243e+03 1.462389541809997581e+03 1.611301152357987576e+03 1.780839965175644693e+03 1.933585045131209881e+03 1.899623141143888915e+03 1.768669487366560361e+03 1.630597375268352607e+03 1.504808835990975467e+03 1.390478536595160222e+03 1.279700054915462260e+03 1.151867112792104535e+03
1.503638484184107710e+03 1.635333870211057047e+03 1.764081501535146344e+03 1.925277834921787417e+03 2.041915694379649267e+03 2.047229516494167456e+03 1.960368639366741490e+03 1.836506220684549817e+03 1.737754891277601473e+03 1.629041053618873093e+03 1.499301528657065774e+03 1.384127753127171673e+03 1.531258904117770271e+03 1.672758476224579226e+03 1.672838558882542657e+03 1.514816663883080309e+03 1.338127994399617592e+03 1.222112066976868391e+03 1.122338330370429048e+03 1.282901998370238516e+03 1.346711680951006656e+03 1.260216485875170292e+03 1.124253111291511004e+03 1.248276816637712955e+03 1.346796892736517066e+03 1.437775184229520391e+03 1.560191183647827756e+03 1.713544914589874224e+03 1.879036848662687134e+03 1.970964324357765008e+03 1.900414939196458818e+03 1.754703538778409666e+03 1.606342120892059256e+03 1.471132400264425769e+03 1.348250316402629551e+03 1.234412893873076200e+03 1.104618607635051603e+03
1.624040392885420715e+03 1.764733654422362179e+03 1.911028748383215998e+03 2.020369978503068978e+03 2.087043208309306465e+03 2.067648949131185418e+03 2.042712627964496505e+03 1.983476364928272460e+03 1.896754326961055312e+03 1.763989413333616312e+03 1.636389706352093754e+03 1.512505314986450458e+03 1.645477347352933521e+03 1.761893639509976992e+03 1.720787472300267609e+03 1.548501725611001575e+03 1.409153995378914033e+03 1.290226866852732201e+03 1.193149667255395116e+03 1.369586899267921581e+03 1.441789422886818102e+03 1.333004692357536669e+03 1.181710182927464075e+03 1.335257208969482690e+03 1.465702940304365256e+03 1.574507160075867660e+03 1.673820562717540952e+03 1.813492526571098097e+03 1.957642081576409055e+03 1.985408165387177633e+03 1.852404214557910336e+03 1.653974192431713846e+03 1.480325315502201647e+03 1.332285916361673571e+03 1.201285347572366618e+03 1.082112399576895541e+03 9.947903466201437368e+02
1.752987460325849725e+03 1.903486857239218580e+03 2.005954745901033448e+03 2.044053572715036125e+03 2.001951885216456276e+03 1.924377960633100884e+03 1.990527310917826753e+03 2.033158878698627632e+03 2.003634929661950082e+03 1.915111194627003670e+03 1.783591580422876405e+03 1.670162749683860056e+03 1.800533235149988741e+03 1.868256717298368585e+03 1.777980594953422496e+03 1.625370194431163554e+03 1.486578207109926552e+03 1.372936890107435147e+03 1.272532413749266880e+03 1.450136572041854834e+03 1.520609069235992820e+03 1.401612013312479576e+03 1.244039770704493776e+03 1.404528042025872992e+03 1.552455149608819511e+03 1.685628120646092157e+03 1.808055005545279755e+03 1.914381490695493085e+03 2.026558449783552533e+03 1.981685156254589856e+03 1.790034223999973847e+03 1.611817503666238963e+03 1.461696295583443316e+03 1.334823256494373027e+03 1.225841146232229221e+03 1.187513391992250035e+03 1.043030436148167382e+03
1.912949403539636933e+03 2.005683374462430720e+03 2.034287089462118956e+03 1.968273042094638868e+03 1.848038686366205411e+03 1.742537104845883050e+03 1.845488771832433713e+03 1.965981717858854381e+03 2.037160318830604183e+03 2.024260413893281793e+03 1.952529675621091201e+03 1.855560150883222832e+03 1.950613166847639150e+03 1.983451834124637799e+03 1.864240711827701716e+03 1.714080796993142712e+03 1.583867602055434190e+03 1.461991878171297913e+03 1.361287707771716896e+03 1.534092183116615161e+03 1.599171433301322622e+03 1.477791207947194152e+03 1.325382511326753729e+03 1.359915196665525173e+03 1.499636235720906598e+03 1.655397812684178916e+03 1.823019158844050025e+03 1.989998831189340308e+03 2.091470098486010102e+03 2.033082572335210671e+03 1.882082652129455255e+03 1.731030605017799417e+03 1.595312271062739001e+03 1.476350640132716535e+03 1.368904902630697961e+03 1.247687291201883681e+03 1.098416363065032328e+03
2.043672598375965435e+03 2.054385317037792447e+03 1.976110667234901030e+03 1.839334943160900821e+03 1.708314759632226014e+03 1.583097952999167774e+03 1.707742656618102274e+03 1.838887209813477057e+03 1.977441179052497773e+03 2.061669178400067267e+03 2.071207666362486179e+03 2.043810471998805951e+03 2.083679861963022176e+03 2.081828660285939804e+03 1.963115332238552583e+03 1.828864707751862625e+03 1.688700459557553359e+03 1.569857146611467215e+03 1.462283650853461495e+03 1.627493015088655056e+03 1.686268381212902341e+03 1.566803690965335591e+03 1.424304300137406699e+03 1.515906626770657340e+03 1.494269106837496565e+03 1.643818675748178975e+03 1.814068605776109052e+03 1.994077850323023540e+03 2.111621198521975202e+03 2.049918151777064850e+03 1.883066835282168086e+03 1.741927359400204068e+03 1.608592127974870891e+03 1.490954341693885908e+03 1.359985506995991955e+03 1.190424719816307743e+03 1.196028085179270647e+03
2.101486172496807285e+03 2.007477126794190099e+03 1.862542481946079761e+03 1.721640400290309799e+03 1.577254663638151442e+03 1.455239317502620452e+03 1.577047240788695262e+03 1.721067942127221841e+03 1.860562837315218530e+03 1.998975509435158529e+03 2.070480532414292156e+03 2.069749424782891310e+03 2.116482739338759075e+03 2.140444042455242652e+03 2.073587085044894138e+03 1.943732545869752812e+03 1.816618423274346469e+03 1.687251207787703152e+03 1.579962471380655188e+03 1.734560385349483795e+03 1.786534825401938861e+03 1.671111995100644435e+03 1.539854515945236926e+03 1.655048800698799596e+03 1.642535961469969607e+03 1.643035563160622360e+03 1.779576908382216061e+03 1.944520055566104702e+03 2.097539006867052194e+03 2.036068060699724128e+03 1.842332727696012171e+03 1.642821521049517969e+03 1.482621272378140930e+03 1.367784768743113773e+03 1.275664477090470882e+03 1.328198072651376151e+03 1.312645684891824430e+03
2.043352061708407746e+03 1.896466709442866431e+03 1.753961001821423451e+03 1.605289310792780043e+03 1.474099271672809891e+03 1.351653551188793017e+03 1.474006821721360438e+03 1.604854641777665620e+03 1.751285332478848431e+03 1.881307911154074645e+03 1.953111283488462504e+03 1.908498170639721593e+03 2.005879895531033071e+03 2.088318867745708303e+03 2.122101391514651823e+03 2.061797768016731425e+03 1.943939217954514561e+03 1.833181987574360846e+03 1.719802362633101438e+03 1.858529462421165135e+03 1.902332422995988736e+03 1.793738316191369677e+03 1.677789497362911789e+03 1.790997861193697872e+03 1.805125959958793601e+03 1.784947289240385999e+03 1.902660225450033522e+03 2.034013250590029884e+03 2.145296570345185501e+03 2.063763712120968194e+03 1.863155175068518929e+03 1.683593363189662341e+03 1.572325747473334786e+03 1.455969851675123209e+03 1.349758780332971810e+03 1.467102989314241540e+03 1.441911866881821652e+03
1.923885062328984532e+03 1.786108565680864331e+03 1.641621714706878265e+03 1.511087870740230983e+03 1.380622893666674372e+03 1.265634547047988235e+03 1.380702568495640435e+03 1.511647352842455803e+03 1.643909787283661672e+03 1.798891803548586267e+03 1.817056596173307753e+03 1.722376659657054006e+03 1.834480633425110227e+03 1.968367826560550157e+03 2.065503561292136055e+03 2.113064278781377652e+03 2.072906133014014358e+03 1.995808185501780599e+03 1.883239960186174130e+03 1.998763626747370608e+03 2.032105888482655018e+03 1.938118656711249741e+03 1.852036012007161389e+03 1.919086935380938939e+03 1.972091703638678382e+03 1.954289023247305749e+03 2.038210859124162653e+03 2.153559323115180632e+03 2.214290247103275306e+03 2.131905551374336028e+03 1.963050843802385771e+03 1.817535010586665294e+03 1.678350522719880701e+03 1.555136169526703497e+03 1.437271375797727387e+03 1.576005643457632004e+03 1.580185930072211931e+03
1.816003698489268345e+03 1.667958919619784638e+03 1.545990322672013917e+03 1.421382606121777826e+03 1.305361554632011803e+03 1.192680068614399033e+03 1.305392196419728862e+03 1.424806656513855614e+03 1.606284322158496707e+03 1.704899637289895963e+03 1.686605298709328281e+03 1.561998190473447039e+03 1.682565832165685606e+03 1.808463586443876920e+03 1.945178784805115811e+03 2.042695963366442811e+03 2.107905330387160575e+03 2.112228309951349274e+03 2.061803226552927299e+03 2.142409591320569234e+03 2.159017806027491588e+03 2.096408687192713387e+03 2.037275239163169999e+03 2.051656738182996833e+03 2.080008684060147971e+03 2.093997829916848332e+03 2.150548668269366317e+03 2.211779507065419239e+03 2.227626942101124314e+03 2.187598408216891130e+03 2.085285751329132836e+03 1.939473400945348430e+03 1.802224294748612238e+03 1.660453538086920162e+03 1.538255026866499293e+03 1.682464285448748569e+03 1.729962105955645256e+03
1.726033445232245867e+03 1.556360724157412960e+03 1.447717216887468339e+03 1.345084946856617307e+03 1.234537320586766555e+03 1.129245859704779605e+03 1.234223291032463521e+03 1.401988619996382113e+03 1.545996040310963053e+03 1.559563442735069430e+03 1.557825193262598987e+03 1.429353492311480977e+03 1.539944189419106124e+03 1.665178607442060411e+03 1.780395453684669974e+03 1.898708876727861707e+03 2.038995948480210927e+03 2.145811435366860678e+03 2.206877335734569442e+03 2.245890160385704803e+03 2.213597929923765150e+03 2.129761732044239125e+03 2.050049071870899752e+03 1.999038343727104802e+03 1.984827341540271846e+03 2.018482465636276174e+03 2.081210410957508429e+03 2.108389677932539144e+03 2.097661600131669729e+03 2.151553211219967579e+03 2.148768889168823534e+03 2.065488726004655291e+03 1.925993578781979977e+03 1.791237550150244033e+03 1.659545722300314310e+03 1.772113749153724257e+03 1.888670163105877691e+03
