docs/source/tutorials/species_evolution/model_grid_steady_state_elevation.txt
ncols 300
nrows 100
xllcorner 0.0
yllcorner 0.0
cellsize 50.0
[rows 51 to 67 of 100, columns 148 to 184 of 300]
1.488149264002449399e+03 1.608444061480990513e+03 1.581673912715736606e+03 1.654053015848043287e+03 1.748416798001046118e+03 1.884301665252942939e+03 2.041233845210857908e+03 2.034303809134351923e+03 1.895528855650911964e+03 1.752339266357139195e+03 1.635791638885386874e+03 1.523599457500304425e+03 1.404397554632253105e+03 1.295656162466512569e+03 1.193999293221351081e+03 1.364985993224930326e+03 1.518590385589127663e+03 1.536279224346771571e+03 1.400468319711890899e+03 1.239703926615616183e+03 1.333360874393380300e+03 1.424558585472305367e+03 1.519679896532486737e+03 1.620881935018989225e+03 1.753416384573202777e+03 1.918935428663240373e+03 2.092541648253652056e+03 2.145724114763246234e+03 1.999926974040367213e+03 1.859523446697367945e+03 1.749270762692073504e+03 1.733351863804221921e+03 1.593975053049196731e+03 1.483026966782617819e+03 1.634814134404286278e+03 1.774530100591070777e+03 1.823253866552074442e+03
1.402691406135749958e+03 1.507815581098190023e+03 1.458185790985906806e+03 1.500572160393875265e+03 1.638725995851541484e+03 1.822700024998770004e+03 1.975851838455819234e+03 1.946049473883744213e+03 1.792636734899339217e+03 1.641716371565149302e+03 1.521339139699604857e+03 1.422380162875248743e+03 1.322108583680505035e+03 1.214823831065431250e+03 1.117665793372417738e+03 1.283287126047732954e+03 1.432476182576937390e+03 1.443595080218064368e+03 1.326979675295724974e+03 1.180693336274371177e+03 1.263699266717929731e+03 1.342016641385228922e+03 1.423588685684643224e+03 1.527525562069075249e+03 1.661749740883189816e+03 1.825615277834634526e+03 2.025343852816291928e+03 2.097309036058152742e+03 1.944877475884392652e+03 1.765769427596391324e+03 1.629514540739700806e+03 1.627578205076523545e+03 1.524369095951561576e+03 1.400652048847031665e+03 1.533731379333030191e+03 1.637751108454024461e+03 1.722703401458453300e+03
1.338789940842477790e+03 1.375511773293806755e+03 1.349633724412940410e+03 1.474315106455359683e+03 1.632785838681568976e+03 1.812888730696815401e+03 1.937685824027466197e+03 1.863760358023147091e+03 1.694212246795615101e+03 1.537568346349384910e+03 1.418787369361640458e+03 1.329384544182872105e+03 1.242288002727299954e+03 1.147497257492248309e+03 1.051364391564344032e+03 1.202502917366271049e+03 1.341488538581399780e+03 1.324861904735907046e+03 1.222548371465379432e+03 1.129045198736109114e+03 1.187802052104512541e+03 1.255737733828608270e+03 1.337913898615885046e+03 1.441698702220421865e+03 1.580684935206902765e+03 1.780583600622177073e+03 2.005796510682662074e+03 2.118813914334058609e+03 2.016299734869904796e+03 1.852152335193552290e+03 1.665419990409661978e+03 1.490257664267305245e+03 1.401978340667327302e+03 1.328796179085924223e+03 1.400234390239972527e+03 1.496434152671704396e+03 1.596550472774833452e+03
1.251160554957195245e+03 1.236712810177561551e+03 1.383987063200068405e+03 1.557082408622688035e+03 1.716286087246217903e+03 1.866299382551422468e+03 1.898825830068144796e+03 1.777742639953261005e+03 1.595449106000163965e+03 1.435835576285209072e+03 1.313121605386690590e+03 1.230459778294394710e+03 1.172722427312948639e+03 1.082982605560137017e+03 9.933059644410390092e+02 1.159040577904876272e+03 1.228984622200552849e+03 1.180505908098242116e+03 1.071543723319700348e+03 1.219243984261214337e+03 1.323452245709361478e+03 1.374154518804112513e+03 1.463620179844346239e+03 1.567347164607753712e+03 1.707110677962738464e+03 1.870318666823848844e+03 2.059414900211335407e+03 2.151714863849131234e+03 2.035650625658839317e+03 1.865665190910916408e+03 1.704615875006719534e+03 1.607239744693144303e+03 1.551581654767284363e+03 1.414643774491724798e+03 1.258584611503900305e+03 1.339517320225678532e+03 1.427108423918958579e+03
1.125045040956910725e+03 1.286360480376461283e+03 1.481099567629016974e+03 1.649559517177788393e+03 1.797429163476065924e+03 1.901851333160957665e+03 1.861490533957889738e+03 1.678174704534777902e+03 1.491898634733003291e+03 1.336479679941050563e+03 1.214047541982298299e+03 1.118535815528386138e+03 1.128020249649223160e+03 1.030556839939893280e+03 9.383180479095423152e+02 1.084805063635805254e+03 1.094019990260196437e+03 1.002074081459879153e+03 1.093390176324720869e+03 1.210816702510045388e+03 1.342720952851477250e+03 1.480563772857155755e+03 1.590730479676336699e+03 1.713039953046955816e+03 1.843077891834186403e+03 2.000332958775637053e+03 2.124735416928882387e+03 2.177499055995249819e+03 2.092909977131523647e+03 1.987924914641252599e+03 1.878702246965273616e+03 1.756593775176539793e+03 1.644118454935651243e+03 1.493002715824330380e+03 1.335914023263215540e+03 1.174036467071824291e+03 1.265890990503356761e+03
1.200084698557242973e+03 1.363956920161890594e+03 1.518639463007208633e+03 1.662278654058358370e+03 1.791702787725155304e+03 1.889656807113777631e+03 1.860770663254348619e+03 1.697376315444164675e+03 1.516314243270023098e+03 1.361014609218440000e+03 1.227855620790702460e+03 1.109249120958483672e+03 1.004849750660698760e+03 1.004334182812856056e+03 8.880012529473715404e+02 9.885797218820189300e+02 9.354263339368748120e+02 1.095447487442974762e+03 1.229764263987095092e+03 1.349198580674935101e+03 1.473520511153827329e+03 1.602973726439179018e+03 1.729002945419897287e+03 1.850993870487109461e+03 1.990202993271502692e+03 2.094277698384845280e+03 2.145050965446288956e+03 2.106895802684961836e+03 2.028213565561801261e+03 2.035561818892836754e+03 1.974709687710409753e+03 1.835427564164501291e+03 1.634848057244500524e+03 1.450350436048757956e+03 1.300823357303861258e+03 1.181464534439289537e+03 1.095569036096365380e+03
1.174307284175328959e+03 1.324283790370531506e+03 1.429461250194681043e+03 1.551157421427191139e+03 1.687517265473634779e+03 1.829816704726272746e+03 1.853909325313007230e+03 1.744871332928530137e+03 1.613734045049223823e+03 1.488035955462356242e+03 1.366005810348080331e+03 1.228376086009676783e+03 1.059637875732587645e+03 8.999086984194556180e+02 8.407294964523528051e+02 8.661401749352836532e+02 1.041514122116611816e+03 1.201375426043602147e+03 1.355010469219842435e+03 1.494435341406461021e+03 1.622146079643374833e+03 1.745168709027383329e+03 1.867118245866768120e+03 1.984575613633751573e+03 2.084424390437677630e+03 2.121411297444972661e+03 2.066515561821089705e+03 1.955951301682699523e+03 1.860210418354833337e+03 1.952529681919097357e+03 1.991460686152727021e+03 1.898419736625198539e+03 1.722358276032856793e+03 1.558454094977337263e+03 1.406363240043506948e+03 1.283718044140869324e+03 1.152917577204651252e+03
1.090447414715837567e+03 1.193357760329683515e+03 1.299823180164900805e+03 1.427469537608847986e+03 1.591464740586287689e+03 1.755098621322873669e+03 1.781664953517748700e+03 1.673076239853082825e+03 1.591697784770400176e+03 1.506145101484728457e+03 1.411157847368553803e+03 1.251099159519991190e+03 1.079648758175998637e+03 9.281138503064632914e+02 8.077658239762640733e+02 9.541519607990820759e+02 1.064227664116079040e+03 1.220422948865935496e+03 1.386654987993583973e+03 1.547998874944027875e+03 1.681344572335402290e+03 1.793129484365808821e+03 1.905753489810237852e+03 2.021789963971973293e+03 2.100567239435396914e+03 2.053224868238390627e+03 1.931380964893060082e+03 1.810581217132724532e+03 1.695797287626459593e+03 1.817008000974721426e+03 1.936178971716565911e+03 1.941608611340155448e+03 1.834794582098183128e+03 1.673479055481666819e+03 1.526368563797539082e+03 1.376184543508855086e+03 1.237917344852746282e+03
9.819927831629862567e+02 1.077791713449547615e+03 1.192908777680951061e+03 1.335303099438375284e+03 1.511852386129528213e+03 1.693226183969672093e+03 1.698617223270390468e+03 1.555130508722536206e+03 1.432640234603096360e+03 1.363433833740351474e+03 1.374771251291455428e+03 1.269063536869042991e+03 1.097718426870253097e+03 9.280166315163478430e+02 7.817762151362178429e+02 9.314746206177458134e+02 1.093813447987002064e+03 1.260097072062102143e+03 1.395784113106861241e+03 1.486047689185411627e+03 1.580140854398078545e+03 1.678201562195871929e+03 1.795939705604600022e+03 1.947723618082811754e+03 2.027603583178789904e+03 1.934450475190650195e+03 1.808068585093745241e+03 1.671805509228082428e+03 1.558656876822707090e+03 1.702333488537105495e+03 1.857012218212008293e+03 1.942864385079397380e+03 1.913871116937777288e+03 1.799522465625813766e+03 1.639096058514812512e+03 1.493372508055470462e+03 1.348969644729247420e+03
1.026070052125301572e+03 1.189111330315626219e+03 1.324529788269867367e+03 1.457411233600498917e+03 1.594840128665273596e+03 1.700661753149338665e+03 1.640476381396571469e+03 1.454384366405265382e+03 1.282692556366112740e+03 1.198595499437782337e+03 1.256988032182423467e+03 1.224811980492127304e+03 1.096235192002480744e+03 9.222197906747580873e+02 7.557106142059021749e+02 9.209478168238113085e+02 1.086035324113281604e+03 1.195981677489751746e+03 1.275801967325179930e+03 1.353436974342067742e+03 1.435368548551266713e+03 1.530813717123308834e+03 1.673698821053865004e+03 1.853062165537543933e+03 1.941639680546205454e+03 1.836084711879502947e+03 1.690496955217981395e+03 1.561739288541258247e+03 1.445786094578660368e+03 1.594592022389145086e+03 1.742280138963765467e+03 1.883608402395056373e+03 1.946570924503397009e+03 1.879955368645426688e+03 1.755406668847594574e+03 1.617612853403492863e+03 1.468457994837277283e+03
1.012335215152935916e+03 1.191473461542825817e+03 1.342703685058752171e+03 1.478954787003089905e+03 1.605795958807164425e+03 1.687816392274376085e+03 1.606057757810436897e+03 1.419560682618515330e+03 1.234559976724595344e+03 1.072475770285003364e+03 1.092969192437258926e+03 1.106628450050385027e+03 1.018438983715550080e+03 8.964833722535388461e+02 7.281980476477526736e+02 8.952771843118680408e+02 9.986327916523175645e+02 1.075675192228078004e+03 1.147191054506431783e+03 1.220203165095376335e+03 1.298864569038480113e+03 1.392020570269630070e+03 1.568280539108777020e+03 1.770239022255743521e+03 1.861760256998803698e+03 1.752166570804924277e+03 1.601309682609264655e+03 1.463139835623170029e+03 1.350770774220653948e+03 1.487538162125361396e+03 1.638821068647060429e+03 1.777470661544070936e+03 1.898150014761253033e+03 1.886882973409691203e+03 1.779592094808550200e+03 1.655031938806305106e+03 1.521419553493795775e+03
9.791881906494348868e+02 1.107590745822073586e+03 1.240100104223169183e+03 1.378508673473245153e+03 1.516347708299207852e+03 1.629634549269402441e+03 1.572600125672358217e+03 1.402885643297314800e+03 1.227320463543162532e+03 1.066905318931475904e+03 9.267635100915723569e+02 9.462989783533907939e+02 9.194834972700280105e+02 7.994246925309350900e+02 6.992741665873885495e+02 8.138745096594082042e+02 8.967928940663955473e+02 9.638204994788893600e+02 1.032145807618926256e+03 1.107373042435946445e+03 1.185278080287391276e+03 1.343716541870739320e+03 1.529395154129782668e+03 1.721208489758835185e+03 1.793250347833800333e+03 1.673920429056273179e+03 1.523384781397954612e+03 1.385296056900330768e+03 1.270037572244397552e+03 1.400228827030136927e+03 1.530940921830488833e+03 1.680788400811761676e+03 1.824670239192080089e+03 1.820004684091728450e+03 1.680814490213139607e+03 1.548245507141227108e+03 1.435526446335757555e+03
8.755468974395780606e+02 9.939659651498321864e+02 1.128595330670457315e+03 1.279487688110338695e+03 1.428080438584642707e+03 1.567528039864168250e+03 1.521886154588230056e+03 1.388222067482714920e+03 1.249059015307364916e+03 1.107378179847072943e+03 9.483986517464927601e+02 7.939272416768075118e+02 8.031457223489742319e+02 6.660040376177041708e+02 6.950199437305356014e+02 7.452731014997373222e+02 8.038272901076013568e+02 8.663210886501583445e+02 9.394477392980637660e+02 1.028623150024039887e+03 1.157607162553386843e+03 1.317348283802288961e+03 1.506684126124868271e+03 1.697514788702716714e+03 1.740495228327798714e+03 1.593490947762631549e+03 1.444372661873053630e+03 1.313526025292791019e+03 1.199943771275055724e+03 1.314525573030537998e+03 1.428723401490705328e+03 1.595024681292643436e+03 1.758335340503701673e+03 1.749615772495922101e+03 1.586721983762746731e+03 1.422346536763584936e+03 1.297611782137341152e+03
9.113053279484684026e+02 1.031471190483304554e+03 1.129891611887778026e+03 1.208304409694955666e+03 1.379687796743266290e+03 1.513805192034384163e+03 1.442072692308248179e+03 1.269118243564431168e+03 1.131533527567987903e+03 1.020737413430567017e+03 9.311627495685492022e+02 8.154572398253222900e+02 6.715112462069291723e+02 6.414125775559084559e+02 7.782636143448042958e+02 8.814659561401671226e+02 9.759368624302411490e+02 9.935007026790561895e+02 1.074772647182784340e+03 1.166778250323314296e+03 1.292459395404390307e+03 1.436883377342756148e+03 1.607759849499113216e+03 1.728338165647996902e+03 1.713635218679268974e+03 1.554018228869237191e+03 1.369633812500004979e+03 1.231163572225106236e+03 1.138431615256083433e+03 1.239392728924675566e+03 1.400646768393549564e+03 1.574652767254103310e+03 1.725943152731024156e+03 1.703176632820926670e+03 1.512229424445200266e+03 1.329334614119347407e+03 1.185501803095552532e+03
8.624959562783733418e+02 9.046139258018902183e+02 1.016200430022798173e+03 1.179081803830379386e+03 1.360559324755113039e+03 1.479588359085093998e+03 1.373904276302168910e+03 1.167154684908508898e+03 9.867161800570315791e+02 8.827365934891812458e+02 7.883483408225206404e+02 7.115612218179768433e+02 6.095690785943066885e+02 7.610651699227553308e+02 8.904294489817427802e+02 1.012368822980737264e+03 1.113249520101995358e+03 1.186584553042083598e+03 1.219437730025396831e+03 1.324353373492287346e+03 1.438715733777317610e+03 1.579495900041388722e+03 1.690270528858787884e+03 1.743749268156560447e+03 1.685846468450897191e+03 1.558632261582314413e+03 1.391157473633571271e+03 1.227961648210720796e+03 1.087639964075439593e+03 1.254143677681634472e+03 1.411714595016990870e+03 1.570521015659179966e+03 1.709346530867914680e+03 1.733674893698490450e+03 1.617228248749304839e+03 1.454565236154072409e+03 1.327706353494022096e+03
7.707038180920537798e+02 9.165540453728889361e+02 1.093150710143374454e+03 1.260940661895334642e+03 1.414879482499903588e+03 1.461168557589578995e+03 1.337895397412681405e+03 1.143225455273769285e+03 9.470778817812185935e+02 7.783552671089272508e+02 6.609644225126263564e+02 5.712521257583964598e+02 7.221572382738230544e+02 8.674718803560501783e+02 1.011942398260266714e+03 1.137254822504888352e+03 1.244695271806692972e+03 1.334696672319120125e+03 1.400342542798641489e+03 1.474356388763837231e+03 1.591489222711882121e+03 1.676583642941166772e+03 1.713082149728355034e+03 1.668748173385951532e+03 1.566265105448482018e+03 1.471705505043182711e+03 1.377333155855837504e+03 1.206192981811510663e+03 1.036913409736587482e+03 1.159770747708115778e+03 1.310433347244196057e+03 1.482665577113632253e+03 1.661576616705714741e+03 1.755031969604957112e+03 1.698676655943937931e+03 1.580001299560999087e+03 1.462726009194298967e+03
8.950492800083248994e+02 1.031431530427189045e+03 1.187056294417101299e+03 1.351859852098181364e+03 1.443571790195068161e+03 1.408825648029173180e+03 1.284595005276656366e+03 1.166951948359077278e+03 1.027185593224565764e+03 8.701304543451778954e+02 6.993379978602202982e+02 5.472694170431129805e+02 7.021414984262258940e+02 8.707147308580563276e+02 1.033840236319868154e+03 1.156160993505612169e+03 1.253402390835745337e+03 1.354591320748196949e+03 1.465193791930512134e+03 1.586107263378804873e+03 1.677173316998738301e+03 1.688048980256746745e+03 1.627680698357103893e+03 1.524869467525971004e+03 1.425332166894095735e+03 1.323354602713763597e+03 1.314344182425790905e+03 1.174963716745437750e+03 9.912145325840544956e+02 1.167567691395340717e+03 1.324533468187040853e+03 1.464360093929370578e+03 1.586798449606805889e+03 1.714494653401291771e+03 1.714493657404867008e+03 1.588610273161506029e+03 1.443008527437908924e+03
