docs/source/tutorials/species_evolution/model_grid_steady_state_elevation.txt
ncols 300
nrows 100
xllcorner 0.0
yllcorner 0.0
cellsize 50.0
[rows 17 to 33 of 100, columns 222 to 258 of 300]
6.832928995033267938e+02 5.831717587750505345e+02 4.425137374437123867e+02 2.703465850329740761e+02 3.508814758131574649e+02 4.399495976377862121e+02 5.366727413090010259e+02 6.440754587692368887e+02 7.663322122114938111e+02 9.081925026614079570e+02 1.072708799785073779e+03 1.249645870689247658e+03 1.389328990668162760e+03 1.350668292348602108e+03 1.170381815537810098e+03 9.923077883363563387e+02 8.398673049633936216e+02 7.082157285774865159e+02 5.920630326840769158e+02 5.034260898238205755e+02 4.254280928563164821e+02 4.570425196780092278e+02 3.523775050147864363e+02 4.939852455900011137e+02 6.110098632471965630e+02 7.266516306501321196e+02 8.261086590666266147e+02 9.317553640007298554e+02 1.066836416815471239e+03 1.213342961380418956e+03 1.302110216455153022e+03 1.279691052089980985e+03 1.150558717584404576e+03 1.020809988329246607e+03 8.936840067011312385e+02 7.990521678258131715e+02 8.734371060895534811e+02
7.679175753656004417e+02 6.018307444746606052e+02 4.352418011006913048e+02 2.849884320423992676e+02 3.664787240922702836e+02 4.561034885440330982e+02 5.525033316134168899e+02 6.578591343407802015e+02 7.754703781120040276e+02 9.099687618690401223e+02 1.066072370071378145e+03 1.240204124101911702e+03 1.389638178211908553e+03 1.358802643860154376e+03 1.176051223034430222e+03 9.998104809648350511e+02 8.594177170632242451e+02 7.463384186907405820e+02 7.521961161222278633e+02 6.676661367241653124e+02 5.888107454703605299e+02 5.831691944314104603e+02 4.987891771373933238e+02 3.794021284234955260e+02 4.910707868104911427e+02 6.130225901406066669e+02 7.085524445457533602e+02 8.168660222281001779e+02 9.485472116945027210e+02 1.089498589744242054e+03 1.248297754128898532e+03 1.337830967719250793e+03 1.281047513517515881e+03 1.149926954486301611e+03 1.030155357611250793e+03 9.508838468773660679e+02 9.529703429193477859e+02
7.673537526958590433e+02 5.965971766282739281e+02 4.365208199242850355e+02 2.995918321321563553e+02 3.813968284753656803e+02 4.711869874789823029e+02 5.676166320034601540e+02 6.725953054914763243e+02 7.890589406581734693e+02 9.214059509942312616e+02 1.074883928700289061e+03 1.248875683650129304e+03 1.408314040925736435e+03 1.412165629342267266e+03 1.267073888251626613e+03 1.125559820665310326e+03 1.006897996284621854e+03 9.216621729256451090e+02 8.956604717165239435e+02 8.213922632928520216e+02 7.405963574318091105e+02 6.542543727835360414e+02 5.359992833491249939e+02 3.976664062823624022e+02 4.540465535194870199e+02 5.239323193562844381e+02 6.052888809101232255e+02 7.026561272989868030e+02 8.236592030813550309e+02 9.785145449118518854e+02 1.172478439627573152e+03 1.353285735406696404e+03 1.378915372653469603e+03 1.277593311750579460e+03 1.183276010069422227e+03 1.109766289262474402e+03 1.021012478505578201e+03
7.650066400088923046e+02 6.222595296324042238e+02 4.619866637261296205e+02 3.148545974063892459e+02 3.963722642634656381e+02 4.861092091609043564e+02 5.825447339551376444e+02 6.875113441484230634e+02 8.038261195173593023e+02 9.358101506838553405e+02 1.089062920265155071e+03 1.265081521259930923e+03 1.436307425824747952e+03 1.481125257102521573e+03 1.382803625590111324e+03 1.257553962711521308e+03 1.142768131258831090e+03 1.041070976948429234e+03 9.435531316780147790e+02 8.431571559256187811e+02 7.418162460393539277e+02 6.120206926870026791e+02 4.308153944021000257e+02 5.294341152417196099e+02 5.957112376095395803e+02 6.634712890856342256e+02 7.403536065448259933e+02 8.300159336113740665e+02 9.399556325337694034e+02 1.088418316260290339e+03 1.251399266627076486e+03 1.415212829695776463e+03 1.461013889172524159e+03 1.391375909309802637e+03 1.286744228982610139e+03 1.142166940995741925e+03 9.874400434363437853e+02
6.456717639824737489e+02 5.242115767197774403e+02 4.180523253038205667e+02 3.280843190011828483e+02 4.105456698340566390e+02 5.005529671400878442e+02 5.973231052498135796e+02 7.026870167585046829e+02 8.194254571574228976e+02 9.518278981451215941e+02 1.105686754031906275e+03 1.283733859373577388e+03 1.462946090319645464e+03 1.532131418287284760e+03 1.415636035623271709e+03 1.262802203405687123e+03 1.116211966209363936e+03 9.792297878385768399e+02 8.468180012330417412e+02 7.225979676215381460e+02 6.198511113165128563e+02 5.258287861459585883e+02 4.467279094408578999e+02 6.109818523392974612e+02 7.342477282069266948e+02 8.109771331598761890e+02 8.950828776612036108e+02 9.865118037839091585e+02 1.091349996176720879e+03 1.217140671459097803e+03 1.369653775063060721e+03 1.469416225642639574e+03 1.463021090421865665e+03 1.372818993053473378e+03 1.260793051684389184e+03 1.132910665056243261e+03 9.965367853979770416e+02
6.260195461490801563e+02 5.190474304726778882e+02 4.233970062017121450e+02 3.419969483475662742e+02 4.250469123052367877e+02 5.157211689568401880e+02 6.133555609236980217e+02 7.197088196757391643e+02 8.374330638521815899e+02 9.706581820079427416e+02 1.125065651553376256e+03 1.303587665893645180e+03 1.483974877237008513e+03 1.553643002503333037e+03 1.428432502028752651e+03 1.267672113246287608e+03 1.118927552155307239e+03 9.884233422439612013e+02 8.746646830238524899e+02 8.157409005247637879e+02 7.225211879568040558e+02 6.108751817007035925e+02 4.666653228952244490e+02 6.044817208942411071e+02 7.503489103739044594e+02 8.926644399686584848e+02 1.011641116339073278e+03 1.122872056604622685e+03 1.240259531048497138e+03 1.361192606952121878e+03 1.458647724959178277e+03 1.473907713415540911e+03 1.387503784391259614e+03 1.249134177602143836e+03 1.129184698644872014e+03 1.012146925937650849e+03 8.842997518313682122e+02
7.617357468101697577e+02 6.532003313251279906e+02 5.252253460000960104e+02 3.594278433922713702e+02 4.421029428893769477e+02 5.345518386629137240e+02 6.343178780355204935e+02 7.426097303538097094e+02 8.616782865045291828e+02 9.953116859316317004e+02 1.148851069284894720e+03 1.325048252833779770e+03 1.502209362705018748e+03 1.568392900686489156e+03 1.438903855990662350e+03 1.272916356832839710e+03 1.121489751485557008e+03 9.903773638591626423e+02 8.756638507462074585e+02 7.735370572620586245e+02 6.719736676882855591e+02 5.734947970649477611e+02 4.825235346498030253e+02 5.832241410967618549e+02 6.986523012828702122e+02 8.258654469387797690e+02 9.622700329636628567e+02 1.110073804873011568e+03 1.272031132708575797e+03 1.432186239542961630e+03 1.499769868445915336e+03 1.416527293149477600e+03 1.263146121191360635e+03 1.122065477267378583e+03 9.882721673220139564e+02 8.827032793347241295e+02 7.734294144911405056e+02
7.704296536511305931e+02 6.679961397499446321e+02 5.396884697462446638e+02 3.760386599623097936e+02 4.643172526926011301e+02 5.650398645617535749e+02 6.697924277714312211e+02 7.798923401847609966e+02 8.981056226673657648e+02 1.028428842815644430e+03 1.176002139590865227e+03 1.343549105888523400e+03 1.512661917541376170e+03 1.584204710103488878e+03 1.460296747583341357e+03 1.284558099505389009e+03 1.125073061922794750e+03 9.880138717073157295e+02 8.683693558313929088e+02 7.614145868790935765e+02 6.639848150325460665e+02 5.755184613516919399e+02 4.988004136242791446e+02 5.855100266498308201e+02 6.883365153344454939e+02 8.053853854075066465e+02 9.391461203737513870e+02 1.093785750113494259e+03 1.271702626034768173e+03 1.449855882110334733e+03 1.484423406927486440e+03 1.328912524158937686e+03 1.152827882672904479e+03 9.981573879574929151e+02 8.697214898446006828e+02 7.621495726831426509e+02 6.811040789809909484e+02
6.378826348476552539e+02 5.464517017812020185e+02 4.618665302065251694e+02 3.913470777551665378e+02 5.340477848651144086e+02 6.460165562800102634e+02 7.426197587905836599e+02 8.398107037424950931e+02 9.444505341412045709e+02 1.060346445263963687e+03 1.191041544376095317e+03 1.337743167677926976e+03 1.488917911755808518e+03 1.593000263616785787e+03 1.531429395568615291e+03 1.391177421638850774e+03 1.244514495524341328e+03 1.110560815811620159e+03 9.900568357615145487e+02 8.796315215741212796e+02 7.746478861463457406e+02 6.634471577835998914e+02 5.216113888478762419e+02 6.777194935411382630e+02 8.078476073562146667e+02 9.306513409789646403e+02 1.062805687413060014e+03 1.208991337497333461e+03 1.364430457261103129e+03 1.496989574742288141e+03 1.509307102793504100e+03 1.351112651205213069e+03 1.179554863751965286e+03 1.033384756750125234e+03 9.158205509193505804e+02 9.022572132235467279e+02 8.527531498435300819e+02
7.841075998771131026e+02 6.875466816833156827e+02 5.692424316709609684e+02 4.081546912845592487e+02 4.745531109826459897e+02 5.519974169290763939e+02 6.364149105098423433e+02 7.285008158500710351e+02 8.301590822908414111e+02 9.443974236732454983e+02 1.075722063124466786e+03 1.229890808782793329e+03 1.408070065130785906e+03 1.576412331394718422e+03 1.559276454179367875e+03 1.407556823352839956e+03 1.244937892104617049e+03 1.097464908804027118e+03 9.642914343907324337e+02 8.403570046226957402e+02 7.216894199970263344e+02 6.238674999124094711e+02 5.389207831398058488e+02 6.597391106893499000e+02 7.903023684901418164e+02 9.247638851902415809e+02 1.067679018051602498e+03 1.223530935121989160e+03 1.386999887328185878e+03 1.517509558617540051e+03 1.558678690353284537e+03 1.462959135773227445e+03 1.308495139308735361e+03 1.183075260382801389e+03 1.088888832582818623e+03 1.041282213330909144e+03 9.382965198303047600e+02
8.047997036142553497e+02 7.095221511795409697e+02 5.872211006368044082e+02 4.277680715753367622e+02 5.628406362391057201e+02 6.633963125785248849e+02 7.537085475109498702e+02 8.488854547027705166e+02 9.535798027222899691e+02 1.070658576529648144e+03 1.202946502824984691e+03 1.352160358584455480e+03 1.508149468596035604e+03 1.617454869782451851e+03 1.563037490205550284e+03 1.400779395690251476e+03 1.237978119072850859e+03 1.095767534292366008e+03 9.727302867751692474e+02 8.655839174903233015e+02 8.067002694584355140e+02 7.026537823955347903e+02 5.614970921340508312e+02 7.106037107116400193e+02 8.333055632099873264e+02 9.393679962314793102e+02 1.054004589851145511e+03 1.180606139197650919e+03 1.303585224511267370e+03 1.466484781202897921e+03 1.577673344252401876e+03 1.555581238186256087e+03 1.449831773213087217e+03 1.333454139224482560e+03 1.212627645412899710e+03 1.059111078501523480e+03 9.003235171177797156e+02
6.756549489954911678e+02 5.891935426933599729e+02 5.091504397964476425e+02 4.408211670689137236e+02 5.177617728640403811e+02 6.057085268928980213e+02 7.021058845742404628e+02 8.082413726516770112e+02 9.274653458151917675e+02 1.062247550843496128e+03 1.214082600148302845e+03 1.387744410349119789e+03 1.572861508502516472e+03 1.658260955366302142e+03 1.534146356631063327e+03 1.363728080933582305e+03 1.206387858030928328e+03 1.070462414789157037e+03 9.521407484096703229e+02 8.469367611085887120e+02 7.519878269809173617e+02 6.594393033661573327e+02 5.770066717456384140e+02 6.412351911471324684e+02 7.172376487048489935e+02 8.040147184967473777e+02 9.171796013651444355e+02 1.044546041742040188e+03 1.195443503520901459e+03 1.375252644183713983e+03 1.558167315933309055e+03 1.607696977551814371e+03 1.501932945623160094e+03 1.363324683359812980e+03 1.214636744519162221e+03 1.039242128431531455e+03 8.738379415731644713e+02
8.019601934175016140e+02 7.082998501686831787e+02 6.032226175246116782e+02 4.628593387350056787e+02 6.230244795541588019e+02 7.337205767663582492e+02 8.385114475422317355e+02 9.441781070917575107e+02 1.060189892251215042e+03 1.207294566620481646e+03 1.347364692517278854e+03 1.492878018305058504e+03 1.633919469769004081e+03 1.709367846303038959e+03 1.622800977318630430e+03 1.477280555624563704e+03 1.329692306675149212e+03 1.196098313062075249e+03 1.076902856813946528e+03 9.684131212619149665e+02 8.640853831156944125e+02 7.488536575864432052e+02 6.024167638008170798e+02 7.533352426971206341e+02 8.411733366232341496e+02 9.441049732308896409e+02 9.524508843278221093e+02 1.064681640601571871e+03 1.204151322314259914e+03 1.380289733787025625e+03 1.564842713884852628e+03 1.599117550917248309e+03 1.444476368008619829e+03 1.274643509891109943e+03 1.124943067139750383e+03 1.000779281253345061e+03 1.014255905463274189e+03
7.717362304335638328e+02 6.696427455086981126e+02 5.719034839132719981e+02 4.812893614354875922e+02 6.486341114982157023e+02 8.165040356043358543e+02 9.506875769988813545e+02 1.061394130105645218e+03 1.167560400708701081e+03 1.279426391075052834e+03 1.399427031393961670e+03 1.518482830031977983e+03 1.636312892772786199e+03 1.718543010696985675e+03 1.663682997098469968e+03 1.503040016032375661e+03 1.336691936373123099e+03 1.187677413400615023e+03 1.055271332203274596e+03 9.349911618104395075e+02 8.232053396018643525e+02 7.180107666266480919e+02 6.240235460490011974e+02 7.858627932359294164e+02 9.443855093221928882e+02 1.047860379016125307e+03 1.116036361443236501e+03 1.207464837544307329e+03 1.326408786446810609e+03 1.468359232902525036e+03 1.618083854330108579e+03 1.627607329751209363e+03 1.472310612116061975e+03 1.301531101807639743e+03 1.152552679595764175e+03 1.155751082322574803e+03 1.141578547390941367e+03
7.354292847946479696e+02 6.398160568850219079e+02 5.601465677300740253e+02 5.037137756404129618e+02 6.580807390982862444e+02 8.007417957463356970e+02 9.289611419328799684e+02 1.032551344108117746e+03 1.119629513783651419e+03 1.189571476435471595e+03 1.288265121869180120e+03 1.403870211142570724e+03 1.534727191716220659e+03 1.669390145621960755e+03 1.665053815952838249e+03 1.509214713068603260e+03 1.338595984820081185e+03 1.185841633999376427e+03 1.051415594824185746e+03 9.306854410005042837e+02 8.196920334471341221e+02 7.164357977253260970e+02 6.451082779392319253e+02 7.957191307422910995e+02 9.582416961949392089e+02 1.113807381169762266e+03 1.233769863377356842e+03 1.334941993336575251e+03 1.447411717090708635e+03 1.571871396904870153e+03 1.679876367677075905e+03 1.668014113211249196e+03 1.503242473244346002e+03 1.336888361319602836e+03 1.316050617293182995e+03 1.292650612581439191e+03 1.180598746408586294e+03
8.355895389790697436e+02 6.867279869691058138e+02 7.231063058274122568e+02 6.493944562886763379e+02 5.459930441974162250e+02 6.913465714418940706e+02 7.972681201043618557e+02 8.832765716500081226e+02 9.554489259137368435e+02 1.043776015569570745e+03 1.150518152924827291e+03 1.279022516176060208e+03 1.436932402770169801e+03 1.620804566933145679e+03 1.665571539869499247e+03 1.516370991887919217e+03 1.348067999571597738e+03 1.198523067538462101e+03 1.068709729468994510e+03 9.547421858878939247e+02 8.545904692463054744e+02 8.147050335265465719e+02 6.714559835469590325e+02 8.177209250974184442e+02 9.436206141168142949e+02 1.062981312976221488e+03 1.178705316117996517e+03 1.296936094741312445e+03 1.426659953792078113e+03 1.568070840363752950e+03 1.698117969967722047e+03 1.725168521584697601e+03 1.604673714328442202e+03 1.487208866879516336e+03 1.463582925208959978e+03 1.339091105595604404e+03 1.169886250197687787e+03
8.233480702052344213e+02 8.510363241255047342e+02 8.680416748911510467e+02 7.745509408191549028e+02 6.936640049533699539e+02 5.755784521576980524e+02 6.483858193828458525e+02 7.314387406593166361e+02 8.220036953949529561e+02 9.243225308994685747e+02 1.044458378839941588e+03 1.194351813734570442e+03 1.394099751581900819e+03 1.606465098611515486e+03 1.699881241630894920e+03 1.609070090388608151e+03 1.475261080015897505e+03 1.342402221933700730e+03 1.217906313623287588e+03 1.100051141857511084e+03 9.879425485339836541e+02 8.617425135989424234e+02 7.102380258216688844e+02 7.098828095537558056e+02 8.043439193251277857e+02 9.102311394569823051e+02 1.026435627033011315e+03 1.155406526244043562e+03 1.302872111072485950e+03 1.476216235471276150e+03 1.668673661777706002e+03 1.779542104257023993e+03 1.734369648008424974e+03 1.631608845869550350e+03 1.550767884826466343e+03 1.412190925189581776e+03 1.256486705994390149e+03
