docs/source/tutorials/mass_wasting_runout/pre_runout_DEM_hillshade.asc
ncols         397
nrows         609
xllcorner     361015.59563119
yllcorner     70225.434086869
cellsize      2
NODATA_value  -9999
[rows 336 to 377 of 609, columns 0 to 94 of 397]
-9999 152 151 151 151 148 145 146 146 142 138 136 134 132 132 127 118 116 113 109 114 125 136 142 143 151 157 158 156 153 157 166 171 176 184 188 189 189 189 192 191 182 170 164 160 155 141 125 121 120 119 120 121 125 135 145 146 144 144 141 139 139 142 145 148 152 148 141 141 147 148 144 142 142 138 135 138 143 147 146 147 149 153 156 158 157 158 161 164 170 171 168 172 174 161
-9999 155 154 152 151 148 144 144 144 142 140 141 143 142 139 133 125 119 112 109 113 117 119 116 112 116 116 111 106 107 116 126 130 141 154 160 168 177 181 187 190 189 187 186 181 170 151 137 136 129 116 108 107 113 124 138 144 145 146 143 141 143 147 151 151 150 141 136 144 154 154 147 143 140 135 134 139 143 144 144 142 142 147 151 153 154 157 164 168 170 169 163 165 164 156
-9999 154 152 153 155 153 148 147 148 147 145 143 146 148 145 141 132 123 120 123 127 125 116 105 93 87 83 79 81 89 97 102 106 116 123 124 135 151 162 176 188 192 193 194 193 189 180 169 165 152 132 118 110 108 108 109 115 121 123 128 135 140 145 147 148 148 140 136 142 149 149 146 145 143 140 139 140 140 142 142 138 138 145 147 148 152 159 167 171 170 163 155 157 161 160
-9999 150 149 152 156 153 149 151 152 150 146 145 150 152 150 147 138 127 125 129 134 133 127 116 102 93 90 89 94 101 106 107 110 114 116 119 133 147 158 172 185 189 191 194 193 192 190 188 185 177 169 161 149 134 116 100 97 98 100 113 127 133 136 140 144 145 140 138 142 147 148 147 146 146 145 144 145 146 146 143 137 138 144 143 144 150 158 164 167 166 159 151 154 160 161
-9999 154 150 151 154 150 147 152 155 153 150 150 154 156 154 150 144 137 135 135 135 135 133 128 120 118 121 122 124 126 127 126 126 126 127 136 150 160 165 170 176 179 183 191 192 190 190 190 191 190 189 188 187 177 157 137 127 115 108 116 121 122 124 132 138 140 139 141 145 148 149 149 147 148 148 148 152 155 152 145 141 145 149 147 146 150 155 157 157 156 152 150 155 158 158
-9999 160 156 156 159 156 155 158 160 158 154 153 157 157 152 145 143 143 143 140 136 135 133 129 127 132 139 146 150 147 144 142 143 144 145 150 155 159 161 166 171 172 177 186 187 184 186 188 189 189 190 190 192 191 185 178 173 158 144 139 133 124 118 121 126 130 132 138 146 150 148 149 152 151 150 148 152 158 156 151 152 157 159 156 152 155 157 154 151 150 149 150 154 159 161
-9999 163 160 161 162 162 159 157 156 155 153 152 155 153 144 139 140 142 141 139 140 141 138 134 133 139 147 155 157 152 149 150 153 157 159 161 163 164 166 172 176 178 181 183 180 178 184 188 188 187 187 187 188 189 189 189 189 184 178 173 168 159 152 151 153 153 151 154 157 154 154 160 163 157 154 152 153 158 160 159 162 168 170 168 165 167 164 155 150 151 151 152 156 162 166
-9999 162 160 160 161 161 156 149 147 150 149 149 152 148 141 143 147 146 144 146 151 151 145 139 139 144 149 155 155 150 150 156 162 166 170 175 177 177 179 182 182 182 183 181 175 177 183 187 186 186 186 186 187 188 187 186 187 188 188 187 186 185 186 188 189 188 185 185 180 175 176 183 180 170 166 162 157 161 164 164 168 175 180 181 181 179 172 162 161 162 160 158 160 166 169
-9999 159 159 159 161 161 155 150 151 154 152 151 151 149 150 155 155 152 152 156 157 153 144 140 142 146 148 151 149 147 152 163 170 173 177 182 185 185 186 185 182 181 182 179 174 174 178 182 184 184 184 183 184 183 180 180 180 180 181 179 178 182 187 190 192 193 193 192 191 191 192 195 188 177 174 170 165 167 168 166 168 175 179 179 182 180 172 171 178 180 176 171 169 171 171
-9999 160 161 161 164 162 156 154 157 159 157 156 158 161 162 159 151 148 150 152 150 144 136 136 143 146 150 152 149 148 157 167 171 173 179 185 189 191 192 187 183 182 181 176 171 170 170 170 170 172 173 170 167 163 157 159 160 157 156 151 149 155 163 167 174 183 188 188 188 189 190 192 188 179 176 176 175 178 177 170 166 168 168 167 171 170 166 177 187 187 185 180 178 178 177
-9999 163 163 164 165 163 158 158 160 157 155 157 160 162 158 150 145 146 150 150 146 138 134 142 152 156 159 159 155 155 161 167 170 173 180 187 191 193 193 190 187 185 181 173 167 164 159 154 150 150 150 145 140 136 133 135 135 133 131 126 123 125 126 127 136 148 156 160 162 166 172 181 188 187 184 183 182 186 187 181 175 176 174 167 166 162 164 181 190 186 184 183 186 192 192
-9999 163 162 162 161 160 157 158 156 150 150 153 152 151 148 144 147 151 153 152 147 143 149 162 164 164 163 160 158 160 165 171 174 177 181 186 190 194 196 194 192 187 178 169 162 156 149 143 140 139 134 126 122 124 125 127 126 124 122 120 117 114 113 112 112 108 104 106 114 128 145 168 189 192 189 190 189 189 191 189 187 189 184 177 173 166 165 176 179 174 178 184 193 202 200
-9999 166 165 162 159 157 155 152 147 145 150 153 149 147 145 144 148 149 149 150 148 150 163 172 166 162 162 161 162 167 175 180 180 180 182 186 190 195 197 193 187 179 171 165 160 154 147 144 143 139 132 124 123 126 127 126 125 123 122 121 119 117 120 120 114 101 90 90 100 118 133 148 160 165 169 176 178 182 187 189 191 191 187 184 184 183 182 181 173 167 175 185 194 201 200
-9999 169 168 166 164 158 152 147 145 149 155 155 149 144 142 141 143 142 146 151 149 152 161 162 155 155 160 165 169 175 182 183 182 183 187 192 193 194 190 184 178 172 167 164 161 156 152 151 150 144 137 132 132 132 130 129 127 126 125 124 121 122 128 132 127 119 117 121 127 132 131 129 127 128 133 140 146 158 170 179 187 192 193 191 191 193 196 194 187 183 187 189 189 194 195
-9999 168 166 165 164 156 150 147 148 152 154 151 143 138 137 139 139 141 148 152 149 149 153 151 148 153 161 169 171 174 179 181 182 186 193 196 196 193 186 180 178 176 173 167 162 157 153 152 149 145 142 139 136 133 132 130 129 129 129 128 125 125 131 138 139 138 145 156 159 151 143 138 134 130 127 129 134 142 149 159 172 183 188 189 191 193 195 195 194 195 197 193 189 189 183
-9999 167 164 160 155 148 145 148 151 152 150 143 134 130 133 140 142 147 152 150 147 149 152 151 152 159 164 167 167 168 173 177 182 190 196 196 193 190 187 184 183 181 176 167 161 155 149 146 143 142 142 139 135 132 130 128 128 129 131 130 128 128 135 142 144 145 156 168 170 165 161 159 157 150 142 139 141 142 142 147 156 165 172 178 184 189 191 193 194 195 196 194 194 191 182
-9999 165 162 155 147 141 140 146 148 146 145 139 133 131 136 143 147 153 156 151 147 149 153 156 161 164 163 161 163 166 173 179 186 193 196 194 189 187 185 183 181 178 170 162 159 154 145 141 140 141 142 139 135 132 128 126 127 130 131 131 130 131 137 143 145 148 159 168 169 169 169 169 167 160 152 146 145 144 147 151 154 157 160 165 172 175 176 180 186 188 188 191 194 195 192
-9999 163 157 150 146 143 143 146 144 140 139 138 141 145 149 153 156 158 156 151 147 149 153 160 163 163 161 160 163 168 176 182 187 192 194 192 187 185 183 180 175 167 158 154 157 154 145 145 147 148 147 143 141 137 132 129 129 131 132 132 132 134 139 143 144 149 159 166 167 169 170 169 166 161 157 155 152 151 154 158 160 160 158 154 154 152 150 155 162 166 169 179 190 195 196
-9999 159 151 147 146 144 143 143 139 137 139 141 147 154 160 162 162 159 153 149 146 148 156 160 160 159 158 159 165 171 177 182 187 191 193 190 186 183 180 176 169 158 150 148 151 148 144 150 157 157 151 146 142 137 132 130 131 133 133 133 134 136 141 144 146 153 159 165 168 170 172 170 168 165 166 167 166 164 165 167 167 164 157 149 143 139 138 142 145 142 143 155 170 180 184
-9999 154 150 148 146 142 142 141 137 138 141 141 145 149 153 156 157 155 151 151 149 151 158 160 158 157 155 159 169 178 184 188 190 192 191 187 184 180 176 172 166 158 152 150 150 146 144 152 157 152 145 142 137 128 124 126 132 134 134 135 137 138 141 145 150 158 164 169 171 172 175 173 169 167 169 173 175 174 174 173 172 166 157 149 144 142 140 141 141 134 132 138 147 151 151
-9999 156 152 147 144 141 141 139 135 137 139 137 138 139 140 141 145 145 147 153 152 153 160 160 160 161 162 168 178 185 190 192 192 193 189 184 180 174 171 168 162 155 152 155 156 151 149 152 149 137 130 130 129 126 126 130 135 136 137 139 140 140 142 146 152 160 166 170 169 169 169 167 164 165 170 175 175 173 173 174 171 164 157 153 151 149 146 146 145 140 138 139 141 136 130
-9999 157 150 145 142 138 136 134 134 137 138 136 136 140 141 139 139 137 143 151 151 152 160 161 162 164 168 176 184 189 193 194 195 195 190 182 175 167 165 163 155 147 146 153 156 152 150 150 142 129 122 123 126 129 132 137 137 136 138 141 139 138 139 144 151 158 163 164 162 160 157 157 159 166 173 174 169 168 169 168 164 157 157 160 159 157 154 154 154 151 150 150 147 140 136
-9999 149 145 144 141 136 133 132 135 139 140 138 140 146 147 142 141 141 147 153 151 154 160 162 164 169 176 183 190 194 195 196 198 196 189 180 172 167 166 163 155 150 150 154 151 144 141 140 135 128 125 126 128 129 132 137 136 134 136 134 131 133 139 147 155 159 163 165 164 160 156 156 160 168 173 170 167 167 167 165 161 158 162 167 164 158 156 156 158 157 156 158 159 158 158
-9999 140 140 140 137 133 131 131 134 134 134 136 139 144 144 141 144 149 153 154 153 159 163 165 170 178 186 191 194 195 193 194 195 192 185 177 174 171 169 164 160 158 156 154 145 136 132 133 131 127 127 129 132 132 132 136 134 133 134 131 131 140 150 158 164 166 169 172 172 169 165 165 167 172 174 169 167 170 170 165 162 163 169 171 163 155 156 160 162 159 157 161 166 172 175
-9999 137 140 140 138 134 133 133 131 129 130 134 139 142 141 140 144 151 155 156 159 164 166 168 177 187 192 194 196 195 194 194 193 190 183 176 173 167 160 156 154 153 151 146 139 135 133 133 131 128 127 132 137 136 134 136 136 137 141 142 148 157 160 165 170 174 176 177 176 173 173 176 178 180 177 169 169 174 173 167 164 167 172 169 159 155 160 164 164 161 163 172 178 181 180
-9999 141 141 141 141 138 134 130 128 128 131 137 140 140 140 141 145 152 156 160 164 169 170 175 184 190 193 195 196 195 193 192 189 186 177 170 166 158 150 146 145 145 143 139 137 137 136 134 131 128 128 133 138 136 135 140 142 143 147 152 161 165 162 165 171 179 182 180 179 176 176 180 183 183 176 169 172 177 174 168 166 168 167 163 159 162 168 168 165 165 170 180 186 185 178
-9999 145 140 138 136 130 127 127 129 130 131 134 136 135 137 143 151 158 160 162 169 175 178 186 191 191 191 193 193 189 188 186 183 177 166 161 161 155 151 150 148 148 146 142 140 139 137 137 136 132 132 135 138 137 139 144 142 138 143 153 162 164 161 165 169 177 183 183 180 176 173 176 179 178 171 168 172 176 172 165 163 164 163 164 167 172 173 171 170 170 172 175 179 178 171
-9999 140 132 131 129 125 127 133 136 135 132 134 135 135 141 151 159 163 165 168 174 181 186 193 195 193 193 192 189 184 183 183 180 172 161 157 158 155 152 153 155 155 150 144 143 140 137 137 137 136 135 136 139 139 139 141 137 133 139 150 158 157 155 161 167 173 177 174 169 167 169 174 178 177 173 172 174 175 170 164 161 163 168 172 173 174 174 171 171 171 171 170 169 166 161
-9999 129 123 126 128 130 134 136 137 135 132 136 140 143 148 155 160 166 171 175 181 187 193 197 194 192 192 192 187 183 182 181 177 168 160 156 156 152 151 155 158 154 144 139 138 135 133 134 132 131 132 135 137 135 134 136 135 136 143 149 149 147 147 156 166 172 170 162 160 167 175 181 183 183 182 179 177 176 172 165 161 165 172 173 171 171 171 169 170 171 171 171 169 163 161
-9999 120 116 121 124 126 125 122 122 123 123 131 141 144 148 154 162 171 177 180 185 190 194 194 191 189 189 189 187 184 183 182 175 166 162 161 160 156 155 157 155 146 137 134 133 130 133 134 128 125 129 133 135 135 136 138 140 142 146 148 147 146 148 157 167 173 172 168 170 178 185 186 185 183 181 177 175 176 175 171 169 175 177 175 172 172 170 169 173 174 172 172 172 170 171
-9999 116 112 115 117 118 117 114 113 113 116 127 138 142 149 161 172 179 181 182 186 188 187 186 186 188 188 188 188 186 183 180 171 164 163 163 161 156 152 149 143 139 137 135 133 133 136 134 127 127 131 133 135 139 141 142 142 141 144 149 153 155 157 163 171 176 178 180 184 189 191 188 185 181 176 173 174 175 173 171 174 180 182 179 177 177 172 169 172 174 173 175 177 177 179
-9999 115 112 115 119 124 127 123 119 119 122 131 140 147 159 172 180 183 182 183 186 188 187 185 183 182 185 189 190 186 181 175 166 160 159 157 155 151 146 140 137 139 141 139 138 139 139 133 128 132 136 137 138 139 139 139 139 138 146 158 166 170 171 175 182 186 185 186 190 193 192 189 186 183 179 177 177 174 170 169 171 176 177 177 179 180 175 169 168 172 175 178 181 182 182
-9999 112 111 117 125 132 133 125 122 127 133 140 147 155 167 176 179 180 181 183 187 189 189 188 182 177 180 186 187 180 172 163 154 152 153 154 153 149 144 141 140 142 143 142 142 142 138 133 134 141 144 142 139 137 136 139 142 148 161 172 178 181 181 184 190 193 192 191 193 193 191 189 189 187 184 181 176 171 170 172 172 172 172 173 177 179 174 170 172 175 176 176 178 180 182
-9999 109 111 120 129 133 131 123 124 135 143 148 155 164 171 174 175 176 178 183 187 187 184 180 176 174 176 177 174 166 158 149 144 147 153 156 155 148 141 139 142 143 140 139 140 139 136 134 140 145 144 140 138 138 139 146 156 167 178 182 182 182 182 185 191 194 194 195 197 196 193 191 189 186 182 177 173 171 172 173 172 172 171 171 173 172 171 171 174 174 172 171 177 183 185
-9999 114 123 136 141 139 132 124 129 142 149 155 167 177 179 179 180 180 182 185 187 183 174 168 167 170 172 171 166 161 156 148 145 149 152 154 154 147 141 141 142 139 134 135 137 138 137 137 141 140 136 136 142 147 152 164 175 179 181 182 183 184 184 187 192 196 196 197 197 196 192 187 184 180 176 172 172 175 176 172 169 169 170 171 172 171 171 171 169 170 170 171 177 184 185
-9999 127 142 156 157 148 139 133 141 152 157 166 179 185 183 183 184 184 186 186 181 175 169 168 169 171 172 170 166 160 152 148 148 150 150 149 146 143 144 144 141 137 133 133 135 135 132 134 141 140 136 139 147 152 162 178 186 181 178 181 185 188 188 191 194 197 197 197 195 190 182 176 176 175 171 169 173 177 173 166 166 169 173 176 176 175 173 167 164 168 172 174 175 175 174
-9999 139 149 155 151 140 135 139 148 157 162 169 176 176 173 173 174 175 178 175 170 169 168 168 169 170 170 164 159 151 145 143 145 149 150 148 142 138 140 137 135 135 134 135 134 128 124 130 138 140 139 146 155 161 172 186 189 183 184 189 192 192 192 193 195 197 198 199 195 187 176 169 173 174 172 171 174 175 167 163 169 173 174 174 174 175 172 167 167 172 174 175 172 169 166
-9999 141 141 140 132 124 127 140 148 153 159 165 168 166 163 165 167 170 172 168 167 170 167 162 162 164 163 158 155 152 148 144 145 146 147 147 142 137 133 128 128 133 134 136 134 129 126 130 135 139 145 157 170 177 187 193 191 187 191 197 199 199 197 195 196 197 196 193 188 182 175 174 179 181 181 177 174 171 165 167 173 173 170 167 167 169 168 166 169 171 172 174 175 175 173
-9999 133 132 129 123 120 130 144 148 151 157 163 165 165 167 170 172 175 177 174 174 174 168 162 164 167 165 160 158 158 155 153 151 146 142 144 141 137 134 130 131 134 133 133 133 136 140 142 148 158 169 179 186 192 199 201 197 194 197 203 206 206 202 198 199 199 195 187 180 177 176 180 184 186 181 172 168 168 165 167 171 170 168 168 168 166 164 164 165 165 167 173 178 180 180
-9999 130 130 129 127 130 142 154 153 154 160 162 162 163 169 174 177 181 184 184 183 181 174 169 172 172 169 167 161 157 156 155 151 143 140 141 141 140 140 139 139 137 135 135 138 147 156 163 173 185 193 198 199 203 206 205 200 198 202 207 208 205 200 198 199 198 193 186 181 177 177 181 183 180 172 163 163 166 165 164 165 162 164 168 169 165 163 162 162 163 166 171 172 171 169
-9999 134 134 135 137 142 149 153 151 154 161 164 165 167 174 179 182 186 189 189 183 179 175 170 170 166 164 163 157 151 150 150 145 140 138 138 141 141 140 141 143 143 144 146 152 162 169 177 186 194 200 202 203 208 208 204 202 203 207 206 202 198 195 194 194 192 186 182 180 177 175 176 175 172 164 158 162 165 163 161 160 157 160 163 161 160 161 158 158 161 168 172 168 160 157
-9999 144 143 142 144 146 149 150 148 154 165 170 172 176 181 182 179 180 182 179 173 172 172 166 162 157 156 152 144 141 146 147 143 139 136 138 140 140 139 141 144 147 152 157 164 171 176 181 186 192 198 201 203 208 207 204 206 209 209 203 197 194 192 190 188 186 181 178 179 176 172 172 170 168 162 156 159 161 161 161 160 158 161 161 159 161 162 158 157 161 166 169 165 159 157
