docs/source/tutorials/mass_wasting_runout/pre_runout_DEM_hillshade.asc
ncols         397
nrows         609
xllcorner     361015.59563119
yllcorner     70225.434086869
cellsize      2
NODATA_value  -9999
[rows 504 to 545 of 609, columns 190 to 284 of 397]
193 192 190 179 159 143 140 151 160 163 164 165 163 151 143 136 121 105 90 75 66 63 62 59 49 39 36 38 41 45 50 56 61 59 60 65 74 97 128 156 164 162 168 176 181 186 194 208 226 238 238 226 204 186 164 143 107 81 82 78 75 85 96 104 109 116 119 112 96 93 98 98 101 107 108 107 104 100 101 103 103 99 95 97 97 86 72 64 56 53 57 67 86 101 103
188 189 187 172 150 142 147 153 156 160 166 169 166 156 146 134 118 101 83 73 68 65 59 50 40 34 32 32 35 42 52 56 53 47 42 44 64 102 140 162 166 169 178 183 188 200 217 232 242 245 243 231 215 197 170 136 98 71 69 61 63 81 94 107 119 126 125 116 105 104 105 100 101 105 105 106 105 102 102 102 100 96 96 100 96 83 71 63 58 61 70 84 102 110 110
189 188 180 163 146 146 154 155 155 162 170 171 167 160 149 132 116 101 86 77 74 70 61 54 48 44 42 40 43 52 60 56 40 22 15 28 70 125 163 178 182 189 194 196 208 229 242 247 250 248 243 229 216 198 158 112 80 63 63 66 77 100 120 140 150 146 131 117 110 109 105 96 96 101 105 113 116 113 112 112 107 101 99 96 85 76 72 66 62 68 78 94 112 118 118
193 189 181 168 154 152 157 155 156 168 175 170 164 160 151 136 122 109 92 79 76 72 65 62 63 61 59 58 60 66 65 52 21 0 0 41 104 160 187 196 200 200 200 211 232 246 250 250 250 248 241 224 206 173 126 90 71 62 66 75 91 119 147 165 163 142 121 111 108 105 99 93 95 100 107 115 116 113 114 117 113 104 96 84 71 69 72 69 64 69 82 104 123 127 125
194 190 185 177 163 157 160 159 161 172 177 171 167 164 155 142 130 113 94 80 76 71 64 65 68 67 67 66 65 64 57 39 2 0 13 80 145 183 198 201 199 195 201 223 239 247 248 245 243 240 227 199 167 125 93 81 70 62 65 74 91 125 155 160 141 117 106 103 102 97 93 96 102 103 104 107 105 104 108 114 111 98 86 75 65 67 74 71 64 68 90 118 135 137 136
192 191 188 180 164 157 159 159 161 169 175 174 173 169 159 148 135 115 94 82 75 68 62 64 67 66 65 61 54 50 46 30 0 0 33 111 163 184 188 189 192 199 215 231 237 238 235 224 217 204 172 137 112 88 80 82 72 60 62 73 94 125 147 139 115 102 100 99 96 91 93 104 109 106 104 103 99 97 100 103 98 86 79 78 77 81 84 74 64 74 106 132 143 144 144
187 192 193 183 166 159 160 159 160 168 174 176 175 171 162 150 136 115 92 78 71 65 63 65 65 63 60 51 43 42 42 28 3 0 50 131 171 176 174 184 201 213 225 230 228 224 213 193 178 151 115 97 86 74 75 77 65 57 62 75 93 110 121 114 101 99 102 104 101 96 103 111 110 106 105 104 99 97 95 89 81 75 79 90 96 101 95 77 68 84 118 139 147 149 150
189 194 196 188 173 166 162 160 164 171 176 176 173 171 163 148 134 116 89 71 64 63 65 66 65 61 54 46 42 44 42 28 13 18 68 149 170 165 170 192 208 212 216 216 210 198 181 160 145 119 93 83 72 63 64 62 54 54 62 71 80 90 104 106 101 104 110 115 112 109 114 113 103 99 99 102 103 101 94 84 78 78 87 101 105 101 92 80 81 102 130 148 154 154 151
199 198 194 186 176 168 159 159 166 170 175 174 170 170 161 144 133 117 85 64 58 59 62 64 60 55 52 49 50 53 49 32 22 23 62 138 155 151 167 188 196 193 194 193 185 168 147 132 122 105 86 73 64 59 58 56 53 61 67 67 72 88 114 122 116 114 119 120 113 107 108 100 92 94 100 108 110 103 93 86 85 90 99 107 105 96 87 87 97 119 144 158 159 153 144
202 197 188 179 174 165 156 160 165 167 171 173 172 171 156 138 130 113 80 59 55 56 59 59 51 44 44 47 50 55 52 35 20 13 43 121 147 152 168 177 177 172 175 175 166 149 131 119 111 98 82 73 70 65 59 54 57 67 71 70 80 102 127 133 121 117 119 116 103 92 93 93 95 104 114 118 114 103 93 89 92 100 105 106 100 93 95 104 117 137 158 163 156 146 139
201 194 187 182 179 168 156 157 160 164 172 177 174 166 151 137 125 101 70 54 53 56 60 59 47 38 39 40 43 48 45 28 11 2 38 127 155 159 170 173 169 166 170 171 161 144 126 113 103 89 79 77 78 71 60 55 61 72 75 79 94 109 125 128 116 113 116 111 95 85 92 101 107 117 127 125 113 103 97 94 98 106 108 105 100 99 107 123 138 157 170 165 155 151 147
200 197 195 191 185 169 153 151 156 165 172 172 163 151 141 127 106 81 59 51 56 62 64 60 48 41 43 44 43 43 38 24 9 0 41 135 153 156 170 172 168 169 173 172 160 141 124 113 102 90 82 79 78 71 63 60 71 83 81 84 91 96 109 115 109 111 119 116 101 92 101 109 113 122 129 121 107 100 101 101 104 110 111 110 110 112 119 130 142 156 164 161 160 164 163
202 203 201 194 183 165 150 150 159 167 166 157 147 136 123 104 82 63 50 54 67 72 66 58 48 44 45 47 48 46 41 31 21 14 53 138 148 153 169 168 165 169 173 168 154 138 125 115 104 92 85 79 75 71 69 72 86 94 86 82 78 78 89 98 99 109 123 123 112 105 110 115 116 119 119 108 96 97 103 105 109 116 117 117 119 122 127 132 138 144 148 153 162 169 170
202 205 202 194 182 166 153 150 156 161 153 141 134 123 105 87 72 58 52 65 83 81 64 54 48 45 47 49 49 49 46 38 35 37 64 122 143 151 164 165 165 172 177 169 153 139 129 119 106 95 91 83 75 72 76 85 97 99 87 76 69 70 81 91 98 113 125 125 117 112 114 117 119 117 113 102 92 96 104 108 114 121 122 121 123 126 130 134 140 145 151 161 169 172 170
198 201 196 189 179 164 154 149 150 152 142 129 122 110 95 83 76 68 71 90 101 86 63 53 48 46 48 49 49 50 48 42 43 45 57 85 120 149 162 163 168 177 183 179 165 150 136 123 107 99 96 87 78 76 82 90 95 94 81 66 61 67 83 98 111 126 131 127 115 104 103 110 119 119 115 107 99 101 107 113 121 127 127 127 128 129 132 138 146 152 160 170 176 173 168
193 193 190 186 175 160 152 147 145 147 142 129 120 111 99 91 91 92 100 110 108 88 65 54 49 47 49 49 49 50 49 44 40 40 45 53 89 148 164 162 170 180 185 182 169 152 132 114 99 94 89 78 70 68 69 72 72 70 61 51 52 66 88 107 123 132 131 128 119 110 108 114 121 121 121 116 110 111 116 121 128 131 132 131 129 131 136 142 148 151 157 165 168 169 171
191 191 192 189 175 158 151 144 142 147 144 131 122 119 114 109 110 109 107 101 92 81 68 57 51 49 51 52 53 54 54 47 37 39 45 44 80 149 164 165 177 182 181 174 160 142 119 95 82 78 68 56 50 45 43 48 48 42 35 36 51 79 105 119 127 128 127 128 130 133 134 132 129 127 127 123 118 120 124 129 135 138 139 137 136 139 144 148 150 147 146 147 147 153 163
195 195 192 183 167 155 150 144 143 145 138 123 113 116 121 120 113 102 87 76 74 78 76 64 57 57 60 62 64 63 57 48 39 41 51 51 87 150 163 169 178 177 171 161 145 124 95 68 59 52 39 33 36 32 34 46 48 40 34 44 71 107 132 140 140 136 134 133 132 134 133 130 132 133 132 126 123 127 130 136 141 140 140 139 139 140 142 142 139 134 130 128 128 133 139
197 193 185 173 160 153 148 141 139 136 125 112 107 116 122 113 96 78 63 61 71 82 79 67 61 65 69 72 71 63 51 45 44 48 59 63 88 142 163 169 173 167 159 148 129 98 61 41 40 39 32 38 47 44 46 59 62 58 66 89 114 138 149 151 152 152 152 149 144 139 130 127 132 135 133 128 127 131 133 136 136 130 128 127 122 118 117 114 110 111 114 117 118 116 107
198 191 183 176 166 157 146 134 130 123 114 111 114 121 117 96 77 67 61 65 78 84 74 60 55 60 65 68 65 53 42 44 53 60 68 72 85 122 153 163 167 161 149 135 112 75 41 33 44 53 61 75 84 78 77 87 91 98 121 143 154 158 154 150 152 158 163 162 158 150 138 135 136 135 134 130 130 133 132 132 131 127 125 121 111 104 101 93 88 92 95 95 87 78 70
198 192 187 181 171 157 141 128 123 119 120 124 122 116 101 81 72 72 71 69 75 76 65 53 49 50 52 56 55 44 36 43 58 69 76 80 82 102 138 157 162 154 137 113 83 52 38 52 73 87 99 109 114 112 113 125 138 154 168 172 171 168 164 162 166 173 177 175 168 156 145 143 141 139 140 137 135 136 135 136 140 141 136 126 116 112 107 92 86 89 90 82 68 58 54
191 190 190 184 171 154 139 130 126 127 131 128 115 102 89 77 73 72 68 62 67 69 58 48 43 41 41 47 51 40 32 43 62 80 89 84 76 85 123 157 161 151 130 100 72 54 59 84 104 113 119 125 130 131 134 146 165 175 174 172 177 187 194 199 203 204 201 193 184 174 166 163 159 157 158 156 155 154 152 152 155 155 150 146 142 140 135 125 122 118 110 98 87 83 78
191 193 195 191 177 159 143 133 129 130 127 114 98 89 84 77 69 64 60 60 71 78 67 55 47 43 43 49 53 43 38 52 75 95 100 86 69 72 106 152 163 150 127 100 83 79 89 107 118 122 125 132 139 140 142 152 165 170 171 181 200 215 221 222 219 213 205 196 189 185 182 180 177 174 174 174 174 173 172 171 171 169 168 170 172 172 170 168 170 166 153 136 124 121 117
194 195 197 195 182 159 141 130 124 121 113 101 91 87 86 80 69 63 64 68 79 82 71 64 58 54 55 58 59 52 49 62 81 95 100 85 63 60 87 136 154 145 128 106 94 95 103 114 120 123 128 135 140 140 145 158 172 185 200 216 226 228 224 217 208 199 192 186 184 182 180 179 178 177 177 178 178 178 177 177 177 176 176 177 179 180 180 180 183 184 181 173 163 156 151
197 195 195 192 175 147 129 122 116 110 105 98 92 88 89 84 70 63 65 70 75 69 60 62 60 56 56 57 59 58 57 60 67 78 87 75 53 48 73 120 146 146 137 124 117 119 123 130 132 130 130 131 136 146 163 186 205 220 229 231 228 220 207 196 189 183 180 178 177 176 175 175 175 175 175 174 173 174 174 175 174 174 175 176 176 176 177 177 179 181 182 182 181 179 176
202 198 194 188 167 134 117 114 110 105 102 98 93 87 87 83 66 56 61 74 81 71 65 67 59 52 52 54 57 62 61 55 56 67 76 67 45 40 65 111 143 149 146 143 146 152 154 153 147 136 133 141 161 187 210 225 233 235 231 222 210 197 187 182 179 176 174 173 173 174 173 171 169 165 161 157 154 152 152 154 157 159 163 167 169 170 171 171 171 175 178 180 181 181 181
202 196 189 176 153 124 112 114 111 103 97 96 93 88 85 79 60 51 66 91 99 87 80 72 57 50 52 55 60 64 62 56 57 68 77 70 47 37 61 105 138 149 149 150 158 166 165 158 152 153 168 192 215 231 238 239 235 226 212 199 188 181 177 174 169 161 153 148 149 153 149 136 124 116 114 113 111 108 108 112 115 117 124 135 146 155 158 156 158 168 175 177 179 180 180
194 183 169 151 134 122 117 114 108 97 90 95 95 90 86 77 59 58 82 108 110 93 80 69 57 53 54 59 63 62 60 59 63 70 78 78 54 40 62 103 133 144 146 152 160 162 160 166 180 201 221 233 239 243 240 232 218 200 188 181 175 166 155 142 127 113 102 97 100 104 95 78 71 74 78 81 85 89 91 92 91 92 100 111 122 129 131 133 143 159 167 169 173 178 180
174 161 150 140 136 133 120 103 97 92 93 98 95 91 89 78 66 73 99 113 104 87 72 61 56 57 61 65 66 66 66 66 69 71 79 82 56 40 61 102 130 139 147 159 168 175 188 207 225 237 242 242 241 237 224 206 191 181 174 163 146 125 105 87 76 73 72 76 84 84 72 62 69 84 95 101 107 109 107 104 104 107 112 115 116 114 111 115 129 142 145 142 149 161 168
162 156 155 154 152 142 116 93 89 93 95 95 93 94 93 78 68 84 103 106 96 78 60 52 54 63 70 71 72 73 71 71 72 72 77 75 51 40 65 112 143 152 166 187 206 219 229 236 242 245 244 238 228 213 196 182 174 163 141 116 92 75 64 58 63 73 80 89 100 99 90 88 102 120 133 139 139 133 124 119 119 121 118 115 115 112 107 109 119 125 122 119 130 143 149
170 168 169 168 163 145 113 90 87 92 91 87 86 90 87 72 72 93 106 107 100 79 59 53 56 67 72 71 74 74 72 71 71 71 72 64 44 42 76 130 165 179 202 225 236 239 242 244 245 243 235 220 202 188 177 162 144 118 86 66 58 54 51 54 66 80 89 101 113 116 118 124 137 150 155 151 142 135 129 126 128 128 125 127 129 124 117 117 121 122 121 125 138 147 147
171 170 174 174 166 140 108 91 89 92 91 84 79 81 80 80 95 112 116 114 105 82 63 60 61 68 71 71 73 74 74 74 74 73 70 58 43 51 94 154 190 208 226 240 242 242 244 243 239 229 212 194 181 167 145 118 93 70 51 47 52 51 52 63 79 95 108 123 133 138 144 150 159 166 163 152 139 133 130 133 141 146 151 159 159 152 146 145 146 144 144 148 154 155 150
178 173 175 174 163 134 109 99 95 92 91 85 82 89 97 108 122 126 123 120 109 83 65 63 64 71 78 81 82 80 80 81 79 74 65 53 49 75 136 193 218 227 237 243 243 242 241 233 219 201 186 174 156 127 96 76 66 54 43 45 54 60 73 98 119 135 147 156 161 163 165 166 172 175 173 165 151 141 138 145 156 164 173 177 174 172 175 178 177 173 170 166 163 158 152
195 188 182 173 157 132 115 109 100 96 97 96 97 108 118 126 130 127 123 120 107 83 68 66 69 76 85 94 97 91 85 82 71 59 51 49 68 123 189 224 234 237 241 243 241 235 224 208 192 176 160 139 109 80 68 66 63 53 47 57 76 97 122 147 162 169 173 176 176 172 169 168 173 178 180 173 157 146 147 158 167 174 178 178 176 179 183 184 182 183 184 180 175 167 159
207 203 192 173 151 131 118 112 103 102 106 106 108 115 125 132 133 129 123 111 94 78 71 71 73 81 93 106 111 97 81 71 53 42 45 63 112 181 222 237 241 242 241 238 227 211 195 180 164 141 115 91 69 59 64 67 63 61 67 88 117 141 161 174 178 179 182 187 184 174 167 166 171 177 179 169 150 141 147 161 170 176 178 176 177 180 180 179 180 186 191 189 184 177 170
208 208 196 173 152 133 120 113 105 103 106 106 106 111 124 135 137 131 117 97 79 70 70 72 74 85 102 115 113 87 62 52 40 40 63 108 173 220 237 243 243 239 230 217 199 183 169 147 118 90 74 67 60 59 65 69 72 85 104 126 149 167 177 183 181 179 185 191 185 171 166 169 177 181 179 166 143 134 146 162 173 180 180 175 174 176 177 180 183 188 190 187 181 178 176
200 201 189 168 153 139 129 119 104 98 98 97 96 102 119 133 132 121 103 84 72 69 70 72 75 86 103 113 101 64 38 31 31 53 108 174 221 239 243 242 234 221 203 189 175 156 129 98 73 61 61 62 60 62 74 87 99 118 136 147 162 176 184 185 179 176 184 187 177 165 166 175 183 184 178 158 132 129 149 165 177 184 182 172 168 171 176 181 183 184 184 178 174 175 175
193 191 179 161 153 146 140 121 97 89 90 89 89 98 114 123 117 100 85 76 71 70 71 74 77 85 99 108 92 50 25 24 43 95 167 219 239 241 238 228 210 193 179 162 137 105 78 60 54 58 62 61 61 74 98 116 129 143 151 154 166 181 186 182 172 172 181 182 170 161 166 177 180 176 166 144 123 131 152 165 177 182 175 163 162 171 180 183 182 181 180 176 173 174 174
186 185 173 157 151 147 141 117 91 87 90 89 88 95 106 110 101 83 73 71 70 69 71 77 82 87 98 101 80 37 17 33 86 160 211 235 239 231 217 199 184 171 150 118 83 59 51 51 54 59 61 63 76 103 127 138 146 155 156 157 170 183 186 177 166 169 179 179 167 161 167 174 172 163 154 136 125 139 155 165 172 170 160 154 158 171 180 182 182 183 183 179 174 171 170
182 182 170 152 145 142 134 108 88 88 93 92 89 93 101 105 99 81 70 66 61 63 71 80 86 89 91 78 48 16 13 59 149 210 230 235 226 209 191 176 157 129 96 69 54 53 57 61 62 61 61 74 103 133 147 150 155 158 156 158 172 185 184 171 161 162 170 171 163 160 165 168 162 154 150 140 136 148 160 167 169 165 160 160 165 172 176 177 179 182 182 176 170 166 166
186 182 170 155 150 144 127 100 85 88 92 89 89 95 103 109 101 78 66 61 55 61 72 81 86 84 71 45 20 9 34 117 202 228 229 220 203 186 168 143 108 72 52 47 50 59 64 65 64 66 77 106 137 154 157 157 158 157 155 162 177 185 177 159 149 151 159 164 164 161 160 159 155 157 162 157 152 157 166 172 172 172 173 173 172 174 174 172 173 177 177 170 166 166 169
188 183 176 169 164 148 121 96 84 85 84 80 87 97 106 109 95 69 62 64 62 67 74 77 75 66 46 21 14 34 99 185 221 223 211 195 179 159 128 92 63 48 47 50 51 55 61 64 72 88 113 145 163 166 163 160 158 156 159 168 178 178 162 144 138 142 152 161 162 156 152 152 154 160 167 163 152 151 164 173 173 176 178 176 173 173 170 167 170 173 170 166 169 173 176
