docs/source/tutorials/mass_wasting_runout/pre_runout_DEM_hillshade.asc
ncols         397
nrows         609
xllcorner     361015.59563119
yllcorner     70225.434086869
cellsize      2
NODATA_value  -9999
[rows 378 to 419 of 609, columns 95 to 189 of 397]
158 156 158 157 156 158 157 158 160 162 159 154 154 153 150 148 147 148 157 159 155 153 153 149 146 148 152 149 147 152 159 163 162 160 159 154 146 143 145 145 143 145 142 137 137 135 132 130 122 109 103 107 117 121 127 140 144 140 136 135 134 131 121 110 108 109 106 96 100 116 130 137 140 140 141 136 126 116 102 100 103 95 93 113 163 213 228 219 194 182 183 179 164 147 137
159 158 158 156 158 159 158 156 154 152 147 144 150 153 152 154 155 156 162 165 159 152 149 147 145 146 148 147 150 157 163 162 153 146 146 146 143 143 147 148 146 145 144 141 137 135 134 132 119 102 99 109 120 123 129 139 143 140 135 135 136 131 118 106 103 104 100 91 98 118 126 130 136 138 135 130 124 118 97 88 90 84 93 134 195 226 230 215 196 194 195 184 160 141 131
159 161 159 157 160 161 159 157 154 153 151 152 157 158 158 159 157 156 165 168 159 151 151 152 149 146 147 150 156 160 160 155 145 141 146 150 151 152 153 151 148 147 146 142 138 135 133 129 115 100 101 115 123 124 130 138 143 142 138 137 137 130 115 105 104 104 100 92 103 120 122 126 137 136 126 119 117 110 80 67 75 77 106 170 220 230 223 204 195 201 201 182 152 130 118
161 162 161 161 164 163 162 160 159 160 159 159 162 161 160 159 155 156 163 161 150 147 152 154 151 149 152 155 157 154 150 145 141 145 152 153 150 148 147 146 146 147 147 143 140 136 131 125 112 100 105 120 125 125 133 140 145 147 143 139 136 127 115 109 108 108 105 100 111 121 118 123 133 133 124 121 122 110 71 57 72 87 138 204 227 225 211 194 191 197 194 172 141 120 107
165 162 159 161 164 164 161 158 157 157 156 157 159 159 157 156 155 156 160 154 146 148 152 152 149 149 154 155 153 150 148 145 142 145 149 147 143 143 144 145 146 147 146 143 140 134 127 123 112 103 110 122 126 126 134 140 144 149 147 140 133 124 116 112 110 110 108 107 114 120 117 119 127 133 133 137 141 122 75 60 80 101 161 212 221 215 202 189 186 187 180 159 133 113 101
160 158 159 162 163 159 154 152 153 152 149 150 152 153 153 155 158 160 160 153 148 151 154 154 151 151 153 153 151 150 149 149 146 145 147 147 147 148 150 150 149 148 145 144 140 132 126 125 118 111 116 125 127 128 133 139 144 151 152 143 134 125 117 114 111 110 111 110 113 116 114 115 125 141 149 155 150 117 73 64 85 108 167 203 204 200 192 184 183 183 172 151 128 109 95
157 159 163 164 161 155 149 150 154 152 147 145 144 145 147 152 157 159 157 150 147 150 154 156 153 152 151 150 150 147 146 148 147 148 150 149 149 150 150 150 151 149 146 144 140 135 132 132 128 118 120 127 129 128 130 135 143 153 152 142 135 128 121 119 116 116 116 112 110 111 112 115 131 153 163 163 144 104 72 68 79 100 158 191 193 190 181 174 177 179 171 153 132 112 96
162 164 164 162 157 155 152 152 153 150 144 141 141 143 146 150 153 152 150 148 148 150 153 153 150 147 146 146 147 145 146 149 149 150 150 148 148 149 149 151 154 152 148 146 142 140 136 138 133 120 122 128 127 124 126 130 139 148 146 139 137 136 132 131 130 128 123 113 108 109 112 119 138 159 165 157 132 98 75 67 70 93 153 187 188 183 174 172 180 183 175 156 134 114 97
166 165 164 161 158 157 157 156 152 145 140 140 146 151 154 154 151 148 146 147 149 151 152 149 145 143 145 148 151 151 154 157 155 151 150 152 154 154 152 152 153 151 148 145 143 140 132 128 122 114 122 125 121 121 124 128 136 143 142 139 140 142 142 144 141 136 127 115 109 111 116 123 141 157 156 141 122 100 77 62 63 93 150 188 185 173 166 176 191 194 179 151 129 111 97
171 166 161 157 155 153 153 153 150 148 146 148 155 158 157 154 150 148 147 148 150 152 154 152 149 147 150 155 157 156 158 158 153 148 151 157 157 155 154 152 152 150 143 140 140 138 128 118 111 111 119 118 115 118 122 125 136 142 142 143 141 141 142 145 142 132 120 111 108 112 116 122 139 150 142 126 118 109 86 64 61 90 135 177 180 168 169 182 193 192 168 139 121 109 102
170 165 157 152 151 150 150 149 150 152 152 154 157 154 150 148 148 148 148 150 151 153 155 154 153 153 155 158 157 153 152 151 147 148 153 158 154 151 151 150 151 148 140 137 138 135 127 120 118 120 120 113 112 117 121 125 135 142 143 144 140 137 139 143 139 125 111 104 104 106 108 115 134 142 129 117 119 121 106 74 60 83 125 173 181 177 184 191 191 178 151 129 117 109 108
163 159 155 154 154 152 153 153 152 150 150 153 153 150 147 148 148 147 148 151 151 151 152 151 151 152 155 156 153 150 149 148 147 149 152 154 151 150 151 149 150 146 139 136 137 136 132 127 125 125 120 113 113 119 122 124 136 144 145 145 141 140 144 148 144 127 109 101 96 95 100 112 131 135 123 116 124 136 128 83 57 71 117 172 184 188 200 206 198 172 138 119 110 107 111
161 155 154 156 157 155 154 154 152 150 152 154 154 153 154 153 150 149 151 153 151 148 149 149 149 149 150 151 149 150 151 152 151 150 150 151 151 152 154 153 152 148 143 143 143 140 134 126 122 121 119 116 116 122 124 126 139 148 148 147 147 147 148 151 149 134 112 97 90 93 106 121 133 137 132 127 135 146 140 92 57 62 106 168 184 196 211 218 205 169 130 111 106 107 115
158 157 157 156 155 157 156 156 154 154 158 158 156 156 159 156 151 152 154 155 152 149 149 148 148 148 149 151 150 150 152 154 156 155 155 156 156 155 155 156 153 150 149 149 147 140 133 126 123 122 120 117 119 125 130 132 139 145 145 145 148 148 147 150 152 140 114 95 91 99 115 125 130 140 143 139 142 150 141 96 53 48 90 157 181 195 209 217 201 160 130 119 119 122 129
156 159 156 153 155 159 158 159 159 159 160 160 157 156 158 157 156 157 157 156 154 152 154 153 150 148 151 154 152 151 152 157 160 160 161 162 160 158 158 157 152 148 148 146 142 137 132 129 127 124 121 120 123 128 133 133 132 136 138 140 144 145 145 149 152 141 116 98 95 101 111 115 118 133 146 145 145 149 135 93 49 39 71 127 168 183 190 194 181 149 132 131 135 141 146
157 158 156 155 158 160 160 159 159 159 158 157 155 153 154 154 155 156 156 155 153 154 158 157 151 149 153 154 153 153 155 157 157 155 155 157 157 157 159 156 149 146 145 142 139 135 130 127 125 122 121 123 122 123 126 125 125 132 138 140 142 143 144 147 147 139 120 102 98 99 105 111 120 137 153 152 148 144 124 87 51 42 63 106 163 177 173 169 166 149 137 140 146 152 153
157 158 158 158 159 160 159 159 157 157 156 155 154 153 154 154 154 154 156 156 153 154 156 155 151 150 153 153 153 155 155 154 152 147 146 150 152 154 156 152 146 146 146 144 144 139 132 128 126 123 121 121 119 118 122 124 126 132 138 142 144 145 145 146 146 141 129 112 104 102 107 118 132 149 162 157 148 138 108 73 50 47 61 96 169 188 181 179 180 162 144 147 153 158 154
159 160 160 160 161 162 162 162 161 161 160 159 157 155 157 161 162 159 157 156 155 154 154 154 152 153 155 154 152 151 151 153 153 149 148 149 148 150 149 144 142 142 143 144 147 143 136 133 131 127 123 121 120 121 124 126 128 134 140 145 147 147 147 146 146 145 137 122 110 107 111 121 138 153 160 153 145 131 90 57 48 50 54 78 157 189 190 192 189 168 148 152 156 156 151
162 160 160 159 162 164 165 165 161 161 161 160 159 157 159 165 166 161 157 157 158 158 157 156 154 156 158 156 153 149 150 154 155 151 150 149 148 146 143 139 138 137 138 141 144 140 133 133 132 128 123 120 121 123 122 122 131 142 147 148 148 149 149 149 150 150 145 134 121 115 117 123 137 150 149 139 136 122 78 49 47 51 49 63 133 167 165 162 154 146 147 153 154 151 150
160 157 159 159 163 166 165 162 158 158 158 159 160 159 160 163 161 155 155 161 163 162 161 159 158 157 157 156 154 153 157 159 156 150 148 148 147 145 142 141 141 140 140 142 141 134 127 127 129 125 119 117 120 120 120 127 141 149 149 148 146 147 148 149 151 152 154 148 135 122 116 116 126 136 132 123 124 109 67 41 40 47 46 55 117 154 145 131 116 111 120 129 137 146 152
157 159 161 161 163 164 161 158 155 156 158 160 160 159 159 161 160 157 157 161 164 166 166 163 160 157 158 159 157 160 163 162 155 149 148 149 145 143 143 143 143 142 144 146 143 134 127 127 127 122 114 115 119 120 125 136 146 148 146 144 142 142 144 144 145 149 154 151 135 112 97 99 110 121 118 112 115 102 62 39 41 47 48 57 113 158 147 127 105 88 78 78 91 114 139
161 162 163 162 161 159 157 156 158 161 163 164 164 162 161 164 166 163 160 161 163 163 161 161 159 156 159 158 157 160 161 157 150 146 146 147 144 144 143 140 138 137 141 145 143 135 129 125 121 116 111 115 121 125 131 137 141 142 142 139 136 138 138 136 139 146 152 149 132 99 82 92 104 111 111 109 115 110 74 48 48 53 59 76 119 149 133 115 96 74 62 60 69 92 127
164 163 164 163 160 158 157 158 163 165 164 165 166 166 165 167 168 164 161 162 162 158 158 163 161 159 159 155 153 157 157 151 145 142 144 146 146 148 147 141 136 134 137 139 137 131 126 119 114 113 114 120 125 130 134 136 139 142 141 137 134 135 134 132 139 151 156 154 142 108 91 101 106 105 107 112 122 123 94 58 53 63 74 92 120 131 120 113 94 73 69 73 86 111 134
161 162 164 162 161 162 162 162 164 162 158 159 162 166 166 167 165 160 160 161 160 160 164 168 161 158 159 156 155 157 156 149 144 143 145 146 145 146 146 140 136 135 137 136 132 128 124 117 117 121 124 124 124 129 133 134 139 143 140 136 135 135 131 131 142 154 157 158 155 133 109 106 106 104 110 124 133 134 105 61 57 75 83 96 116 122 120 128 113 91 89 99 120 140 146
162 162 163 162 166 169 167 165 165 161 156 160 165 168 165 161 158 157 160 162 163 165 168 164 154 153 157 158 159 157 153 148 147 147 145 140 135 138 139 136 135 137 139 137 134 131 124 117 119 124 122 115 114 121 125 127 130 133 131 129 131 134 130 132 142 151 155 158 161 149 117 97 99 106 118 134 140 134 103 63 61 76 81 95 117 129 131 139 137 117 111 125 142 148 150
166 165 164 162 165 167 165 162 163 159 155 160 164 162 155 151 153 156 160 162 163 165 165 158 150 151 156 157 158 155 152 147 144 141 137 133 131 136 136 132 132 135 137 135 134 130 122 116 117 118 112 108 112 118 119 117 119 123 125 124 127 130 126 129 138 147 154 160 162 147 108 82 89 109 123 136 140 132 107 77 69 74 83 101 121 134 136 132 130 121 127 144 149 146 152
165 164 163 160 161 163 162 160 161 159 159 162 161 155 147 148 155 161 162 161 161 160 158 154 151 153 157 157 156 153 147 141 136 133 133 133 135 139 138 132 131 132 133 132 131 127 119 116 118 118 113 113 119 120 116 113 118 126 128 126 124 122 118 123 134 145 154 162 162 139 96 77 92 112 124 134 136 132 119 92 78 84 100 113 118 125 123 111 108 113 138 161 156 150 160
163 161 161 161 164 167 165 162 163 163 164 166 164 158 153 155 161 162 160 159 159 157 156 155 156 158 159 155 153 148 140 134 132 133 134 134 135 137 136 133 134 134 133 133 133 130 122 117 118 115 110 110 112 113 112 114 123 130 128 124 120 116 114 120 132 144 155 165 165 138 102 98 112 118 122 128 127 129 127 102 87 102 118 119 117 120 118 103 100 113 139 163 158 154 162
164 161 163 164 166 167 164 162 164 164 164 164 161 159 158 161 163 160 156 156 157 157 157 159 160 159 156 149 147 144 138 136 137 137 136 133 133 134 135 134 135 135 135 135 134 131 123 116 112 105 101 104 105 105 106 112 121 124 122 121 121 121 122 127 133 142 155 168 170 146 119 123 129 121 119 121 117 125 130 113 105 121 125 118 117 118 115 101 97 110 125 144 150 156 159
165 164 167 166 165 165 166 166 165 164 164 162 159 159 160 161 161 158 155 155 156 158 158 157 154 150 146 142 143 141 137 139 140 139 138 135 136 139 140 138 134 132 134 135 133 128 119 111 104 99 101 102 100 100 103 111 115 117 119 119 119 123 128 129 129 137 150 165 169 155 140 146 142 122 116 116 113 121 129 127 128 135 125 113 115 113 107 95 94 106 116 127 137 155 161
163 164 166 166 166 167 169 170 169 166 163 162 161 161 161 160 159 157 155 155 158 160 159 152 145 143 141 138 138 135 132 134 136 136 136 136 141 144 142 138 133 131 135 135 131 125 117 110 104 102 103 97 92 96 106 116 117 117 120 115 113 116 117 114 117 126 137 151 162 167 174 182 161 123 111 114 113 120 126 128 134 133 120 111 114 110 101 92 94 106 112 117 133 163 170
161 163 167 170 171 171 171 170 169 164 160 161 161 159 158 157 158 159 158 159 162 163 159 149 143 144 141 138 136 133 132 130 129 132 133 133 138 140 138 137 136 137 138 133 126 119 113 110 104 103 98 87 85 95 108 115 113 115 119 111 107 109 107 104 109 119 129 143 156 168 184 193 165 114 100 110 114 119 116 118 124 120 114 111 111 105 94 86 88 98 98 101 130 169 174
165 168 172 172 171 171 170 167 164 159 156 158 157 153 153 154 156 156 156 158 160 158 153 144 141 141 137 135 134 134 134 130 129 132 132 132 135 134 132 136 139 142 141 131 121 114 109 105 98 94 85 77 81 93 101 102 101 107 111 102 99 105 109 110 115 123 134 151 160 162 164 164 150 110 91 103 117 119 111 114 123 119 112 106 104 97 84 74 79 89 80 80 118 160 162
169 171 172 167 164 165 163 160 158 154 153 154 150 148 150 152 152 150 150 153 153 148 142 136 135 135 133 134 134 135 135 133 134 134 131 131 134 132 131 134 136 139 136 129 121 115 110 102 92 83 75 73 82 91 95 95 96 101 102 93 91 103 111 115 122 130 143 161 165 159 154 154 151 127 95 96 115 118 109 114 124 122 116 108 101 91 76 70 83 91 74 73 105 141 148
168 169 168 162 162 164 161 158 154 150 149 147 144 145 147 147 146 145 145 146 145 138 133 132 135 137 140 142 141 139 136 135 136 135 133 133 134 132 134 136 136 133 127 121 116 111 106 98 87 76 71 75 84 90 93 97 99 99 96 87 86 97 104 109 117 126 138 154 158 156 158 165 166 148 111 95 110 117 109 112 116 115 118 115 105 91 77 80 98 98 76 74 94 123 147
164 167 166 163 163 164 163 159 153 148 146 145 145 145 144 142 141 142 143 144 143 139 135 139 142 143 146 148 147 140 133 134 137 138 140 142 140 136 137 138 136 131 125 117 108 104 99 91 83 76 74 79 84 89 94 100 103 98 91 85 87 95 99 104 112 118 126 140 150 155 164 172 169 154 126 105 109 114 107 107 104 102 117 127 116 98 90 101 118 110 86 79 89 110 150
163 166 166 162 158 157 155 150 146 144 145 146 148 147 144 142 142 143 142 141 142 141 141 144 144 141 141 142 140 134 133 137 140 140 142 145 142 136 137 137 134 130 126 118 109 105 100 92 85 82 82 86 87 89 92 96 102 100 93 91 96 102 104 110 114 115 123 140 152 158 164 165 164 158 142 119 107 103 102 102 92 89 114 131 115 100 102 120 135 121 96 87 95 106 143
163 161 159 154 150 149 146 141 141 142 143 145 145 144 142 141 143 144 141 140 140 141 141 141 138 135 134 133 133 132 135 139 140 139 139 141 139 135 134 135 131 127 126 121 113 107 101 94 89 87 85 86 86 87 90 96 102 101 98 99 105 107 108 114 116 116 128 147 157 160 158 155 158 161 149 125 104 95 98 94 80 83 113 127 110 101 112 133 143 130 109 100 105 106 124
156 153 151 149 148 147 144 141 144 145 142 143 143 141 138 138 141 143 142 143 144 144 139 134 134 135 136 137 137 137 137 137 138 138 138 140 140 134 132 133 130 126 124 118 111 104 99 93 90 86 80 78 79 85 96 104 102 98 96 100 106 107 106 111 116 122 135 149 158 164 161 157 160 163 149 131 112 97 90 79 69 82 113 126 117 114 124 142 147 136 125 118 113 104 103
152 151 150 149 149 149 146 145 147 145 140 140 142 142 137 137 143 146 146 146 145 143 138 135 137 140 142 145 143 139 137 136 137 139 141 141 137 131 130 134 132 128 122 114 107 101 96 92 89 83 77 75 78 86 97 98 93 95 97 99 103 103 104 110 119 130 142 151 160 168 166 164 169 169 156 145 127 103 85 68 65 85 111 122 121 123 130 145 148 139 137 133 119 98 87
152 150 149 149 149 149 146 145 147 142 138 138 141 142 139 141 149 154 153 150 147 146 143 141 143 145 148 150 144 138 136 135 137 139 143 143 137 132 132 135 134 131 125 118 113 105 99 95 89 80 76 78 82 90 94 89 90 97 98 96 97 99 106 116 124 134 144 153 163 168 165 164 169 168 159 153 140 113 88 67 68 90 109 118 121 123 126 140 150 143 141 141 125 96 82
151 148 147 147 147 147 143 142 144 143 141 142 144 145 144 146 154 160 158 151 149 149 147 146 146 148 150 148 141 137 137 138 140 142 145 145 141 136 134 134 133 131 128 124 119 110 100 92 83 77 76 79 82 89 95 94 95 97 97 95 95 101 111 118 124 134 144 156 167 170 166 165 165 162 159 157 146 120 89 66 66 86 104 117 125 121 116 135 155 151 145 145 130 100 84
