docs/source/tutorials/mass_wasting_runout/pre_runout_DEM_hillshade.asc
ncols         397
nrows         609
xllcorner     361015.59563119
yllcorner     70225.434086869
cellsize      2
NODATA_value  -9999
[rows 84 to 125 of 609, columns 95 to 189 of 397]
169 166 168 168 168 168 170 170 171 173 177 181 180 176 172 171 171 172 175 173 169 167 163 159 156 155 150 141 138 143 143 136 124 113 102 94 89 85 82 81 81 83 87 90 97 99 98 104 112 124 132 125 108 96 98 108 113 121 133 142 149 152 149 147 149 150 149 147 146 145 142 141 141 142 145 144 137 133 135 132 128 130 132 128 125 127 129 129 127 122 122 126 129 129 127
171 171 175 176 175 174 172 172 172 173 173 175 176 175 173 171 168 166 165 163 165 165 158 152 150 150 146 141 143 147 143 132 119 111 107 101 92 85 82 80 84 90 91 94 100 100 100 102 101 99 95 92 89 81 83 95 103 117 129 138 148 148 142 145 151 153 152 151 149 147 144 143 142 140 142 140 132 130 133 131 128 129 128 124 123 127 131 129 124 123 130 132 132 130 124
173 175 179 179 176 176 177 177 176 176 174 170 168 169 170 170 167 163 159 157 160 160 154 150 147 148 148 146 146 145 138 126 117 113 110 102 87 80 81 85 94 101 99 98 99 97 98 100 95 87 79 77 78 73 78 91 104 122 133 139 144 142 139 146 153 154 154 153 150 148 146 145 141 137 138 135 129 131 134 132 130 130 127 123 125 129 131 127 120 125 132 131 127 127 124
174 176 177 175 173 175 177 177 178 178 177 174 171 169 169 168 166 162 158 156 157 153 150 151 151 149 145 140 139 139 132 121 114 107 96 81 66 68 79 87 94 94 87 87 91 91 94 100 99 96 92 87 79 69 71 80 92 115 132 138 140 138 136 147 153 151 150 148 144 145 147 147 142 137 137 133 130 131 134 137 135 131 127 124 127 130 131 124 117 121 125 123 122 123 123
172 174 173 173 175 177 175 174 175 175 174 173 170 170 170 168 166 162 158 157 159 155 148 147 146 142 136 133 134 136 129 116 105 94 81 67 58 67 82 90 90 83 72 75 88 94 100 106 105 107 111 106 91 75 67 64 66 86 116 131 133 128 128 141 148 147 146 143 143 146 148 147 141 139 140 137 136 136 136 137 131 126 126 128 131 132 129 121 115 120 125 125 121 120 120
173 173 173 175 177 175 172 171 172 171 170 168 167 169 168 166 163 159 156 157 159 155 148 144 140 136 133 133 136 135 125 111 97 87 79 68 62 71 83 87 85 79 75 83 97 102 106 111 113 121 126 124 121 111 93 74 66 76 94 108 114 116 122 137 145 147 148 148 150 152 151 146 142 144 145 141 141 141 137 135 131 131 136 137 138 135 128 120 117 123 129 128 122 119 119
176 176 176 177 176 173 172 172 172 171 169 167 168 169 166 163 160 156 153 154 155 149 143 142 141 140 139 137 133 123 113 102 90 82 74 64 59 69 80 82 83 86 90 99 107 108 111 118 123 131 133 135 143 146 134 112 96 92 92 94 101 111 128 146 154 155 155 156 157 157 153 146 143 144 143 138 139 137 135 138 141 143 144 142 138 133 128 123 121 124 127 126 122 121 121
175 176 177 176 173 172 173 175 175 174 173 172 171 169 164 161 159 158 156 157 157 149 142 143 144 142 137 130 121 107 95 83 73 68 63 55 53 67 82 87 92 101 106 109 113 118 123 127 130 132 132 139 154 162 154 137 123 113 105 100 102 112 132 149 156 158 157 156 156 154 148 142 139 140 138 134 134 134 136 140 143 144 142 136 132 129 126 123 121 123 126 124 122 120 118
174 176 178 176 172 171 172 175 177 178 177 174 170 165 160 158 158 157 156 156 153 145 139 140 140 133 124 117 108 96 82 68 58 54 50 45 50 69 85 91 100 111 115 116 123 128 131 133 135 136 137 144 153 154 141 133 139 134 122 110 105 111 126 139 144 148 150 150 148 146 144 140 136 136 135 131 131 135 141 142 141 140 136 130 127 127 125 122 121 124 126 125 122 120 118
177 179 177 174 172 173 174 175 177 177 175 170 163 158 157 158 158 155 152 148 143 135 131 130 127 122 115 107 96 84 72 61 53 47 44 44 57 78 92 97 105 111 111 115 125 129 127 129 133 136 140 144 142 130 123 135 156 154 137 116 107 108 118 129 135 142 147 147 145 144 143 139 134 136 137 132 133 142 148 144 142 142 134 127 125 126 123 120 121 124 125 122 120 120 118
179 176 171 169 169 171 171 173 173 171 167 161 155 153 155 158 156 150 146 143 139 133 128 123 118 113 107 97 86 76 66 57 51 47 46 52 70 90 100 103 108 109 107 108 114 116 117 121 126 130 133 135 131 127 134 152 165 161 142 124 114 110 112 118 128 141 150 150 146 143 139 135 131 134 137 135 137 151 156 145 144 143 134 128 127 127 125 119 118 122 121 117 116 117 115
179 173 168 166 165 164 163 166 167 164 160 155 150 151 153 151 145 141 140 139 137 133 128 122 117 113 105 95 85 72 60 54 52 51 54 64 83 98 102 106 111 114 114 114 113 113 118 125 130 134 135 135 136 140 151 162 168 164 148 132 122 118 120 125 134 147 155 151 143 138 134 128 123 126 133 135 138 151 156 143 139 138 131 129 130 132 129 118 117 121 119 116 117 117 115
174 168 165 164 163 161 162 163 161 159 158 154 150 151 151 145 138 135 137 138 136 132 129 125 121 115 105 96 85 69 56 53 54 55 63 76 91 101 104 109 116 119 121 123 125 127 130 134 139 144 145 145 144 145 150 158 163 162 150 135 126 124 130 136 138 142 148 144 133 127 121 115 112 120 131 137 141 149 150 136 132 135 131 129 130 131 125 116 118 122 119 119 120 119 117
163 159 160 162 163 163 164 163 160 159 157 152 151 152 149 142 138 138 139 137 134 131 130 129 125 118 108 98 87 68 54 54 58 62 74 85 93 101 108 114 120 123 124 127 133 139 140 139 139 141 144 143 139 140 147 152 154 153 151 147 141 135 132 134 137 141 144 138 123 115 109 105 108 120 132 139 142 147 145 134 131 135 134 132 130 127 121 117 121 124 121 122 124 123 120
161 159 161 161 162 162 163 162 163 164 161 155 153 154 150 145 142 142 142 137 132 129 129 130 126 121 114 104 91 70 55 58 64 71 85 93 97 105 113 120 126 126 121 123 130 137 140 139 137 138 139 136 134 140 149 154 153 152 157 163 164 157 148 146 150 154 152 138 118 108 103 102 108 121 133 138 141 145 145 141 137 138 138 133 128 124 122 124 126 124 121 122 125 124 121
162 162 163 162 163 163 162 161 163 164 162 158 156 154 148 145 143 141 139 136 133 131 130 128 123 118 112 100 83 64 56 65 75 79 88 96 101 109 119 127 130 125 119 120 126 131 134 136 136 137 135 133 137 145 150 151 150 151 157 162 165 165 166 165 165 162 155 138 116 106 104 105 111 122 131 136 142 145 144 140 136 136 136 129 122 120 122 124 124 121 119 120 123 123 121
163 164 164 163 165 165 162 160 159 156 152 151 151 148 142 139 139 138 138 137 136 136 136 132 122 111 99 84 68 57 59 75 87 90 96 104 108 113 121 123 118 115 118 126 132 132 132 133 136 139 139 140 146 151 151 146 144 148 154 156 158 165 176 179 176 166 151 129 107 101 103 108 114 123 128 130 134 136 136 135 134 135 132 124 119 121 122 123 122 121 120 122 127 127 124
166 165 164 162 163 163 160 159 157 151 146 143 142 140 138 139 139 139 139 138 137 138 136 129 118 103 89 72 61 60 67 79 87 91 101 108 106 104 108 105 102 107 119 131 136 133 132 135 141 150 154 152 151 150 148 145 146 150 155 160 172 190 201 199 188 168 138 108 93 92 98 105 114 125 130 130 130 131 137 142 141 137 132 125 121 124 125 123 124 123 121 125 130 129 127
164 164 163 161 161 159 155 155 155 152 149 146 143 139 140 143 143 143 143 143 141 139 132 119 108 99 90 76 67 68 74 80 83 88 100 105 101 99 104 108 112 119 127 133 133 132 133 137 144 153 156 151 144 142 145 147 150 153 156 164 185 210 223 218 195 160 123 97 87 90 97 106 116 124 129 134 138 143 151 152 143 135 128 123 121 125 125 122 123 122 124 129 129 125 124
163 163 162 161 159 157 154 153 153 153 152 150 148 145 144 145 144 145 147 147 143 141 132 119 110 104 97 87 79 79 82 85 89 95 104 109 111 115 122 126 128 129 131 131 129 129 134 142 147 146 141 138 140 145 148 150 153 155 156 162 180 200 218 214 185 144 113 96 90 91 96 107 117 122 126 135 145 154 158 151 137 128 124 122 121 123 122 121 126 127 130 133 128 125 125
163 162 161 158 155 153 151 151 153 153 151 150 152 150 147 145 141 141 143 142 139 136 129 122 117 108 97 86 80 82 84 86 91 100 108 115 120 127 131 130 129 129 130 129 126 130 140 147 147 143 140 140 146 152 152 154 157 157 154 155 162 168 178 175 149 122 105 94 88 87 89 99 110 115 123 133 142 148 151 146 135 129 127 124 122 122 121 123 130 132 133 133 129 128 127
159 159 157 155 154 152 150 152 153 152 149 148 149 148 146 145 140 137 136 135 133 129 122 117 111 103 94 84 76 76 80 86 92 99 107 114 120 126 128 127 130 133 134 132 130 136 142 143 142 143 146 148 148 149 151 156 161 160 157 155 153 151 155 144 119 107 102 92 84 81 82 89 99 109 121 132 138 142 148 148 138 133 131 127 125 125 126 129 134 132 130 130 129 128 124
155 154 151 151 154 155 153 154 154 152 150 147 145 142 142 143 141 139 137 135 132 125 117 109 103 98 93 85 78 77 81 88 95 101 107 114 120 124 124 125 129 134 138 138 139 144 145 142 141 144 150 151 149 150 153 158 163 167 172 176 174 167 163 134 105 101 95 84 77 76 80 85 91 99 114 128 137 144 149 147 137 133 131 125 125 127 129 132 133 130 128 129 129 126 121
153 150 149 149 150 151 152 153 153 152 150 148 148 146 142 141 141 141 140 139 136 127 117 108 102 99 94 88 83 80 81 89 99 107 114 118 122 125 125 126 130 136 136 135 139 146 146 142 140 144 147 151 156 160 160 162 168 175 184 192 190 173 150 103 85 87 81 68 62 69 82 90 94 97 104 115 128 142 149 146 135 131 128 120 122 128 130 132 130 129 127 126 127 125 122
150 147 148 149 148 146 147 151 152 149 146 146 150 151 147 143 143 141 138 138 136 128 119 111 104 100 94 87 79 76 81 96 109 114 119 121 123 125 124 127 133 135 131 129 133 135 136 137 141 147 150 155 162 167 169 170 172 177 183 187 175 145 102 61 55 59 55 48 47 59 78 93 104 109 110 115 126 138 145 141 131 127 123 119 124 131 130 130 129 127 124 123 126 127 125
150 150 152 152 149 146 146 148 148 145 143 143 147 149 147 145 144 139 135 134 132 124 116 111 105 99 91 81 73 77 89 105 112 114 116 118 122 125 124 126 132 135 135 136 136 134 136 143 152 159 161 162 164 170 179 183 181 180 179 171 146 108 65 32 25 31 36 38 40 50 69 88 105 116 123 126 127 129 134 132 125 121 118 118 126 131 129 129 129 126 122 125 131 131 126
153 153 153 150 147 146 147 146 144 142 141 143 146 146 144 142 139 133 130 132 129 120 113 109 105 97 87 77 72 79 91 103 108 111 115 117 124 129 130 132 138 141 141 143 145 146 153 161 166 170 171 170 169 174 184 192 194 190 178 155 119 81 46 22 16 23 35 40 37 43 64 85 101 116 128 131 126 126 132 132 123 119 117 121 129 131 129 128 127 125 124 128 133 131 126
150 149 148 146 145 146 146 143 142 141 141 144 145 142 138 135 133 130 129 129 126 118 111 108 102 93 87 81 79 84 93 101 107 113 120 124 127 126 126 133 138 136 135 142 149 155 164 169 171 171 171 169 169 176 185 195 197 187 168 140 104 71 46 34 34 34 34 30 25 35 65 91 105 117 127 131 129 130 134 134 125 119 117 124 133 133 130 130 127 125 126 129 131 129 125
147 145 144 144 144 144 144 144 145 144 145 149 147 142 138 136 134 132 130 128 123 116 109 105 100 93 91 89 87 88 94 99 104 110 117 120 118 116 119 128 132 130 135 148 154 156 161 166 169 169 165 162 167 177 186 190 185 168 144 118 95 78 68 67 68 56 40 31 28 42 75 102 116 122 124 127 127 124 124 126 125 120 122 130 136 133 130 130 126 126 127 128 128 128 124
146 145 143 143 144 144 146 148 149 149 152 153 148 143 142 140 136 131 129 128 124 119 111 105 100 94 92 89 84 81 86 92 96 100 103 104 107 111 120 130 131 133 145 157 159 157 159 162 165 166 166 169 181 192 194 186 168 148 127 105 91 84 80 82 83 70 57 59 62 72 93 109 119 122 121 123 121 116 116 116 118 122 134 141 138 130 126 127 125 129 130 129 127 125 121
143 143 142 143 144 145 147 148 149 151 151 149 142 140 141 140 135 131 130 128 124 118 110 104 99 92 90 89 85 82 87 96 100 100 99 103 111 120 130 137 135 138 150 157 161 166 172 169 163 164 172 188 203 207 197 179 154 134 116 97 89 84 76 73 73 66 69 88 100 104 109 113 117 116 116 122 122 120 122 119 117 125 137 139 132 126 125 126 126 129 131 130 129 125 121
147 148 145 145 144 143 143 144 146 148 148 144 139 137 138 136 132 131 130 127 121 114 106 100 94 88 88 89 86 85 94 105 107 106 108 115 123 131 139 142 139 142 150 155 160 170 179 176 170 169 179 197 208 203 184 163 143 126 109 94 89 83 74 71 71 70 82 105 118 120 121 122 121 113 106 109 108 115 126 127 126 130 132 128 123 125 128 129 127 128 129 128 125 121 119
155 156 153 149 146 145 145 145 146 146 144 142 140 138 135 132 127 126 126 124 120 114 106 98 91 88 88 88 82 83 94 102 104 105 111 119 126 132 136 137 139 146 155 160 164 167 170 173 176 179 183 190 195 189 170 152 136 122 109 98 94 87 79 76 78 85 102 119 126 128 131 137 134 119 105 97 90 96 110 123 135 142 135 124 123 129 134 133 129 128 128 122 117 115 116
155 155 152 148 146 148 149 148 148 146 142 139 137 135 133 129 122 118 118 118 116 114 105 97 95 95 95 93 84 81 89 97 101 107 114 121 127 131 132 136 145 156 166 174 176 171 168 171 178 185 188 187 185 177 162 146 128 113 102 95 91 85 79 78 85 99 113 118 121 130 137 138 128 110 101 96 89 90 103 120 136 144 137 126 127 133 137 132 125 124 123 117 116 118 118
150 147 142 140 143 147 148 149 152 149 142 138 136 133 131 129 122 118 117 115 112 108 98 94 97 99 100 96 85 82 91 99 105 112 122 130 133 137 140 148 161 170 177 182 181 176 175 181 188 191 193 188 178 165 151 138 119 103 92 86 84 80 78 80 89 103 111 113 118 129 136 127 105 88 85 85 84 89 102 117 134 144 138 130 132 136 134 127 121 121 118 115 118 122 118
148 144 139 137 139 144 146 148 151 149 143 141 139 133 132 130 125 124 124 119 110 101 93 93 96 95 93 87 79 82 94 103 111 118 128 134 138 145 153 161 170 177 181 183 180 178 182 191 198 199 197 190 176 160 146 129 111 96 87 82 83 81 77 77 85 94 103 112 121 131 134 122 97 81 77 78 81 92 110 126 144 151 140 127 129 130 128 123 121 122 120 118 122 122 114
148 144 140 138 141 146 147 146 147 146 142 142 137 131 132 131 126 123 122 116 107 101 98 98 99 95 88 80 77 85 95 105 113 119 125 130 137 152 164 168 170 176 181 181 179 179 188 195 200 202 200 192 179 162 145 127 110 96 87 83 82 81 76 74 81 88 95 105 114 125 130 120 99 88 86 88 97 116 137 150 157 153 131 117 119 123 125 123 121 122 123 124 128 125 119
144 142 139 139 144 149 146 142 142 139 138 138 132 127 129 128 122 117 112 106 102 101 101 101 99 94 86 80 83 92 100 107 111 114 122 130 141 158 168 169 171 177 181 182 182 187 197 201 201 201 197 189 175 157 141 126 112 99 90 85 80 76 69 67 76 85 90 94 103 117 127 119 102 100 102 103 112 132 145 144 136 123 109 104 110 122 128 126 122 124 127 129 129 126 121
143 143 143 144 146 146 141 138 137 135 136 137 131 127 129 125 119 114 109 105 101 101 102 100 95 88 83 82 89 99 105 108 110 115 125 135 148 163 170 171 178 186 188 187 191 199 206 205 198 187 177 170 163 151 138 123 107 93 83 76 69 63 58 61 74 86 91 94 105 119 125 114 99 103 106 104 111 123 124 109 86 67 68 80 99 120 128 125 124 129 131 131 127 121 114
147 149 150 151 150 147 143 141 142 140 141 140 133 132 133 128 120 114 113 109 105 104 102 96 90 84 80 83 93 99 102 104 110 122 132 137 147 159 164 166 177 188 191 192 197 201 201 195 184 170 160 158 154 145 133 114 97 80 66 59 55 55 58 69 82 92 97 101 113 124 124 109 96 99 98 95 95 96 97 90 63 40 41 54 78 104 115 118 125 130 130 128 123 116 111
150 151 153 154 154 153 154 154 154 151 147 140 130 130 132 129 123 118 115 108 105 106 101 90 84 80 77 82 88 90 91 96 109 125 135 140 146 152 154 156 167 179 187 192 195 194 189 181 172 166 163 159 151 141 125 106 91 73 56 49 52 60 70 82 90 93 97 100 109 116 113 102 95 97 97 95 91 87 89 84 61 41 42 52 66 85 99 109 121 127 128 125 118 114 112
150 152 153 153 153 155 158 158 157 152 145 136 127 125 127 126 123 120 115 109 108 106 98 88 83 81 80 84 85 84 86 95 110 122 133 141 147 153 153 156 165 171 174 177 181 180 174 169 168 169 167 160 151 139 118 98 84 68 52 50 60 71 81 89 91 90 94 98 107 113 107 99 98 102 107 111 114 113 96 71 46 33 45 56 59 65 78 96 112 122 124 120 115 114 111
