landlab/components/overland_flow/chiri.asc
ncols         288
nrows         220
xllcorner     663209.025
yllcorner     3532134.575
cellsize      1
NODATA_value  -9999
[rows 29 to 57 of 220, columns 0 to 63 of 288]
-9999 -9999 -9999 -9999 -9999 -9999 -9999 -9999 -9999 -9999 -9999 -9999 -9999 -9999 -9999 -9999 -9999 -9999 -9999 -9999 -9999 -9999 -9999 -9999 -9999 -9999 -9999 -9999 -9999 -9999 -9999 -9999 -9999 -9999 -9999 -9999 -9999 -9999 2592.579 2592.1 2591.65 2591.098 2590.61 2590.05 2589.603 2589.193 2588.553 2587.979 2587.477 2586.996 2586.47 2586.12 2585.802 2585.293 2584.685 2584.26 2583.807 2583.511 2582.797 2582.088 2581.612 2581.268 2580.824 2580.376
-9999 -9999 -9999 -9999 -9999 -9999 -9999 -9999 -9999 -9999 -9999 -9999 -9999 -9999 -9999 -9999 -9999 -9999 -9999 -9999 -9999 -9999 -9999 -9999 -9999 -9999 -9999 -9999 -9999 -9999 -9999 -9999 -9999 -9999 -9999 -9999 -9999 2592.68 2592.288 2591.78 2591.246 2590.687 2590.19 2589.664 2589.214 2588.718 2588.209 2587.645 2587.19 2586.68 2586.201 2585.76 2585.339 2584.917 2584.438 2583.897 2583.416 2582.893 2582.317 2581.849 2581.359 2580.91 2580.413 2579.953
-9999 -9999 -9999 -9999 -9999 -9999 -9999 -9999 -9999 -9999 -9999 -9999 -9999 -9999 -9999 -9999 -9999 -9999 -9999 -9999 -9999 -9999 -9999 -9999 -9999 -9999 -9999 -9999 -9999 -9999 -9999 -9999 -9999 -9999 -9999 -9999 2592.78 2592.321 2591.906 2591.394 2590.805 2590.279 2589.793 2589.275 2588.823 2588.406 2587.925 2587.382 2586.817 2586.37 2586.034 2585.456 2584.973 2584.576 2584.059 2583.572 2583.104 2582.575 2582.057 2581.529 2580.991 2580.515 2580.048 2579.596
-9999 -9999 -9999 -9999 -9999 -9999 -9999 -9999 -9999 -9999 -9999 -9999 -9999 -9999 -9999 -9999 -9999 -9999 -9999 -9999 -9999 -9999 -9999 -9999 -9999 -9999 -9999 -9999 -9999 -9999 -9999 -9999 -9999 -9999 -9999 2592.909 2592.384 2591.871 2591.672 2591.027 2590.425 2589.9 2589.469 2588.979 2588.536 2588.294 2587.998 2587.032 2586.516 2586.051 2585.54 2585.095 2584.612 2584.179 2583.675 2583.248 2582.668 2582.243 2581.776 2581.176 2580.657 2580.163 2579.658 2579.253
-9999 -9999 -9999 -9999 -9999 -9999 -9999 -9999 -9999 -9999 -9999 -9999 -9999 -9999 -9999 -9999 -9999 -9999 -9999 -9999 -9999 -9999 -9999 -9999 -9999 -9999 -9999 -9999 -9999 -9999 -9999 -9999 -9999 -9999 2592.938 2592.385 2591.948 2591.495 2591.012 2590.463 2590.001 2589.555 2589.088 2588.629 2588.163 2587.81 2587.313 2586.725 2586.185 2585.784 2585.215 2584.716 2584.257 2583.752 2583.366 2582.862 2582.398 2581.934 2581.475 2580.89 2580.365 2579.816 2579.337 2578.875
-9999 -9999 -9999 -9999 -9999 -9999 -9999 -9999 -9999 -9999 -9999 -9999 -9999 -9999 -9999 -9999 -9999 -9999 -9999 -9999 -9999 -9999 -9999 -9999 -9999 -9999 -9999 -9999 -9999 -9999 -9999 -9999 -9999 2593.023 2592.474 2592.039 2591.628 2591.118 2590.68 2590.101 2589.638 2589.145 2588.695 2588.324 2587.874 2587.581 2586.874 2586.34 2585.905 2585.4 2584.842 2584.362 2583.97 2583.436 2583.031 2582.543 2582.087 2581.644 2581.097 2580.53 2580 2579.48 2579.021 2578.527
-9999 -9999 -9999 -9999 -9999 -9999 -9999 -9999 -9999 -9999 -9999 -9999 -9999 -9999 -9999 -9999 -9999 -9999 -9999 -9999 -9999 -9999 -9999 -9999 -9999 -9999 -9999 -9999 -9999 -9999 -9999 -9999 2593.086 2592.618 2592.158 2591.689 2591.234 2590.778 2590.267 2589.747 2589.288 2588.85 2588.386 2587.939 2587.424 2587.071 2586.502 2586.029 2585.507 2585.028 2584.614 2584.071 2583.605 2583.121 2582.639 2582.207 2581.689 2581.21 2580.719 2580.447 2579.763 2579.18 2578.696 2578.203
-9999 -9999 -9999 -9999 -9999 -9999 -9999 -9999 -9999 -9999 -9999 -9999 -9999 -9999 -9999 -9999 -9999 -9999 -9999 -9999 -9999 -9999 -9999 -9999 -9999 -9999 -9999 -9999 -9999 -9999 -9999 -9999 2592.733 2592.251 2591.795 2591.337 2590.811 2590.407 2589.941 2589.491 2589.015 2588.547 2588.039 2587.583 2587.128 2586.875 2586.152 2585.71 2585.182 2584.82 2584.212 2583.74 2583.284 2582.767 2582.301 2581.833 2581.336 2580.863 2580.328 2579.914 2579.343 2578.828 2578.366 2577.881
-9999 -9999 -9999 -9999 -9999 -9999 -9999 -9999 -9999 -9999 -9999 -9999 -9999 -9999 -9999 -9999 -9999 -9999 -9999 -9999 -9999 -9999 -9999 -9999 -9999 -9999 -9999 -9999 -9999 -9999 -9999 2592.841 2592.377 2591.895 2591.465 2591.041 2590.568 2590.063 2589.612 2589.13 2588.655 2588.176 2587.727 2587.313 2586.83 2586.705 2585.848 2585.352 2584.887 2584.368 2583.866 2583.403 2582.937 2582.446 2581.937 2581.447 2581.049 2580.571 2580.051 2579.548 2579.014 2578.518 2578.039 2577.569
-9999 -9999 -9999 -9999 -9999 -9999 -9999 -9999 -9999 -9999 -9999 -9999 -9999 -9999 -9999 -9999 -9999 -9999 -9999 -9999 -9999 -9999 -9999 -9999 -9999 -9999 -9999 -9999 -9999 -9999 2593.023 2592.487 2592.064 2591.609 2591.14 2590.705 2590.256 2589.735 2589.279 2588.752 2588.339 2587.877 2587.432 2587.033 2586.534 2585.975 2585.749 2585.067 2584.541 2584.048 2583.582 2583.068 2582.675 2582.198 2581.653 2581.158 2580.648 2580.23 2579.695 2579.216 2578.713 2578.226 2577.76 2577.261
-9999 -9999 -9999 -9999 -9999 -9999 -9999 -9999 -9999 -9999 -9999 -9999 -9999 -9999 -9999 -9999 -9999 -9999 -9999 -9999 -9999 -9999 -9999 -9999 -9999 -9999 -9999 -9999 -9999 -9999 2592.7 2592.082 2591.713 2591.3 2590.805 2590.348 2589.872 2589.375 2588.999 2588.471 2588.009 2587.556 2587.144 2586.693 2586.254 2585.73 2585.243 2584.765 2584.197 2583.717 2583.196 2582.649 2582.339 2581.922 2581.391 2580.813 2580.274 2579.84 2579.359 2578.887 2578.375 2577.921 2577.409 2576.952
-9999 -9999 -9999 -9999 -9999 -9999 -9999 -9999 -9999 -9999 -9999 -9999 -9999 -9999 -9999 -9999 -9999 -9999 -9999 -9999 -9999 -9999 -9999 -9999 -9999 -9999 -9999 -9999 -9999 -9999 2592.279 2591.85 2591.43 2590.938 2590.437 2590.006 2589.567 2589.103 2588.693 2588.196 2587.728 2587.229 2586.807 2586.293 2585.802 2585.413 2584.909 2584.395 2583.901 2583.437 2582.856 2582.422 2582.01 2581.506 2580.961 2580.415 2579.969 2579.55 2579.012 2578.552 2578.063 2577.619 2577.142 2576.652
-9999 -9999 -9999 -9999 -9999 -9999 -9999 -9999 -9999 -9999 -9999 -9999 -9999 -9999 -9999 -9999 -9999 -9999 -9999 -9999 -9999 -9999 -9999 -9999 -9999 -9999 -9999 -9999 -9999 2592.397 2591.957 2591.542 2591.043 2590.641 2590.181 2589.73 2589.273 2588.824 2588.391 2587.899 2587.446 2586.939 2586.424 2585.978 2585.491 2585.032 2584.55 2584.072 2583.609 2582.992 2582.574 2582.063 2581.604 2581.089 2580.656 2580.16 2579.661 2579.204 2578.692 2578.328 2577.8 2577.326 2576.894 2576.258
-9999 -9999 -9999 -9999 -9999 -9999 -9999 -9999 -9999 -9999 -9999 -9999 -9999 -9999 -9999 -9999 -9999 -9999 -9999 -9999 -9999 -9999 -9999 -9999 -9999 -9999 -9999 -9999 -9999 2592.081 2591.657 2591.231 2590.786 2590.332 2589.89 2589.433 2589.292 2588.449 2588.066 2587.569 2587.122 2586.641 2586.145 2585.711 2585.21 2584.727 2584.209 2583.721 2583.209 2582.709 2582.249 2581.749 2581.279 2580.795 2580.357 2579.834 2579.309 2578.867 2578.397 2577.918 2577.482 2577.034 2576.536 2575.84
-9999 -9999 -9999 -9999 -9999 -9999 -9999 -9999 -9999 -9999 -9999 -9999 -9999 -9999 -9999 -9999 -9999 -9999 -9999 -9999 -9999 -9999 -9999 -9999 -9999 -9999 -9999 -9999 -9999 2591.849 2591.392 2590.93 2590.497 2590.015 2589.668 2589.259 2588.647 2588.167 2587.716 2587.223 2586.78 2586.367 2585.839 2585.367 2584.891 2584.481 2583.933 2583.424 2582.865 2582.422 2581.967 2581.47 2581.004 2580.455 2580.06 2579.515 2578.998 2578.573 2578.128 2577.677 2577.122 2576.625 2576.115 2575.531
-9999 -9999 -9999 -9999 -9999 -9999 -9999 -9999 -9999 -9999 -9999 -9999 -9999 -9999 -9999 -9999 -9999 -9999 -9999 -9999 -9999 -9999 -9999 -9999 -9999 -9999 -9999 -9999 2591.934 2591.477 2591.031 2590.644 2590.231 2589.755 2589.248 2588.84 2588.435 2587.901 2587.544 2587.634 2586.513 2586.069 2585.593 2585.064 2584.596 2584.156 2583.69 2583.146 2582.572 2582.116 2581.657 2581.15 2580.647 2580.156 2579.624 2579.157 2578.687 2578.235 2577.789 2577.349 2576.785 2576.234 2575.739 2575.21
-9999 -9999 -9999 -9999 -9999 -9999 -9999 -9999 -9999 -9999 -9999 -9999 -9999 -9999 -9999 -9999 -9999 -9999 -9999 -9999 -9999 -9999 -9999 -9999 -9999 -9999 -9999 -9999 2591.654 2591.228 2590.722 2590.307 2589.874 2589.407 2588.966 2588.469 2588.115 2587.571 2587.119 2586.692 2586.319 2586.084 2585.35 2584.84 2584.383 2583.814 2583.281 2582.857 2582.338 2581.869 2581.325 2580.85 2580.363 2579.861 2579.332 2578.892 2578.434 2577.936 2577.449 2577.002 2576.417 2575.937 2575.433 2574.778
-9999 -9999 -9999 -9999 -9999 -9999 -9999 -9999 -9999 -9999 -9999 -9999 -9999 -9999 -9999 -9999 -9999 -9999 -9999 -9999 -9999 -9999 -9999 -9999 -9999 -9999 -9999 -9999 2591.382 2590.865 2590.416 2589.979 2589.62 2589.163 2588.625 2588.209 2587.713 2587.259 2586.92 2586.462 2586.13 2586.353 2585.228 2584.524 2584.055 2583.55 2583.055 2582.497 2582.068 2581.597 2581.107 2580.581 2580.106 2579.563 2579.061 2578.623 2578.148 2577.661 2577.189 2576.619 2576.057 2575.53 2574.981 2574.372
-9999 -9999 -9999 -9999 -9999 -9999 -9999 -9999 -9999 -9999 -9999 -9999 -9999 -9999 -9999 -9999 -9999 -9999 -9999 -9999 -9999 -9999 -9999 -9999 -9999 -9999 -9999 -9999 2591.047 2590.537 2590.142 2589.707 2589.386 2588.837 2588.264 2587.868 2587.383 2586.944 2586.589 2586.1 2585.872 2585.289 2584.839 2584.221 2583.775 2583.241 2582.708 2582.247 2581.743 2581.278 2580.829 2580.316 2579.813 2579.255 2578.817 2578.319 2577.776 2577.354 2576.885 2576.219 2575.688 2575.129 2574.573 2574.035
-9999 -9999 -9999 -9999 -9999 -9999 -9999 -9999 -9999 -9999 -9999 -9999 -9999 -9999 -9999 -9999 -9999 -9999 -9999 -9999 -9999 -9999 -9999 -9999 -9999 -9999 -9999 -9999 2590.748 2590.269 2589.821 2589.354 2588.946 2588.488 2587.981 2587.608 2587.068 2586.649 2586.181 2585.736 2585.341 2584.811 2584.373 2583.978 2583.432 2582.995 2582.498 2581.973 2581.468 2581.014 2580.445 2579.948 2579.539 2579.09 2578.554 2577.97 2577.503 2577.001 2576.544 2575.962 2575.376 2574.82 2574.245 2573.695
-9999 -9999 -9999 -9999 -9999 -9999 -9999 -9999 -9999 -9999 -9999 -9999 -9999 -9999 -9999 -9999 -9999 -9999 -9999 -9999 -9999 -9999 -9999 -9999 -9999 -9999 -9999 -9999 2590.434 2589.967 2589.545 2589.083 2588.656 2588.135 2587.756 2587.268 2586.807 2586.334 2585.904 2585.443 2585.013 2584.549 2584.045 2583.558 2583.103 2582.675 2582.153 2581.684 2581.159 2580.628 2580.197 2579.653 2579.178 2578.755 2578.33 2577.823 2577.247 2576.651 2576.188 2575.724 2575.072 2574.538 2573.896 2573.29
-9999 -9999 -9999 -9999 -9999 -9999 -9999 -9999 -9999 -9999 -9999 -9999 -9999 -9999 -9999 -9999 -9999 -9999 -9999 -9999 -9999 -9999 -9999 -9999 -9999 -9999 -9999 -9999 2590.132 2589.722 2589.248 2588.754 2588.414 2587.94 2587.401 2586.968 2586.532 2586.179 2585.634 2585.174 2584.719 2584.269 2583.796 2583.279 2582.813 2582.278 2581.875 2581.29 2580.873 2580.387 2579.847 2579.393 2578.948 2578.495 2578.022 2577.442 2576.899 2576.406 2575.907 2575.385 2574.909 2574.199 2573.622 2573.001
-9999 -9999 -9999 -9999 -9999 -9999 -9999 -9999 -9999 -9999 -9999 -9999 -9999 -9999 -9999 -9999 -9999 -9999 -9999 -9999 -9999 -9999 -9999 -9999 -9999 -9999 -9999 -9999 2589.913 2589.395 2588.95 2588.509 2588.046 2587.648 2587.13 2586.656 2586.233 2585.784 2585.712 2584.959 2584.444 2583.996 2583.523 2582.968 2582.472 2582.033 2581.554 2581.017 2580.543 2580.014 2579.537 2579.138 2578.652 2578.197 2577.657 2577.17 2576.604 2576.095 2575.632 2575.105 2574.445 2573.951 2573.319 2572.761
-9999 -9999 -9999 -9999 -9999 -9999 -9999 -9999 -9999 -9999 -9999 -9999 -9999 -9999 -9999 -9999 -9999 -9999 -9999 -9999 -9999 -9999 -9999 -9999 -9999 -9999 -9999 -9999 -9999 2589.089 2588.618 2588.205 2587.782 2587.381 2587.122 2586.364 2585.984 2585.57 2585.311 2584.839 2584.651 2583.97 2583.219 2582.646 2582.217 2581.741 2581.265 2580.705 2580.268 2579.798 2579.244 2578.843 2578.345 2577.946 2577.387 2576.941 2576.417 2575.974 2575.351 2574.825 2574.245 2573.677 2573.016 2572.447
-9999 -9999 -9999 -9999 -9999 -9999 -9999 -9999 -9999 -9999 -9999 -9999 -9999 -9999 -9999 -9999 -9999 -9999 -9999 -9999 -9999 -9999 -9999 -9999 -9999 -9999 -9999 -9999 -9999 2588.841 2588.379 2587.892 2587.51 2587.031 2586.582 2586.099 2585.695 2585.236 2585.042 2585.127 2583.954 2583.443 2582.872 2582.401 2581.917 2581.414 2580.91 2580.431 2579.908 2579.428 2579.039 2578.574 2578.1 2577.498 2577.084 2576.622 2576.119 2575.621 2575.057 2574.511 2574.004 2573.339 2572.785 2572.27
-9999 -9999 -9999 -9999 -9999 -9999 -9999 -9999 -9999 -9999 -9999 -9999 -9999 -9999 -9999 -9999 -9999 -9999 -9999 -9999 -9999 -9999 -9999 -9999 -9999 -9999 -9999 -9999 -9999 -9999 2588.084 2587.677 2587.187 2586.725 2586.265 2585.85 2585.419 2584.972 2584.592 2584.18 2583.587 2583.052 2582.626 2582.093 2581.642 2581.13 2580.667 2580.153 2579.711 2579.275 2578.804 2578.312 2577.863 2577.286 2576.861 2576.344 2575.841 2575.372 2574.8 2574.243 2573.637 2573.142 2572.569 2572.047
-9999 -9999 -9999 -9999 -9999 -9999 -9999 -9999 -9999 -9999 -9999 -9999 -9999 -9999 -9999 -9999 -9999 -9999 -9999 -9999 -9999 -9999 -9999 -9999 -9999 -9999 -9999 -9999 -9999 -9999 2587.827 2587.367 2587.017 2586.47 2585.963 2585.583 2585.114 2584.717 2584.204 2583.804 2583.23 2582.767 2582.421 2581.897 2581.399 2580.915 2580.387 2579.854 2579.456 2578.966 2578.45 2578.048 2577.578 2577.108 2576.591 2576.071 2575.59 2575.027 2574.5 2573.968 2573.367 2572.84 2572.323 2571.822
-9999 -9999 -9999 -9999 -9999 -9999 -9999 -9999 -9999 -9999 -9999 -9999 -9999 -9999 -9999 -9999 -9999 -9999 -9999 -9999 -9999 -9999 -9999 -9999 -9999 -9999 -9999 -9999 -9999 -9999 -9999 2587.096 2586.719 2586.236 2585.763 2585.254 2584.866 2584.391 2583.934 2583.604 2582.908 2582.518 2582.302 2581.803 2581.168 2580.576 2580.104 2579.63 2579.131 2578.759 2578.208 2577.74 2577.27 2576.727 2576.286 2575.808 2575.296 2574.791 2574.222 2573.712 2573.136 2572.596 2572.044 2571.5
-9999 -9999 -9999 -9999 -9999 -9999 -9999 -9999 -9999 -9999 -9999 -9999 -9999 -9999 -9999 -9999 -9999 -9999 -9999 -9999 -9999 -9999 -9999 -9999 -9999 -9999 -9999 -9999 -9999 -9999 -9999 2586.897 2586.498 2585.973 2585.479 2585.054 2584.612 2584.107 2583.575 2583.181 2582.673 2582.175 2582.06 2582.087 2580.938 2580.365 2579.875 2579.427 2578.86 2578.462 2577.922 2577.455 2577.021 2576.459 2576.056 2575.514 2575.01 2574.484 2573.898 2573.403 2572.908 2572.306 2571.724 2571.216
