landlab/components/overland_flow/chiri.asc
ncols         288
nrows         220
xllcorner     663209.025
yllcorner     3532134.575
cellsize      1
NODATA_value  -9999
[rows 116 to 144 of 220, columns 128 to 191 of 288]
2530.387 2529.82 2529.33 2528.837 2528.41 2527.943 2527.471 2526.935 2526.441 2525.937 2525.43 2524.86 2524.407 2524.137 2523.886 2523.235 2522.755 2522.211 2521.708 2521.219 2520.806 2520.444 2520.027 2519.498 2519.062 2518.55 2518.101 2517.621 2517.212 2516.666 2516.124 2515.794 2515.405 2515.052 2514.622 2514.265 2513.877 2513.432 2513.051 2512.647 2512.288 2511.89 2511.488 2510.894 2510.454 2510.002 2509.554 2509.062 2508.569 2508.102 2507.723 2507.214 2506.844 2506.223 2505.733 2505.203 2504.867 2504.373 2503.885 2503.457 2503.061 2502.673 2502.296 2501.614
2530.719 2530.172 2529.699 2529.215 2528.802 2528.29 2527.747 2527.24 2526.68 2526.226 2525.609 2525.078 2524.623 2524.246 2523.942 2523.488 2522.995 2522.448 2521.953 2521.463 2521.267 2520.637 2520.185 2519.726 2519.279 2518.77 2518.266 2517.834 2517.36 2516.977 2516.544 2516.096 2515.694 2515.24 2514.808 2514.316 2513.873 2513.471 2513.09 2512.728 2512.296 2512.262 2511.569 2511.108 2510.571 2510.068 2509.596 2509.151 2508.731 2508.327 2507.935 2507.252 2506.811 2506.374 2505.996 2505.481 2505.033 2504.492 2504.056 2503.626 2503.125 2502.74 2502.512 2501.91
2531.115 2530.612 2530.069 2529.593 2529.089 2528.644 2528.086 2527.555 2527.007 2526.497 2525.906 2525.3 2524.813 2524.439 2524.117 2523.718 2523.339 2522.719 2522.086 2521.688 2521.327 2520.922 2520.444 2519.95 2519.455 2519.013 2518.474 2517.986 2517.56 2517.087 2516.646 2516.198 2515.774 2515.315 2514.862 2514.417 2513.929 2513.572 2513.139 2512.731 2512.328 2511.965 2511.552 2511.031 2510.627 2510.141 2509.662 2509.152 2508.737 2508.384 2507.723 2507.254 2506.901 2506.614 2506.265 2505.703 2505.268 2504.717 2504.179 2503.71 2503.407 2502.753 2502.312 2501.853
2531.34 2530.829 2530.378 2529.85 2529.333 2528.83 2528.434 2527.93 2527.336 2526.779 2526.179 2525.691 2525.162 2524.726 2524.361 2523.946 2523.472 2522.897 2522.365 2521.869 2521.523 2521.149 2520.636 2520.158 2519.639 2519.152 2518.665 2518.17 2517.721 2517.317 2516.807 2516.342 2515.902 2515.423 2514.967 2514.496 2514.056 2513.624 2513.226 2512.779 2512.381 2511.921 2511.45 2511.013 2510.574 2510.071 2509.682 2509.24 2508.778 2508.196 2507.657 2507.332 2507.022 2506.886 2506.421 2505.974 2505.482 2504.936 2504.33 2503.837 2503.28 2502.838 2502.33 2501.902
2531.563 2531.084 2530.578 2530.109 2529.606 2529.071 2528.615 2528.156 2527.639 2527.073 2526.551 2526.007 2525.561 2525.024 2524.566 2524.168 2523.689 2523.124 2522.526 2522.039 2521.59 2521.137 2520.7 2520.224 2519.745 2519.258 2518.72 2518.399 2518.204 2517.462 2516.961 2516.441 2515.989 2515.523 2515.046 2514.57 2514.121 2513.664 2513.217 2512.799 2512.327 2511.866 2511.407 2510.924 2510.495 2510.121 2509.685 2509.188 2508.834 2508.233 2507.735 2507.297 2507.082 2506.932 2506.544 2506.092 2505.72 2505.029 2504.464 2503.922 2503.398 2502.882 2502.456 2501.958
2531.811 2531.36 2530.84 2530.335 2529.834 2529.37 2528.864 2528.339 2527.887 2527.366 2526.824 2526.253 2525.745 2525.329 2524.79 2524.358 2523.812 2523.341 2522.745 2522.254 2521.736 2521.291 2520.803 2520.354 2519.824 2519.563 2519.313 2518.456 2517.979 2517.538 2517.001 2516.545 2516.052 2515.557 2515.099 2514.641 2514.205 2513.74 2513.259 2512.792 2512.31 2511.87 2511.413 2510.949 2510.51 2510.087 2509.675 2509.264 2508.818 2508.343 2507.946 2507.424 2507.174 2506.874 2506.624 2506.169 2506.352 2505.15 2504.592 2504.081 2503.544 2503.02 2502.582 2502.084
2532.157 2531.647 2531.089 2530.588 2530.123 2529.599 2529.118 2528.665 2528.162 2527.632 2527.097 2526.481 2525.968 2525.473 2525.009 2524.528 2523.99 2523.534 2522.974 2522.5 2521.993 2521.488 2520.962 2520.493 2520.064 2519.538 2519.031 2518.489 2518.03 2517.545 2517.124 2516.615 2516.099 2515.63 2515.148 2514.701 2514.303 2513.765 2513.324 2512.785 2512.303 2511.906 2511.432 2511.032 2510.54 2510.124 2509.657 2509.297 2508.926 2508.395 2507.895 2507.494 2507.215 2506.869 2506.578 2506.164 2505.821 2505.137 2504.649 2504.167 2503.646 2503.229 2502.723 2502.229
2532.501 2531.907 2531.41 2530.838 2530.401 2529.837 2529.345 2528.886 2528.405 2527.873 2527.296 2526.781 2526.269 2525.782 2525.219 2524.8 2524.25 2523.812 2523.194 2522.693 2522.154 2521.681 2521.237 2520.742 2520.159 2519.637 2519.094 2518.59 2518.128 2517.592 2517.126 2516.675 2516.2 2515.702 2515.185 2514.764 2514.271 2513.795 2513.26 2512.926 2512.412 2511.917 2511.425 2511.06 2510.569 2510.14 2509.675 2509.308 2508.914 2508.49 2508.031 2507.613 2507.317 2506.891 2506.529 2506.089 2505.633 2505.101 2504.659 2504.203 2503.813 2503.358 2502.846 2502.399
2532.668 2532.148 2531.705 2531.08 2530.631 2530.098 2529.573 2529.099 2528.674 2528.091 2527.496 2527.081 2526.467 2525.953 2525.451 2525.139 2524.573 2523.928 2523.432 2522.905 2522.464 2521.999 2521.495 2520.9 2520.367 2519.773 2519.21 2518.712 2518.245 2517.745 2517.265 2516.805 2516.238 2515.764 2515.262 2514.813 2514.355 2513.85 2513.409 2512.913 2512.431 2511.951 2511.487 2511.231 2510.645 2510.191 2509.808 2509.316 2508.896 2508.491 2508.081 2507.754 2507.332 2506.923 2506.487 2506.001 2505.7 2505.115 2504.62 2504.219 2503.908 2503.471 2502.907 2502.429
2532.799 2532.262 2531.8 2531.372 2530.843 2530.32 2529.877 2529.337 2528.836 2528.447 2527.726 2527.254 2526.726 2526.137 2525.706 2525.086 2524.661 2524.103 2523.678 2523.227 2522.686 2522.133 2521.732 2521.149 2520.516 2519.913 2519.372 2518.864 2518.365 2517.888 2517.339 2516.868 2516.374 2515.88 2515.413 2514.887 2514.476 2513.942 2513.416 2512.939 2512.493 2511.992 2511.533 2511.104 2510.676 2510.248 2509.916 2509.415 2508.997 2508.53 2508.131 2507.773 2507.309 2506.931 2506.508 2506.097 2505.708 2505.2 2504.705 2504.317 2503.936 2503.454 2502.968 2502.507
2533.062 2532.528 2531.99 2531.702 2531.069 2530.594 2530.061 2529.573 2529.064 2528.5 2528.022 2527.46 2526.866 2526.27 2525.762 2525.217 2524.705 2524.35 2523.904 2523.34 2522.805 2522.306 2521.784 2521.198 2520.585 2520.039 2519.503 2518.95 2518.455 2517.97 2517.461 2516.927 2516.45 2515.934 2515.458 2515.008 2514.479 2513.979 2513.481 2513.001 2512.53 2512.07 2511.617 2511.201 2510.72 2510.353 2509.918 2509.414 2509.032 2508.539 2508.11 2507.874 2507.372 2506.928 2506.498 2506.084 2505.846 2505.248 2504.768 2504.373 2503.892 2503.476 2502.995 2502.557
2533.271 2532.8 2532.247 2531.658 2531.202 2530.76 2530.252 2529.75 2529.26 2528.712 2528.147 2527.655 2526.995 2526.4 2525.888 2525.322 2524.994 2524.482 2523.993 2523.449 2522.871 2522.452 2521.908 2521.333 2520.726 2520.139 2519.615 2519.111 2518.694 2518.134 2517.629 2517.07 2516.583 2516.071 2515.583 2515.088 2514.59 2514.08 2513.577 2513.114 2512.609 2512.166 2511.681 2511.219 2510.833 2510.354 2509.972 2509.508 2509.051 2508.601 2508.214 2507.858 2507.444 2506.934 2506.494 2506.016 2505.677 2505.267 2504.765 2504.396 2503.921 2503.47 2502.996 2502.558
2533.48 2532.967 2532.396 2531.851 2531.39 2530.904 2530.39 2529.962 2529.429 2528.944 2528.36 2527.848 2527.186 2526.595 2526.117 2525.602 2525.182 2524.681 2524.12 2523.565 2522.97 2522.425 2521.91 2521.361 2520.83 2520.295 2519.807 2519.334 2518.936 2518.356 2517.823 2517.263 2516.756 2516.184 2515.699 2515.167 2514.712 2514.204 2513.68 2513.247 2512.728 2512.229 2511.785 2511.293 2510.873 2510.427 2509.981 2509.573 2509.175 2508.66 2508.34 2507.836 2507.399 2506.954 2506.571 2506.041 2505.644 2505.2 2504.777 2504.385 2503.938 2503.432 2503.025 2502.607
2533.597 2533.138 2532.56 2532.035 2531.528 2531.035 2530.551 2530.062 2529.605 2529.094 2528.537 2528.022 2527.453 2526.8 2526.263 2525.797 2525.362 2524.822 2524.21 2523.754 2523.181 2522.525 2522.015 2521.5 2520.966 2520.461 2519.942 2519.44 2518.977 2519.413 2518.08 2517.471 2516.854 2516.361 2515.848 2515.371 2514.804 2514.288 2513.817 2513.488 2512.931 2512.358 2511.889 2511.379 2510.996 2510.519 2510.011 2509.618 2509.197 2508.796 2508.413 2507.797 2507.395 2506.959 2507.278 2506.12 2505.605 2505.202 2504.819 2504.401 2503.925 2503.524 2502.98 2502.612
2533.696 2533.242 2532.689 2532.167 2531.678 2531.2 2530.7 2530.193 2529.736 2529.253 2528.766 2528.234 2527.733 2527.093 2526.529 2525.999 2525.53 2525.022 2524.4 2523.823 2523.25 2522.758 2522.104 2521.62 2521.091 2520.581 2520.083 2519.583 2519.126 2518.736 2518.164 2517.557 2517.003 2516.471 2515.932 2515.451 2514.933 2514.391 2513.926 2514.575 2513.241 2512.531 2511.976 2511.474 2511.024 2510.58 2510.103 2509.733 2509.29 2508.887 2508.429 2507.965 2507.444 2506.978 2506.58 2506.069 2505.567 2505.241 2504.857 2504.401 2503.954 2503.502 2503.007 2502.602
2533.795 2533.286 2532.81 2532.313 2531.819 2531.291 2530.796 2530.304 2529.866 2529.401 2528.943 2528.421 2527.868 2527.29 2526.741 2526.225 2525.663 2525.166 2524.57 2523.994 2523.434 2522.85 2522.255 2521.731 2521.237 2520.78 2520.219 2519.711 2519.229 2518.792 2518.163 2517.664 2517.09 2516.551 2516.051 2515.558 2515.053 2514.469 2513.927 2513.587 2513.115 2512.549 2512.048 2511.59 2511.057 2510.641 2510.21 2509.869 2509.374 2509.063 2508.555 2508.008 2507.541 2506.992 2506.521 2506.069 2505.587 2505.252 2504.918 2504.476 2504.097 2503.564 2503.099 2502.618
2533.892 2533.421 2532.96 2532.433 2531.916 2531.42 2530.926 2530.428 2529.963 2529.502 2529.049 2528.538 2528.02 2527.432 2526.838 2526.361 2525.799 2525.29 2524.702 2524.115 2523.586 2522.968 2522.461 2521.911 2521.385 2520.852 2520.396 2519.849 2519.403 2518.908 2518.308 2517.767 2517.249 2516.698 2516.184 2515.701 2515.139 2514.639 2514.137 2513.639 2513.167 2512.589 2512.113 2511.67 2511.199 2510.714 2510.281 2509.902 2509.522 2509.055 2508.543 2508 2507.556 2507.122 2506.574 2506.17 2505.68 2505.29 2504.96 2504.531 2504.184 2503.706 2503.283 2502.681
2534.007 2533.519 2533.056 2532.542 2532.015 2531.513 2530.991 2530.501 2530.098 2529.664 2529.159 2528.613 2528.085 2527.567 2527.018 2526.478 2525.966 2525.404 2524.827 2524.244 2523.769 2523.133 2522.646 2522.173 2521.555 2520.971 2520.454 2519.986 2519.441 2518.902 2518.388 2517.889 2517.329 2516.84 2516.333 2515.84 2515.273 2514.743 2514.247 2513.753 2513.268 2512.707 2512.231 2511.858 2511.336 2510.792 2510.302 2509.925 2509.492 2509.112 2508.585 2508.061 2507.63 2507.152 2506.639 2506.189 2505.766 2505.434 2505.057 2504.627 2504.641 2503.705 2503.305 2502.66
2534.158 2533.71 2533.131 2532.612 2532.075 2531.569 2531.077 2530.615 2530.215 2529.718 2529.258 2528.739 2528.122 2527.603 2527.093 2526.569 2526.14 2525.525 2524.925 2524.388 2523.856 2523.34 2522.809 2522.169 2521.612 2521.106 2520.643 2520.097 2519.545 2518.998 2518.439 2517.903 2517.37 2516.881 2516.446 2515.943 2515.444 2514.908 2514.41 2513.853 2513.392 2512.895 2512.374 2512.144 2511.456 2510.844 2510.422 2509.967 2509.493 2509.067 2508.618 2508.178 2507.785 2507.221 2506.759 2506.29 2505.803 2505.428 2505 2504.571 2504.184 2503.782 2503.236 2502.803
2534.229 2533.812 2533.254 2532.726 2532.199 2531.646 2531.17 2530.708 2530.161 2529.702 2529.271 2528.745 2528.209 2527.7 2527.146 2526.674 2526.181 2525.626 2525.093 2524.533 2523.99 2523.468 2522.975 2522.351 2521.73 2521.166 2520.687 2520.164 2519.625 2519.102 2518.446 2517.904 2517.454 2517.001 2516.538 2516.034 2515.542 2515.115 2514.49 2514.06 2513.478 2512.996 2512.544 2512.071 2511.507 2510.967 2510.473 2510.025 2509.522 2509.095 2508.569 2508.148 2507.862 2507.291 2506.818 2506.284 2505.841 2505.439 2504.923 2504.54 2504.129 2503.843 2503.308 2502.842
2534.321 2533.819 2533.364 2532.795 2532.273 2531.767 2531.24 2530.746 2530.215 2529.809 2529.422 2528.828 2528.339 2527.727 2527.257 2526.691 2526.293 2525.648 2525.186 2524.655 2524.128 2523.76 2523.321 2522.542 2521.891 2521.355 2520.807 2520.255 2519.692 2519.061 2518.417 2517.885 2517.457 2517.145 2516.793 2516.27 2515.663 2515.151 2514.576 2514.174 2513.689 2513.133 2512.58 2512.047 2511.651 2511.081 2510.56 2510.087 2509.596 2509.075 2508.743 2508.188 2507.799 2507.377 2506.825 2506.376 2505.902 2505.393 2504.802 2504.403 2504.212 2504.063 2503.616 2502.942
2534.422 2533.885 2533.378 2532.865 2532.333 2531.816 2531.299 2530.858 2530.361 2529.881 2529.434 2528.918 2528.37 2527.86 2527.411 2526.763 2526.306 2525.771 2525.245 2524.678 2524.17 2523.695 2523.264 2522.648 2522.01 2521.465 2520.96 2520.401 2519.771 2519.017 2518.343 2517.875 2517.505 2517.286 2516.919 2516.28 2515.689 2515.168 2514.705 2514.247 2513.735 2513.174 2512.665 2512.201 2511.718 2511.128 2510.626 2510.213 2509.693 2509.267 2508.735 2508.265 2507.865 2507.396 2506.862 2506.439 2505.962 2505.418 2504.868 2504.462 2504.259 2504.049 2503.49 2503.104
2534.556 2533.979 2533.44 2532.909 2532.405 2531.913 2531.391 2530.902 2530.408 2529.931 2529.441 2528.963 2528.471 2527.925 2527.473 2526.849 2526.378 2525.887 2525.36 2524.756 2524.324 2523.721 2523.266 2522.707 2522.193 2521.616 2521.12 2520.501 2519.83 2519.173 2518.471 2518.038 2517.605 2517.258 2516.993 2516.37 2515.785 2515.26 2514.793 2514.295 2513.771 2513.27 2512.717 2512.302 2511.75 2511.187 2510.722 2510.259 2509.778 2509.354 2508.833 2508.375 2507.865 2507.33 2506.872 2506.45 2505.916 2505.436 2504.951 2504.585 2504.26 2503.822 2503.447 2502.942
2534.626 2534.106 2533.545 2533.026 2532.522 2531.998 2531.491 2530.989 2530.498 2530.001 2529.479 2528.966 2528.458 2527.997 2527.481 2526.95 2526.447 2525.958 2525.405 2524.909 2524.401 2523.809 2523.258 2522.818 2522.231 2521.662 2521.215 2520.641 2520.011 2519.38 2518.779 2518.263 2517.749 2517.274 2516.85 2516.31 2515.792 2515.269 2514.749 2514.3 2513.842 2513.375 2512.8 2512.265 2511.849 2511.254 2510.751 2510.299 2509.859 2509.355 2508.901 2508.411 2507.961 2507.423 2506.863 2506.374 2505.976 2505.448 2505.038 2504.691 2504.262 2503.814 2503.388 2502.904
2534.708 2534.223 2533.664 2533.144 2532.615 2532.076 2531.575 2531.122 2530.608 2530.087 2529.556 2529.059 2528.526 2528.053 2527.551 2527.014 2526.563 2526.07 2525.488 2524.956 2524.425 2523.886 2523.38 2522.856 2522.311 2521.741 2521.235 2520.724 2520.148 2519.598 2519.018 2518.482 2517.957 2517.43 2516.908 2516.38 2515.821 2515.336 2514.835 2514.353 2513.9 2513.416 2512.902 2512.38 2511.851 2511.339 2510.834 2510.328 2509.887 2509.463 2508.975 2508.473 2508.053 2507.456 2506.918 2506.469 2506 2505.54 2505.102 2504.688 2504.261 2503.85 2503.382 2502.937
2534.78 2534.262 2533.727 2533.207 2532.651 2532.159 2531.664 2531.2 2530.712 2530.116 2529.633 2529.095 2528.576 2528.118 2527.627 2527.073 2526.646 2526.082 2525.595 2525.072 2524.527 2524.006 2523.375 2522.904 2522.359 2521.877 2521.312 2520.765 2520.245 2519.708 2519.161 2518.607 2518.094 2517.559 2517.034 2516.535 2515.983 2515.456 2515.016 2514.4 2513.907 2513.503 2513.084 2512.447 2511.941 2511.423 2510.869 2510.389 2509.953 2509.559 2509.049 2508.58 2508.113 2507.57 2506.98 2506.506 2506.08 2505.606 2505.202 2504.761 2504.288 2503.905 2503.429 2502.969
2534.834 2534.311 2533.765 2533.253 2532.712 2532.185 2531.806 2531.267 2530.779 2530.256 2529.732 2529.181 2528.631 2528.188 2527.692 2527.147 2526.682 2526.093 2525.664 2525.153 2524.574 2524.071 2523.533 2522.934 2522.467 2521.96 2521.406 2520.851 2520.367 2519.795 2519.292 2518.799 2518.296 2517.771 2517.2 2516.697 2516.198 2515.635 2515.272 2514.623 2514.067 2513.574 2513.142 2512.59 2512.09 2511.475 2511.046 2510.515 2510.068 2509.691 2509.172 2508.616 2508.118 2507.646 2507.036 2506.56 2506.179 2505.703 2505.28 2504.828 2504.421 2503.973 2503.459 2503.012
2534.963 2534.401 2533.842 2533.315 2532.793 2532.292 2531.816 2531.386 2530.813 2530.287 2529.8 2529.269 2528.73 2528.205 2527.683 2527.192 2526.722 2526.192 2525.691 2525.234 2524.761 2524.091 2523.616 2523.111 2522.578 2522.028 2521.554 2520.997 2520.513 2519.973 2519.469 2518.917 2518.589 2517.869 2517.327 2516.793 2516.293 2515.786 2515.239 2514.75 2514.222 2513.698 2513.182 2512.712 2512.122 2511.748 2511.145 2510.649 2510.17 2509.759 2509.374 2508.734 2508.317 2507.846 2507.144 2506.683 2506.251 2505.748 2505.37 2504.934 2504.552 2504.042 2503.557 2503.038
2535.105 2534.522 2533.889 2533.379 2532.869 2532.36 2531.85 2531.408 2530.82 2530.305 2529.826 2529.294 2528.826 2528.278 2527.795 2527.246 2526.749 2526.251 2525.811 2525.272 2524.807 2524.159 2523.706 2523.214 2522.684 2522.156 2521.616 2521.18 2520.679 2520.155 2519.615 2519.116 2518.973 2517.996 2517.519 2516.914 2516.358 2515.861 2515.403 2514.832 2514.307 2513.792 2513.268 2512.789 2512.379 2511.985 2511.323 2510.8 2510.272 2509.854 2509.457 2508.94 2508.997 2507.913 2507.391 2506.842 2506.362 2505.873 2505.44 2505.004 2504.61 2504.084 2503.564 2503.048
