landlab/components/overland_flow/chiri.asc
ncols         288
nrows         220
xllcorner     663209.025
yllcorner     3532134.575
cellsize      1
NODATA_value  -9999
[rows 174 to 202 of 220, columns 192 to 255 of 288]
-9999 -9999 -9999 -9999 -9999 -9999 -9999 -9999 -9999 -9999 -9999 -9999 -9999 -9999 2494.295 2494.04 2493.733 2493.688 2493.284 2492.866 2492.318 2492.458 2491.79 2491.173 2491.527 2490.595 2489.817 2489.806 2489.214 2488.845 2488.205 2487.698 2487.52 2487.577 2488.246 2487.86 2488.019 2487.913 2487.98 2488 2488.01 2487.968 2487.92 2487.88 2487.85 2487.817 2487.779 2487.682 2487.513 2487.045 2486.652 2486.092 2485.6 2485.171 2484.88 2484.548 2484.235 2483.823 2483.489 2483.196 2482.947 2482.612 2482.32 2481.788
-9999 -9999 -9999 -9999 -9999 -9999 -9999 -9999 -9999 -9999 -9999 -9999 -9999 2494.135 2493.927 2493.683 2493.353 2493.003 2492.709 2492.157 2491.774 2492.077 2490.963 2490.616 2490.709 2490.603 2489.982 2489.215 2489.029 2488.777 2487.893 2487.616 2487.541 2487.732 2487.84 2487.89 2487.868 2487.959 2487.977 2487.98 2487.95 2487.896 2487.87 2487.81 2487.795 2487.756 2487.663 2487.484 2486.964 2486.575 2486.164 2485.594 2485.1 2484.783 2484.389 2484.089 2483.816 2483.623 2482.964 2482.709 2482.585 2482.229 2481.995 2481.605
-9999 -9999 -9999 -9999 -9999 -9999 -9999 -9999 -9999 -9999 -9999 -9999 -9999 2493.783 2493.488 2493.209 2492.822 2492.461 2492.103 2491.778 2491.435 2490.934 2490.636 2490.281 2490.011 2489.652 2489.24 2488.9 2488.51 2488.167 2487.772 2487.556 2487.628 2488.283 2488.042 2487.934 2488.445 2488.367 2487.95 2487.94 2487.892 2487.841 2487.8 2487.75 2487.728 2487.649 2487.333 2486.921 2486.424 2485.992 2485.459 2485.008 2484.62 2484.28 2483.868 2483.532 2483.258 2483.119 2482.805 2482.033 2482.058 2481.837 2481.565 2481.187
-9999 -9999 -9999 -9999 -9999 -9999 -9999 -9999 -9999 -9999 -9999 -9999 -9999 2493.432 2493.069 2492.735 2492.399 2492.092 2491.599 2491.268 2490.896 2490.824 2490.247 2489.95 2489.686 2489.332 2489.009 2488.705 2488.333 2487.92 2487.651 2487.604 2487.684 2487.833 2487.944 2488.474 2488.249 2487.985 2487.921 2487.893 2487.83 2487.791 2487.74 2487.702 2487.668 2487.478 2487.058 2486.412 2485.95 2485.574 2485.058 2484.482 2484.372 2484.532 2483.378 2483.013 2482.636 2482.353 2481.91 2481.427 2481.481 2481.883 2481.092 2480.687
-9999 -9999 -9999 -9999 -9999 -9999 -9999 -9999 -9999 -9999 -9999 -9999 2493.54 2493.103 2492.727 2492.406 2492.04 2491.625 2491.258 2490.899 2490.565 2490.694 2489.939 2489.627 2489.313 2489.048 2488.816 2488.827 2488.156 2487.745 2487.632 2487.688 2487.789 2487.859 2487.944 2488.017 2487.89 2487.9 2487.89 2487.831 2487.775 2487.725 2487.682 2487.64 2487.562 2487.106 2486.488 2486.256 2485.42 2485.395 2484.421 2483.944 2483.546 2483.276 2482.832 2482.475 2482.145 2481.749 2481.357 2480.99 2480.89 2481.053 2480.748 2480.369
-9999 -9999 -9999 -9999 -9999 -9999 -9999 -9999 -9999 -9999 -9999 -9999 2493.369 2492.874 2492.479 2492.142 2491.782 2491.369 2491.058 2490.686 2490.334 2490.016 2489.73 2489.367 2489.054 2488.8 2488.448 2488.234 2487.955 2487.656 2487.703 2487.799 2487.89 2487.869 2487.8 2487.954 2488.204 2487.87 2487.831 2487.77 2487.722 2487.67 2487.625 2487.55 2487.28 2486.77 2486.091 2485.582 2484.979 2484.743 2483.907 2483.438 2483.166 2482.862 2482.629 2482.112 2482.353 2481.41 2480.96 2480.75 2480.358 2480.469 2480.431 2479.989
-9999 -9999 -9999 -9999 -9999 -9999 -9999 -9999 -9999 -9999 -9999 -9999 2493.11 2492.714 2492.328 2491.973 2491.647 2491.251 2490.971 2490.566 2490.219 2489.938 2489.721 2489.598 2488.934 2488.598 2488.178 2488.002 2487.747 2487.652 2487.757 2487.952 2487.885 2487.873 2487.924 2487.84 2487.84 2487.821 2487.77 2487.72 2487.669 2487.628 2487.569 2487.473 2487 2486.445 2485.641 2485.114 2484.549 2483.991 2483.486 2483.1 2482.836 2482.309 2482.574 2481.586 2481.304 2481.29 2480.673 2480.416 2480.033 2479.795 2479.818 2479.644
-9999 -9999 -9999 -9999 -9999 -9999 -9999 -9999 -9999 -9999 -9999 2493.403 2493.106 2492.673 2492.339 2491.934 2491.567 2491.167 2490.758 2490.419 2490.147 2489.87 2489.582 2489.175 2488.791 2488.47 2488.271 2488.162 2487.786 2487.692 2488.007 2487.962 2487.865 2487.788 2487.813 2487.838 2487.81 2487.78 2487.712 2487.671 2487.616 2487.568 2487.493 2487.129 2486.631 2486.014 2485.38 2484.72 2484.318 2483.673 2483.188 2483.032 2482.383 2482.01 2481.658 2481.271 2480.914 2480.676 2480.373 2480.076 2479.847 2479.519 2479.363 2479.09
-9999 -9999 -9999 -9999 -9999 -9999 -9999 -9999 -9999 -9999 -9999 2493.394 2493.04 2492.716 2492.204 2491.881 2491.575 2491.156 2490.863 2490.432 2490.221 2489.932 2489.617 2489.279 2488.975 2488.68 2488.539 2488.119 2487.893 2487.836 2487.984 2487.934 2487.829 2487.745 2487.78 2487.78 2487.771 2487.721 2487.66 2487.609 2487.56 2487.518 2487.397 2486.855 2486.292 2485.544 2484.885 2484.34 2483.78 2483.338 2482.937 2482.436 2482.069 2481.783 2481.963 2481.132 2480.736 2480.344 2480.033 2479.88 2479.594 2479.385 2478.978 2478.786
-9999 -9999 -9999 -9999 -9999 -9999 -9999 -9999 -9999 -9999 -9999 2493.338 2493.04 2492.789 2492.258 2491.907 2491.528 2491.248 2490.903 2490.581 2490.375 2490.14 2489.847 2489.501 2489.255 2489.335 2488.769 2488.5 2488.157 2487.995 2487.954 2487.859 2487.82 2488.004 2487.76 2487.75 2487.722 2487.664 2487.616 2487.553 2487.522 2487.456 2487.225 2486.42 2485.878 2485.254 2484.57 2484.063 2483.58 2483.176 2482.833 2482.067 2481.728 -9999 -9999 -9999 2480.406 2480.024 2479.727 2479.508 2479.302 2479.227 2479.184 2478.556
-9999 -9999 -9999 -9999 -9999 -9999 -9999 -9999 -9999 -9999 2493.839 2493.455 2493.112 2492.762 2492.364 2492.046 2491.663 2491.403 2491.12 2490.834 2490.698 2490.482 2490.093 2489.823 2489.664 2489.256 2488.998 2488.748 2488.403 2488.158 2488.056 2487.807 2487.695 2487.886 2487.719 2487.71 2487.673 2487.606 2487.565 2487.504 2487.47 2487.375 2486.949 2486.232 2485.49 2484.938 2484.376 2483.889 2483.394 2482.953 2482.461 -9999 -9999 -9999 -9999 -9999 -9999 -9999 -9999 2479.289 2479.129 2479.073 2478.907 2478.527
-9999 -9999 -9999 -9999 -9999 -9999 -9999 -9999 -9999 -9999 -9999 2493.779 2493.351 2492.97 2492.577 2492.292 2491.977 2491.74 2491.431 2491.231 2491.056 2490.727 2490.363 2490.135 2490.229 2489.479 2490.043 2489.229 2488.602 2488.265 2487.97 2487.718 2487.624 2488.202 2487.688 2487.671 2487.625 2487.554 2487.51 2487.46 2487.428 2487.318 2486.7 2485.969 2485.339 2484.674 2484.206 2483.68 2483.199 2482.767 -9999 -9999 -9999 -9999 -9999 -9999 -9999 -9999 -9999 -9999 -9999 2478.743 2478.615 2478.424
-9999 -9999 -9999 -9999 -9999 -9999 -9999 -9999 -9999 -9999 -9999 2494.215 2493.732 2493.341 2492.962 2492.692 2492.361 2492.103 2491.852 2491.572 2491.332 2491.01 2490.71 2490.351 2490.071 2489.794 2489.494 2489.136 2488.737 2488.354 2487.913 2487.657 2487.857 2487.887 2487.809 2487.622 2487.574 2487.51 2487.459 2487.42 2487.354 2487.19 2486.417 2485.71 2485.151 2484.525 2484.049 2483.556 2483.086 2482.86 -9999 -9999 -9999 -9999 -9999 -9999 -9999 -9999 -9999 -9999 -9999 -9999 -9999 2478.23
-9999 -9999 -9999 -9999 -9999 -9999 -9999 -9999 -9999 -9999 -9999 -9999 -9999 -9999 -9999 -9999 -9999 -9999 -9999 -9999 2491.688 2491.319 2491.063 2491.617 2491.071 2490.085 2489.702 2489.363 2488.884 2488.437 2488.157 2487.573 2487.977 2487.596 2487.966 2487.589 2487.515 2487.467 2487.415 2487.376 2487.286 2487.021 2486.213 2485.629 2484.98 2484.459 2484.001 2483.571 2483.031 -9999 -9999 -9999 -9999 -9999 -9999 -9999 -9999 -9999 -9999 -9999 -9999 -9999 -9999 -9999
-9999 -9999 -9999 -9999 -9999 -9999 -9999 -9999 -9999 -9999 -9999 -9999 -9999 -9999 -9999 -9999 -9999 -9999 -9999 -9999 -9999 2491.724 2491.402 2491.055 2490.659 2490.331 2489.911 2489.565 2489.009 2488.395 2487.996 2487.524 2487.921 2487.637 2487.562 2487.529 2487.462 2487.423 2487.356 2487.332 2487.218 2486.856 2486.077 2485.542 2484.823 2484.337 2483.968 2483.621 2483.137 -9999 -9999 -9999 -9999 -9999 -9999 -9999 -9999 -9999 -9999 -9999 -9999 -9999 -9999 -9999
-9999 -9999 -9999 -9999 -9999 -9999 -9999 -9999 -9999 -9999 -9999 -9999 -9999 -9999 -9999 -9999 -9999 -9999 -9999 -9999 -9999 -9999 2491.708 2491.278 2490.923 2490.544 2490.165 2489.702 2489.108 2488.933 2487.819 2487.419 2487.482 2487.562 2487.518 2487.487 2487.41 2487.379 2487.31 2487.278 2487.172 2486.634 2485.824 2485.205 2484.69 2484.501 2483.96 2483.595 -9999 -9999 -9999 -9999 -9999 -9999 -9999 -9999 -9999 -9999 -9999 -9999 -9999 -9999 -9999 -9999
-9999 -9999 -9999 -9999 -9999 -9999 -9999 -9999 -9999 -9999 -9999 -9999 -9999 -9999 -9999 -9999 -9999 -9999 -9999 -9999 -9999 -9999 2491.962 2491.514 2491.126 2490.714 2490.345 2489.793 2489.076 2488.357 2487.772 2487.381 2487.328 2488.299 2487.48 2487.433 2487.37 2487.33 2487.271 2487.223 2487.101 2486.416 2485.682 2485.192 2484.687 2484.311 2483.959 2483.472 -9999 -9999 -9999 -9999 -9999 -9999 -9999 -9999 -9999 -9999 -9999 -9999 -9999 -9999 -9999 -9999
-9999 -9999 -9999 -9999 -9999 -9999 -9999 -9999 -9999 -9999 -9999 -9999 -9999 -9999 -9999 -9999 -9999 -9999 -9999 -9999 -9999 -9999 2492.287 2491.767 2491.34 2490.895 2490.471 2489.932 2489.094 2488.311 2487.689 2487.351 2487.305 2487.42 2487.429 2487.384 2487.32 2487.282 2487.232 2487.16 2487.004 2486.281 2485.528 2485.033 2484.597 2484.254 2483.814 -9999 -9999 -9999 -9999 -9999 -9999 -9999 -9999 -9999 -9999 -9999 -9999 -9999 -9999 -9999 -9999 -9999
-9999 -9999 -9999 -9999 -9999 -9999 -9999 -9999 -9999 -9999 -9999 -9999 -9999 -9999 -9999 -9999 -9999 -9999 -9999 -9999 -9999 -9999 -9999 2492.036 2491.533 2491.04 2490.579 2489.94 2489.151 2488.54 2487.592 2487.286 2487.273 2487.356 2487.387 2487.332 2487.284 2487.233 2487.19 2487.105 2486.885 2486.114 2485.309 2484.772 2484.448 2483.98 2483.654 -9999 -9999 -9999 -9999 -9999 -9999 -9999 -9999 -9999 -9999 -9999 -9999 -9999 -9999 -9999 -9999 -9999
-9999 -9999 -9999 -9999 -9999 -9999 -9999 -9999 -9999 -9999 -9999 -9999 -9999 -9999 -9999 -9999 -9999 -9999 -9999 -9999 -9999 -9999 -9999 2492.189 2491.658 2491.195 2490.749 2490.02 2489.174 2488.333 2487.669 2487.25 2487.281 2487.323 2487.34 2487.287 2487.24 2487.18 2487.143 2487.032 2486.815 2485.954 2485.133 2484.846 2484.185 2483.685 2483.43 -9999 -9999 -9999 -9999 -9999 -9999 -9999 -9999 -9999 -9999 -9999 -9999 -9999 -9999 -9999 -9999 -9999
-9999 -9999 -9999 -9999 -9999 -9999 -9999 -9999 -9999 -9999 -9999 -9999 -9999 -9999 -9999 -9999 -9999 -9999 -9999 -9999 -9999 -9999 -9999 2492.427 2491.803 2491.275 2490.772 2490.115 2489.249 2488.354 2487.532 2487.246 2487.792 2487.3 2487.3 2487.247 2487.197 2487.14 2487.1 2486.994 2486.662 2485.822 2484.972 2484.408 2484.121 2483.64 -9999 -9999 -9999 -9999 -9999 -9999 -9999 -9999 -9999 -9999 -9999 -9999 -9999 -9999 -9999 -9999 -9999 -9999
-9999 -9999 -9999 -9999 -9999 -9999 -9999 -9999 -9999 -9999 -9999 -9999 -9999 -9999 -9999 -9999 -9999 -9999 -9999 -9999 -9999 -9999 -9999 -9999 2492.032 2491.364 2490.899 2490.209 2489.231 2488.362 2487.563 2487.168 2487.126 2487.251 2487.269 2487.212 2487.154 2487.098 2487.055 2486.96 2486.587 2485.716 2484.924 2484.501 2484.106 2483.484 -9999 -9999 -9999 -9999 -9999 -9999 -9999 -9999 -9999 -9999 -9999 -9999 -9999 -9999 -9999 -9999 -9999 -9999
-9999 -9999 -9999 -9999 -9999 -9999 -9999 -9999 -9999 -9999 -9999 -9999 -9999 -9999 -9999 -9999 -9999 -9999 -9999 -9999 -9999 -9999 -9999 -9999 2492.051 2491.553 2491.066 2490.328 2489.37 2488.388 2487.615 2487.112 2487.119 2487.163 2487.223 2487.175 2487.117 2487.058 2487.019 2486.913 2486.611 2485.668 2484.857 2484.46 2483.892 2483.364 -9999 -9999 -9999 -9999 -9999 -9999 -9999 -9999 -9999 -9999 -9999 -9999 -9999 -9999 -9999 -9999 -9999 -9999
-9999 -9999 -9999 -9999 -9999 -9999 -9999 -9999 -9999 -9999 -9999 -9999 -9999 -9999 -9999 -9999 -9999 -9999 -9999 -9999 -9999 -9999 -9999 -9999 2492.2 2491.664 2491.098 2490.49 2489.304 2488.487 2487.708 2487.213 2487.087 2487.119 2487.18 2487.127 2487.084 2487.027 2486.979 2486.861 2486.56 2485.625 2484.847 2484.314 2483.609 -9999 -9999 -9999 -9999 -9999 -9999 -9999 -9999 -9999 -9999 -9999 -9999 -9999 -9999 -9999 -9999 -9999 -9999 -9999
-9999 -9999 -9999 -9999 -9999 -9999 -9999 -9999 -9999 -9999 -9999 -9999 -9999 -9999 -9999 -9999 -9999 -9999 -9999 -9999 -9999 -9999 -9999 -9999 -9999 2491.716 2491.152 2490.538 2489.616 2488.627 2487.748 2487.372 2487.519 2487.119 2487.154 2487.1 2487.048 2486.977 2486.941 2486.852 2486.48 2485.579 2484.839 2484.279 2483.69 -9999 -9999 -9999 -9999 -9999 -9999 -9999 -9999 -9999 -9999 -9999 -9999 -9999 -9999 -9999 -9999 -9999 -9999 -9999
-9999 -9999 -9999 -9999 -9999 -9999 -9999 -9999 -9999 -9999 -9999 -9999 -9999 -9999 -9999 -9999 -9999 -9999 -9999 -9999 -9999 -9999 -9999 -9999 -9999 2491.764 2491.213 2490.65 2489.751 2488.755 2487.852 2487.373 2487.129 2487.126 2487.119 2487.062 2487.012 2486.947 2486.895 2486.824 2486.49 2485.559 2484.824 2484.323 2483.756 -9999 -9999 -9999 -9999 -9999 -9999 -9999 -9999 -9999 -9999 -9999 -9999 -9999 -9999 -9999 -9999 -9999 -9999 -9999
-9999 -9999 -9999 -9999 -9999 -9999 -9999 -9999 -9999 -9999 -9999 -9999 -9999 -9999 -9999 -9999 -9999 -9999 -9999 -9999 -9999 -9999 -9999 -9999 -9999 -9999 2491.303 2490.752 2489.87 2488.917 2487.941 2487.202 2487.464 2487.239 2487.096 2487.032 2486.979 2486.917 2486.857 2486.806 2486.517 2485.576 2484.77 2484.209 2483.676 -9999 -9999 -9999 -9999 -9999 -9999 -9999 -9999 -9999 -9999 -9999 -9999 -9999 -9999 -9999 -9999 -9999 -9999 -9999
-9999 -9999 -9999 -9999 -9999 -9999 -9999 -9999 -9999 -9999 -9999 -9999 -9999 -9999 -9999 -9999 -9999 -9999 -9999 -9999 -9999 -9999 -9999 -9999 -9999 -9999 -9999 -9999 2490.14 2489.056 2488.061 2487.208 2486.952 2486.984 2487.037 2487 2486.938 2486.886 2486.84 2486.773 2486.62 2485.713 2484.732 2484.163 2483.618 -9999 -9999 -9999 -9999 -9999 -9999 -9999 -9999 -9999 -9999 -9999 -9999 -9999 -9999 -9999 -9999 -9999 -9999 -9999
-9999 -9999 -9999 -9999 -9999 -9999 -9999 -9999 -9999 -9999 -9999 -9999 -9999 -9999 -9999 -9999 -9999 -9999 -9999 -9999 -9999 -9999 -9999 -9999 -9999 -9999 -9999 -9999 -9999 2489.255 2488.237 2487.261 2486.889 2486.934 2486.996 2486.972 2486.919 2486.864 2486.808 2486.751 2486.599 2485.733 2484.882 2484.256 -9999 -9999 -9999 -9999 -9999 -9999 -9999 -9999 -9999 -9999 -9999 -9999 -9999 -9999 -9999 -9999 -9999 -9999 -9999 -9999
