landlab/components/overland_flow/chiri.asc
ncols         288
nrows         220
xllcorner     663209.025
yllcorner     3532134.575
cellsize      1
NODATA_value  -9999
[rows 87 to 115 of 220, columns 64 to 127 of 288]
2565.653 2565.107 2564.511 2563.967 2563.44 2562.913 2562.424 2561.922 2561.365 2560.806 2560.277 2559.761 2559.193 2558.612 2558.058 2557.501 2556.914 2556.277 2555.647 2555.044 2554.51 2553.839 2553.089 2552.532 2551.945 2551.326 2550.664 2550.038 2549.418 2548.819 2548.14 2547.566 2547.045 2546.402 2545.806 2545.197 2544.566 2543.779 2542.98 2542.401 2541.772 2541.145 2540.404 2539.615 2538.931 2538.332 2537.572 2537.157 2536.183 2535.237 2534.479 2533.66 2532.841 2532.339 2531.489 2530.895 2530.256 2529.921 2528.872 2528.271 2527.576 2527.189 2526.655 2525.929
2565.543 2565.209 2564.466 2563.866 2563.318 2562.851 2562.334 2561.88 2561.377 2560.837 2560.334 2559.715 2559.174 2558.594 2558.037 2557.415 2556.85 2556.333 2555.641 2555.034 2554.477 2553.845 2553.155 2552.519 2551.952 2551.347 2550.716 2550.046 2549.475 2548.854 2548.24 2547.614 2546.993 2546.499 2545.909 2545.307 2544.665 2543.928 2543.157 2542.653 2541.961 2541.327 2540.615 2540.018 2539.3 2538.532 2537.831 2537.299 2536.461 2535.586 2534.925 2534.119 2533.492 2532.733 2532.05 2531.332 2530.556 2529.93 2529.265 2528.645 2527.859 2527.624 2527.113 2526.374
2565.573 2564.946 2564.48 2563.841 2563.24 2562.726 2562.232 2561.828 2561.374 2561.341 2560.443 2559.74 2559.145 2558.527 2558.105 2557.399 2556.849 2556.235 2555.635 2555.07 2554.49 2553.886 2553.243 2552.526 2551.981 2551.348 2550.664 2550.047 2549.416 2548.84 2548.283 2547.627 2547.038 2546.464 2545.902 2545.262 2544.672 2544.001 2543.385 2542.808 2542.146 2541.468 2540.826 2540.101 2539.498 2538.856 2538.095 2537.491 2536.744 2535.953 2535.591 2534.638 2533.89 2533.065 2532.523 2531.913 2531.298 2530.371 2529.718 2529.143 2528.524 2527.597 2527.39 2526.63
2565.45 2564.959 2564.357 2563.748 2563.158 2562.704 2562.24 2561.712 2561.301 2560.848 2560.421 2559.764 2559.232 2558.481 2557.914 2557.355 2556.876 2556.221 2555.589 2555.063 2554.49 2553.93 2553.14 2552.488 2551.979 2551.238 2550.677 2550.016 2549.381 2548.824 2548.219 2547.607 2547.018 2546.465 2545.83 2545.192 2544.587 2544.064 2543.523 2542.835 2542.22 2541.595 2541.097 2540.314 2539.646 2538.93 2538.441 2537.947 2537.007 2536.327 2535.669 2534.981 2534.654 2533.537 2532.927 2532.545 2531.806 2530.931 2530.161 2529.511 2528.907 2528.207 2527.721 2526.999
2565.362 2564.825 2564.35 2563.728 2563.132 2562.597 2562.219 2561.66 2561.058 2560.664 2560.502 2559.546 2558.982 2558.419 2557.812 2557.253 2556.74 2556.112 2555.58 2555.055 2554.324 2553.725 2553.041 2552.427 2551.833 2551.249 2550.635 2550.066 2549.301 2548.734 2548.13 2547.522 2546.919 2546.316 2545.736 2545.133 2544.546 2543.968 2543.497 2542.842 2542.221 2541.623 2541.152 2540.415 2539.735 2539.051 2538.459 2537.972 2537.294 2536.597 2535.911 2535.256 2534.618 2533.935 2533.234 2532.739 2532.032 2531.331 2530.598 2529.98 2529.219 2528.588 2528.022 2527.488
2565.334 2564.753 2564.206 2563.711 2563.003 2562.581 2562.019 2561.587 2560.961 2560.482 2559.983 2559.432 2558.88 2558.332 2557.698 2557.083 2556.556 2555.963 2555.43 2554.915 2554.198 2553.53 2552.928 2552.371 2551.689 2551.09 2550.505 2549.972 2549.224 2548.629 2548.034 2547.463 2546.82 2546.304 2545.635 2545.065 2544.437 2543.856 2543.365 2542.741 2542.125 2541.583 2541.013 2540.593 2539.806 2539.089 2538.54 2538.016 2537.386 2536.801 2536.144 2535.443 2534.894 2534.15 2533.545 2532.942 2532.284 2531.59 2530.877 2530.251 2529.542 2528.934 2528.295 2527.707
2565.2 2564.621 2564.089 2563.521 2563.096 2562.408 2561.859 2561.488 2560.831 2560.267 2559.787 2559.246 2558.717 2558.164 2557.616 2556.916 2556.376 2555.831 2555.211 2554.64 2553.973 2553.314 2552.741 2552.2 2551.638 2551.013 2550.355 2549.806 2549.171 2548.612 2547.977 2547.338 2546.78 2546.19 2545.613 2544.962 2544.376 2543.728 2543.173 2542.58 2542.039 2541.452 2540.886 2540.294 2539.639 2539.046 2538.514 2537.914 2537.374 2536.766 2536.21 2535.602 2535.057 2534.35 2533.717 2533.157 2532.406 2531.781 2531.108 2530.429 2529.782 2529.135 2528.477 2527.858
2565.081 2564.491 2564.017 2563.486 2562.876 2562.404 2561.869 2561.873 2560.717 2560.209 2559.608 2559.064 2558.597 2558.084 2557.371 2556.752 2556.14 2555.631 2555.06 2554.372 2553.817 2553.225 2552.586 2551.99 2551.462 2550.864 2550.284 2549.652 2549.08 2548.461 2547.842 2547.293 2546.652 2546.079 2545.495 2544.858 2544.249 2543.64 2543.041 2542.492 2541.916 2541.272 2540.781 2540.161 2539.515 2539.013 2538.421 2537.769 2537.242 2536.703 2536.145 2535.575 2535.04 2534.405 2533.78 2533.192 2532.563 2531.87 2531.188 2530.523 2529.927 2529.343 2528.624 2528.076
2565.203 2564.424 2563.903 2563.38 2562.754 2562.259 2561.692 2561.129 2560.588 2559.959 2559.359 2558.831 2558.331 2557.886 2556.931 2556.369 2555.927 2555.334 2554.765 2554.193 2553.65 2553.093 2552.551 2551.917 2551.418 2550.787 2550.138 2549.457 2548.904 2548.272 2547.688 2547.092 2546.486 2545.919 2545.311 2544.695 2544.129 2543.54 2542.962 2542.344 2541.726 2541.198 2540.645 2539.938 2539.425 2538.897 2538.269 2537.678 2537.122 2536.576 2536.006 2535.48 2534.973 2534.361 2533.812 2533.188 2532.506 2531.848 2531.233 2530.595 2529.965 2529.331 2528.71 2528.166
2564.848 2564.246 2563.94 2563.144 2562.506 2561.983 2561.431 2561.136 2560.41 2559.682 2559.137 2558.589 2558.051 2557.418 2556.782 2556.209 2555.686 2555.125 2554.524 2554.021 2553.459 2552.971 2552.373 2551.786 2551.2 2550.597 2550.043 2549.349 2548.725 2548.118 2547.464 2546.944 2546.309 2545.725 2545.122 2544.563 2544.014 2543.416 2542.803 2542.196 2541.621 2541.021 2540.403 2539.865 2539.313 2538.694 2538.194 2537.563 2537.012 2536.409 2535.873 2535.303 2534.753 2534.239 2533.713 2533.069 2532.494 2531.841 2531.173 2530.518 2529.993 2529.382 2528.821 2528.16
2564.46 2563.988 2563.425 2562.863 2562.303 2561.792 2561.382 2560.82 2560.336 2559.427 2558.844 2558.34 2557.764 2557.177 2556.62 2556.038 2555.479 2554.911 2554.322 2553.716 2553.251 2552.686 2552.202 2551.589 2550.908 2550.385 2549.769 2549.138 2548.537 2547.889 2547.309 2546.641 2546.11 2545.644 2545.012 2544.432 2543.816 2543.203 2542.571 2542.02 2541.45 2540.85 2540.233 2539.994 2539.076 2538.504 2537.947 2537.419 2536.779 2536.233 2535.719 2535.138 2534.635 2534.035 2533.541 2532.914 2532.14 2531.682 2531.119 2530.484 2529.98 2529.37 2528.657 2528.106
2564.235 2563.72 2563.157 2562.83 2562.081 2561.645 2561.056 2560.485 2559.84 2559.264 2558.677 2558.114 2557.609 2557.01 2556.352 2555.82 2555.249 2554.668 2554.103 2553.475 2552.974 2552.407 2551.823 2551.174 2550.59 2550.01 2549.49 2548.935 2548.353 2547.74 2547.227 2546.669 2546.047 2545.365 2544.74 2544.33 2543.67 2543.064 2542.43 2541.822 2541.253 2540.63 2540.094 2539.52 2538.85 2538.294 2537.8 2537.254 2536.621 2536.037 2535.504 2534.882 2534.338 2533.806 2533.29 2532.725 2532.127 2531.501 2530.938 2530.339 2529.95 2529.164 2528.613 2528.063
2564.05 2563.505 2563 2562.472 2561.917 2561.358 2560.835 2560.255 2559.701 2559.357 2558.814 2558.328 2557.328 2556.728 2556.145 2555.622 2555.027 2554.437 2553.816 2553.284 2552.722 2552.153 2551.564 2550.927 2550.313 2549.771 2549.201 2548.757 2548.071 2547.575 2546.937 2546.862 2546.339 2545.158 2544.565 2544.028 2543.377 2542.822 2542.267 2541.643 2541.071 2540.51 2539.864 2539.252 2538.637 2538.082 2537.517 2536.972 2536.484 2535.856 2535.26 2534.666 2534.063 2533.568 2532.946 2532.477 2531.871 2531.349 2530.74 2530.182 2529.664 2528.974 2528.514 2527.938
2563.873 2563.368 2562.783 2562.257 2561.743 2561.158 2560.573 2560.046 2559.418 2558.867 2558.305 2557.704 2557.102 2556.555 2555.976 2555.307 2554.779 2554.253 2553.6 2553.065 2552.493 2551.841 2551.27 2550.631 2550.051 2549.49 2548.901 2548.373 2547.825 2547.228 2546.656 2546.162 2545.536 2544.723 2544.182 2543.659 2543.036 2542.504 2542.067 2541.514 2540.988 2540.317 2539.71 2539.088 2538.458 2537.885 2537.271 2536.667 2536.208 2535.943 2535.06 2534.474 2533.9 2533.282 2532.726 2532.187 2531.649 2531.071 2530.507 2529.98 2529.364 2528.854 2528.322 2527.854
2563.78 2563.168 2562.569 2562.028 2561.51 2560.91 2560.445 2559.986 2559.23 2558.642 2558.101 2557.493 2556.909 2556.257 2555.795 2555.103 2554.562 2553.945 2553.395 2552.793 2552.194 2551.644 2551.021 2550.457 2549.771 2549.14 2548.68 2548.08 2547.502 2546.876 2546.305 2545.765 2545.257 2544.475 2543.833 2543.316 2542.748 2542.247 2541.818 2541.195 2540.805 2540.293 2539.532 2538.82 2538.266 2537.666 2537.103 2536.495 2535.904 2535.551 2534.85 2534.263 2533.706 2533.088 2532.522 2531.943 2531.388 2530.816 2530.235 2529.677 2529.176 2528.655 2528.116 2527.676
2563.684 2562.981 2562.412 2561.819 2561.327 2560.732 2560.164 2559.634 2559.034 2558.46 2557.884 2557.254 2556.621 2556.084 2555.784 2554.921 2554.34 2553.763 2553.17 2552.527 2551.968 2551.4 2550.731 2550.103 2549.534 2548.944 2548.346 2547.765 2547.178 2546.57 2546.039 2545.378 2544.81 2544.193 2543.536 2543.024 2542.473 2541.996 2541.44 2541.002 2540.497 2539.856 2539.239 2538.527 2537.969 2537.433 2536.812 2536.192 2535.64 2535.16 2534.689 2534.019 2533.538 2532.853 2532.258 2531.699 2531.173 2530.598 2530.022 2529.513 2528.978 2528.469 2528.032 2527.678
2563.484 2562.867 2562.302 2561.707 2561.163 2560.573 2560.051 2559.861 2558.864 2558.206 2557.596 2557.037 2556.402 2555.835 2555.324 2554.706 2554.13 2553.509 2552.895 2552.24 2551.728 2551.164 2550.476 2549.83 2549.255 2548.601 2548.067 2547.416 2546.828 2546.212 2545.634 2545.063 2544.466 2543.886 2543.313 2542.725 2542.171 2541.694 2541.066 2540.676 2540.136 2539.554 2538.898 2538.255 2537.708 2537.133 2536.529 2535.881 2535.358 2534.86 2534.438 2533.831 2533.23 2532.709 2532.073 2531.484 2530.991 2530.382 2529.892 2529.343 2528.838 2528.384 2528.198 2527.851
2563.38 2562.8 2562.2 2561.568 2560.996 2560.435 2559.847 2559.268 2558.673 2557.974 2557.357 2556.793 2556.193 2555.556 2555.048 2554.502 2553.845 2553.29 2552.642 2552.038 2551.5 2550.869 2550.221 2549.602 2548.978 2548.412 2547.818 2547.133 2546.53 2545.904 2545.301 2544.719 2544.133 2543.626 2542.981 2542.392 2541.845 2541.277 2540.784 2540.26 2539.72 2539.13 2538.551 2537.924 2537.279 2536.788 2536.214 2535.633 2535.136 2534.594 2534.115 2533.637 2533.161 2532.509 2532.197 2531.441 2530.775 2530.215 2529.745 2529.282 2528.858 2528.44 2528.165 2527.828
2563.32 2562.772 2562.081 2561.506 2560.985 2560.345 2559.768 2559.115 2558.514 2557.851 2557.25 2556.61 2556.016 2555.41 2554.842 2554.252 2553.678 2553.115 2552.476 2551.9 2551.32 2550.637 2550.015 2549.352 2548.769 2548.217 2547.642 2547.019 2546.357 2545.76 2545.12 2544.538 2543.991 2543.422 2542.825 2542.222 2541.62 2541.026 2540.533 2539.984 2539.447 2538.875 2538.249 2537.709 2537.126 2536.505 2535.96 2535.471 2535.036 2534.485 2533.911 2533.436 2532.891 2532.469 2531.873 2531.31 2530.824 2530.38 2529.88 2529.508 2528.976 2528.506 2527.978 2527.578
2563.34 2562.799 2562.26 2561.587 2561.056 2560.401 2559.836 2559.223 2558.635 2557.915 2557.282 2556.668 2556.019 2555.417 2554.824 2554.285 2553.618 2553.014 2552.403 2551.805 2551.223 2550.66 2550.074 2549.43 2548.756 2548.201 2547.651 2547.049 2546.471 2545.78 2545.199 2544.606 2544.064 2543.469 2542.898 2542.29 2541.664 2541.05 2540.57 2539.904 2539.33 2538.792 2538.273 2537.784 2537.135 2536.598 2536.097 2535.516 2535.016 2534.532 2533.915 2533.44 2532.94 2532.51 2531.98 2531.395 2530.918 2530.405 2529.99 2529.518 2529.025 2528.527 2528.01 2527.492
2563.56 2563.01 2562.36 2561.733 2561.135 2560.533 2559.913 2559.348 2558.659 2558.017 2557.408 2556.837 2556.158 2555.577 2554.982 2554.399 2553.79 2553.171 2552.522 2551.906 2551.298 2550.757 2550.107 2549.511 2548.937 2548.358 2547.755 2547.14 2546.592 2545.954 2545.394 2544.759 2544.21 2543.677 2543.016 2542.439 2541.84 2541.231 2540.656 2540.065 2539.474 2538.888 2538.333 2537.752 2537.207 2536.686 2536.161 2535.648 2535.12 2534.691 2534.21 2533.674 2533.22 2532.712 2532.217 2531.687 2531.202 2530.726 2530.241 2529.766 2529.307 2528.69 2528.155 2527.615
2563.723 2563.158 2562.508 2561.887 2561.24 2560.731 2560.13 2559.513 2558.824 2558.29 2557.672 2557.047 2556.495 2555.859 2555.264 2554.703 2554.008 2553.456 2552.872 2552.256 2551.62 2551.113 2550.572 2549.966 2549.313 2548.633 2548.113 2547.51 2546.964 2546.388 2545.76 2545.175 2544.595 2544.01 2543.438 2542.886 2542.255 2541.683 2541.027 2540.45 2539.847 2539.3 2538.716 2538.14 2537.68 2537.253 2536.558 2536.062 2535.436 2535.029 2534.502 2533.994 2533.501 2533.046 2532.533 2531.976 2531.463 2530.966 2530.477 2529.951 2529.72 2528.921 2528.348 2527.779
2563.871 2563.321 2562.751 2562.099 2561.518 2560.923 2560.28 2559.744 2559.142 2558.616 2558.007 2557.409 2556.721 2556.154 2555.673 2555.1 2554.381 2553.802 2553.194 2552.723 2552.003 2551.489 2550.957 2550.355 2549.74 2549.085 2548.415 2547.926 2547.302 2546.737 2546.144 2545.567 2545.022 2544.392 2543.855 2543.265 2542.671 2542.051 2541.375 2540.825 2540.287 2539.723 2539.204 2538.639 2538.098 2537.581 2536.985 2536.377 2535.81 2535.324 2534.854 2534.352 2533.843 2533.362 2532.802 2532.284 2531.764 2531.256 2530.7 2530.236 2529.701 2529.189 2528.672 2528.106
2564.136 2563.532 2562.983 2562.313 2561.75 2561.172 2560.653 2560.062 2559.479 2558.989 2558.357 2557.711 2557.108 2556.52 2555.899 2555.367 2554.723 2554.2 2553.523 2553.019 2552.347 2551.782 2551.323 2550.712 2550.135 2549.495 2548.86 2548.285 2547.72 2547.127 2546.552 2545.959 2545.376 2544.793 2544.172 2543.635 2542.99 2542.433 2541.778 2541.189 2540.735 2540.214 2539.614 2539.055 2538.546 2537.913 2537.352 2536.687 2536.152 2535.682 2535.261 2534.758 2534.214 2533.625 2533.1 2532.574 2532.062 2531.59 2531.081 2530.626 2530.008 2529.519 2529.002 2528.446
2564.363 2563.795 2563.2 2562.687 2562.141 2561.549 2560.98 2560.521 2559.844 2559.18 2558.739 2558.05 2557.361 2556.837 2556.203 2555.614 2555.032 2554.468 2553.875 2553.31 2552.642 2552.1 2551.59 2551.025 2550.424 2549.857 2549.259 2548.64 2548.095 2547.6 2546.917 2546.406 2545.754 2545.231 2544.694 2543.974 2543.423 2542.827 2542.29 2541.579 2541.193 2540.697 2540.156 2539.521 2538.932 2538.422 2537.889 2537.191 2536.625 2536.025 2535.768 2535.246 2534.534 2533.967 2533.457 2532.912 2532.403 2531.961 2531.492 2530.977 2530.412 2529.857 2529.36 2528.885
2564.65 2564.103 2563.531 2562.957 2562.475 2561.791 2561.342 2560.685 2560.06 2559.461 2558.907 2558.316 2557.663 2557.093 2556.53 2555.945 2555.373 2554.8 2554.238 2553.579 2553.077 2552.403 2551.921 2551.343 2550.837 2550.242 2549.661 2549.052 2548.523 2547.971 2547.452 2546.841 2546.182 2545.645 2545.016 2544.42 2543.791 2543.191 2542.65 2542.077 2541.719 2541.238 2540.587 2539.922 2539.347 2538.909 2538.458 2537.796 2536.951 2536.423 2536.141 2535.599 2534.948 2534.364 2533.87 2533.274 2532.843 2532.336 2531.865 2531.32 2530.79 2530.259 2529.793 2529.195
2564.89 2564.326 2563.837 2563.223 2562.915 2562.56 2561.566 2560.925 2560.364 2559.747 2559.169 2558.542 2557.985 2557.403 2556.843 2556.336 2555.727 2555.198 2554.805 2553.985 2553.462 2552.782 2552.274 2551.665 2551.099 2550.583 2550.001 2549.516 2549.011 2548.53 2547.815 2547.256 2546.658 2545.975 2545.428 2544.799 2544.233 2543.664 2543.076 2542.215 2541.766 2541.64 2540.922 2540.289 2539.838 2539.637 2538.679 2538.143 2537.29 2537.047 2536.382 2535.836 2535.357 2534.813 2534.328 2533.757 2533.242 2532.695 2532.204 2531.721 2531.182 2530.665 2530.228 2529.659
2565.227 2565.174 2564.01 2563.447 2563.011 2562.434 2561.893 2561.266 2560.666 2560.031 2559.464 2558.865 2558.272 2557.682 2557.127 2556.683 2556.488 2555.518 2554.778 2554.39 2553.681 2553.063 2552.608 2552.006 2551.479 2550.917 2550.286 2549.973 2549.763 2548.73 2548.186 2547.517 2547.028 2546.453 2545.767 2545.209 2544.63 2544.167 2543.658 2542.655 2542.074 2541.752 2541.25 2540.643 2540.102 2539.644 2539.065 2538.459 2537.865 2537.289 2536.717 2536.239 2535.733 2535.316 2534.938 2534.295 2533.659 2533.151 2532.684 2532.126 2531.562 2531.078 2530.59 2530.096
2565.433 2564.877 2564.248 2563.726 2563.171 2562.612 2562.047 2561.417 2560.813 2560.315 2559.745 2559.134 2558.568 2557.977 2557.405 2556.842 2556.484 2555.728 2555.141 2554.528 2553.936 2553.381 2552.885 2552.296 2551.781 2551.156 2550.612 2550.159 2549.701 2549.066 2548.522 2547.906 2547.292 2546.764 2546.135 2545.505 2544.975 2544.388 2543.903 2543.466 2542.513 2542.01 2541.569 2540.979 2540.49 2539.891 2539.387 2538.788 2538.18 2537.652 2537.116 2536.577 2536.048 2535.793 2535.681 2534.733 2534.125 2533.611 2533.063 2532.573 2531.951 2531.476 2530.982 2530.491
