landlab/components/overland_flow/HalfFork.asc
ncols         256
nrows         248
xllcorner     482147.96811741
yllcorner     4360102.7122802
cellsize      5
NODATA_value  -9999
[rows 120 to 149 of 248, columns 136 to 203 of 256]
2101.374 2100.48 2098.821 2096.317 2095.44 2095.914 2097.48 2098.065 2098.407 2098.233 2098.207 2099.167 2101.044 2102.324 2102.674 2100.56 2099.751 2098.892 2100.433 2101.229 2102.751 2105.168 2106.552 2108.744 2110.432 2111.117 2112.594 2113.793 2114.375 2116.047 2117.246 2118.231 2119.597 2121.402 2122.499 2124.27 2126.105 2126.831 2128.22 2129.816 2130.501 2131.836 2133.006 2133.042 2133.027 2132.921 2132.848 2132.431 2132.883 2132.995 2132.998 2133.009 2132.881 2132.174 2130.75 2129.932 2127.938 2125.649 2124.569 2123.255 2121.161 2120.454 2119.246 2117.918 2116.86 2115.88 2115.902 2115.873
2101.574 2100.694 2098.764 2097.073 2095.716 2095.237 2095.969 2096.404 2097.333 2097.369 2097.291 2097.946 2100.016 2101.377 2101.754 2099.274 2098.567 2098.455 2100.496 2101.493 2103.338 2106.04 2107.487 2109.793 2111.762 2112.687 2114.093 2115.563 2116.291 2117.529 2118.815 2119.529 2120.756 2122.452 2123.408 2124.838 2126.248 2126.965 2128.449 2129.812 2130.524 2131.471 2131.617 2131.694 2131.432 2131.3 2130.968 2130.655 2131.279 2131.288 2131.714 2131.977 2132.043 2131.546 2130.435 2129.698 2128.118 2126.326 2125.387 2123.677 2121.3 2120.225 2118.527 2115.95 2114.952 2113.638 2113.362 2113.59
2101.942 2101.207 2099.373 2097.17 2095.965 2094.887 2094.575 2094.883 2096.385 2096.641 2096.357 2096.887 2099.147 2100.791 2100.969 2098.242 2097.795 2098.071 2100.193 2101.479 2103.698 2106.139 2107.517 2109.608 2111.804 2112.935 2114.725 2116.499 2117.36 2118.746 2120.15 2120.818 2121.862 2123.176 2123.956 2125.19 2126.601 2127.246 2128.365 2129.476 2129.833 2129.83 2129.801 2129.698 2129.384 2129.251 2128.764 2128.921 2129.485 2129.572 2129.924 2130.73 2130.985 2130.831 2130.361 2129.742 2128.577 2126.783 2125.712 2123.756 2121.304 2119.81 2118.047 2115.279 2113.963 2112.465 2111.559 2110.977
2102.311 2101.425 2099.554 2097.23 2096.262 2094.913 2094.271 2094.293 2095.762 2096.138 2096.052 2096.567 2099.074 2100.527 2100.758 2097.88 2097.477 2097.869 2099.951 2101.268 2103.563 2105.957 2107.305 2109.347 2111.631 2112.806 2114.655 2116.604 2117.688 2119.104 2120.451 2121.125 2122.259 2123.348 2124.079 2125.205 2126.575 2127.222 2128.286 2128.92 2128.974 2128.982 2128.786 2128.55 2128.373 2128.063 2127.748 2128.068 2128.354 2128.782 2129.288 2130.12 2130.388 2130.446 2130.019 2129.609 2128.606 2126.953 2125.818 2123.905 2121.423 2120.324 2118.271 2116.008 2114.722 2112.633 2110.986 2110.299
2101.565 2100.572 2098.921 2097.356 2096.558 2094.523 2094.287 2094.004 2094.418 2095.301 2095.285 2096.232 2098.701 2100.041 2100.27 2097.123 2096.725 2097.68 2099.582 2100.855 2102.647 2105.111 2106.482 2108.676 2111.053 2112.548 2114.547 2116.69 2117.622 2118.948 2120.016 2120.542 2121.575 2122.968 2123.703 2124.739 2126.008 2126.695 2127.379 2127.677 2127.401 2127.288 2126.858 2126.535 2126.544 2126.229 2125.844 2126.495 2126.765 2127.056 2128.173 2129.005 2129.416 2129.776 2129.478 2129.138 2128.268 2126.894 2125.933 2124.094 2122.218 2121.24 2119.431 2117.278 2115.966 2113.649 2111.335 2110.179
2102.751 2101.807 2100.002 2097.878 2096.835 2094.761 2095.772 2095.761 2093.829 2094.301 2094.446 2095.827 2097.872 2099.152 2099.291 2096.741 2096.019 2097.452 2099.553 2100.955 2103.1 2105.599 2106.842 2109.044 2111.337 2112.654 2114.58 2116.387 2117.177 2117.884 2118.505 2119.438 2120.707 2122.153 2122.82 2123.972 2125.253 2125.989 2125.794 2125.438 2125.329 2124.98 2124.718 2124.536 2124.171 2124.085 2123.764 2124.864 2125.287 2125.91 2126.856 2128.037 2128.558 2129.031 2128.948 2128.704 2127.889 2126.168 2125.285 2123.525 2121.501 2120.231 2119.369 2117.681 2116.719 2115.052 2112.664 2111.452
2103.389 2102.361 2100.496 2098.159 2097.026 2095.528 2093.875 2095.37 2093.616 2093.643 2093.906 2095.149 2097.202 2098.408 2098.723 2096.783 2095.518 2096.953 2099.608 2101.037 2103.298 2105.637 2106.933 2109.087 2111.485 2112.782 2114.632 2116.076 2116.582 2117.02 2118.089 2118.9 2120.085 2121.48 2122.116 2123.472 2124.744 2124.986 2124.785 2124.413 2124.304 2123.812 2123.465 2123.354 2122.788 2122.654 2123.331 2124.136 2124.606 2125.351 2126.639 2127.78 2128.13 2128.635 2128.721 2128.596 2127.79 2126.521 2125.672 2124.049 2121.695 2120.479 2118.253 2117.035 2116.539 2115.298 2113.607 2112.335
2102.424 2101.529 2100.322 2098.666 2097.462 2095.935 2093.39 2093.261 2095.362 2093.237 2093.26 2093.952 2095.398 2096.287 2097.582 2096.439 2095.067 2097.378 2099.589 2100.768 2103.261 2105.468 2106.658 2108.789 2111.314 2112.484 2114.023 2114.934 2114.964 2115.356 2116.781 2117.38 2118.5 2120.405 2121.398 2122.774 2123.567 2123.553 2123.1 2122.526 2122.207 2121.993 2121.627 2121.717 2120.162 2121.494 2122.556 2123.486 2124.731 2125.277 2126.229 2126.901 2127.314 2128.045 2128.404 2128.265 2127.77 2126.806 2126.124 2124.503 2122.121 2120.845 2118.998 2117.07 2115.964 2113.654 2112.471 2112.177
2103.805 2102.983 2101.569 2099.533 2098.237 2096.292 2093.699 2092.586 2092.966 2092.459 2092.345 2092.718 2093.493 2094.396 2096.067 2095.766 2094.445 2096.233 2098.802 2099.996 2102.215 2104.783 2106.07 2108.223 2110.527 2111.5 2112.673 2113.018 2112.568 2113.568 2114.689 2115.994 2118.032 2119.994 2120.805 2121.848 2122.115 2122.043 2121.3 2120.412 2119.975 2119.779 2119.436 2119.367 2118.002 2118.692 2120.246 2122.411 2123.737 2124.204 2124.733 2126.208 2126.945 2127.739 2128.021 2127.942 2127.294 2126.4 2125.981 2124.47 2122.458 2121.583 2119.3 2117.186 2116.286 2114.396 2112.124 2110.502
2104.809 2103.611 2102.058 2100.209 2098.672 2096.479 2094.304 2092.717 2091.794 2091.906 2091.942 2092.387 2092.868 2093.259 2095.123 2095.178 2094.26 2095.737 2097.912 2099.423 2101.771 2104.297 2105.61 2107.804 2109.942 2110.823 2111.84 2112.001 2111.229 2111.942 2114.483 2115.938 2117.882 2119.671 2120.442 2121.232 2121.376 2121.114 2120.371 2119.325 2118.853 2118.641 2118.207 2118.36 2117.031 2117.765 2119.386 2121.215 2122.698 2122.72 2124.549 2126.205 2127.091 2127.746 2127.923 2127.844 2127.151 2126.035 2125.375 2124.176 2122.414 2121.44 2119.312 2116.491 2115.508 2114.124 2112.29 2110.813
2105.166 2104.222 2102.56 2100.678 2099.517 2097.25 2094.92 2092.955 2091.607 2091.44 2091.718 2092.1 2092.104 2092.095 2094.001 2094.664 2093.875 2094.362 2096.79 2098.297 2100.783 2103.541 2104.754 2106.741 2108.446 2109.3 2110.109 2109.729 2109.674 2111.924 2114.346 2115.547 2117.22 2118.885 2119.571 2120.133 2120.053 2119.782 2118.794 2117.498 2117.145 2116.724 2116.609 2116.569 2114.748 2116.31 2117.831 2119.215 2121.856 2123.337 2124.93 2126.044 2126.563 2127.236 2127.565 2127.72 2127.026 2125.821 2125.087 2123.51 2121.492 2120.43 2118.878 2116.232 2115.227 2113.721 2111.472 2110.261
2104.818 2104.237 2103.015 2101.489 2100.653 2098.563 2095.799 2094.233 2091.516 2091.024 2091.217 2091.549 2091.389 2091.002 2093.114 2095.316 2095.213 2092.932 2095.164 2096.685 2099.583 2102.509 2103.759 2104.996 2106.56 2107.155 2107.61 2108.383 2109.4 2111.731 2113.823 2114.83 2116.51 2117.967 2118.485 2118.653 2118.317 2117.96 2117.182 2115.88 2115.128 2114.455 2114.686 2114.276 2112.978 2115.158 2116.324 2117.319 2120.261 2121.365 2123.787 2125.329 2125.997 2126.359 2126.64 2126.684 2126.334 2125.435 2124.793 2123.356 2121.644 2120.648 2118.699 2116.214 2114.644 2112.102 2109.673 2108.703
2104.162 2103.594 2102.959 2101.843 2100.94 2099.148 2096.424 2094.898 2091.471 2091.937 2090.624 2091.061 2090.512 2090.299 2092.656 2095.196 2095.557 2092.563 2094.587 2096.245 2099.099 2101.827 2102.939 2103.939 2105.141 2105.83 2105.714 2107.78 2109.31 2111.406 2113.306 2114.546 2116.139 2117.452 2117.899 2117.835 2117.308 2116.992 2116.297 2114.899 2114.179 2113.485 2113.581 2113.367 2112.759 2114.646 2115.392 2116.379 2118.705 2119.91 2122.976 2125.275 2125.977 2125.59 2125.915 2126.165 2125.849 2125.035 2124.438 2123.236 2121.784 2121 2119.255 2116.563 2114.798 2112.375 2110.034 2108.902
2102.177 2101.604 2101.521 2101.361 2100.885 2099.45 2096.984 2095.675 2092.708 2090.569 2090.264 2089.715 2093.804 2090.356 2091.277 2093.949 2094.803 2091.615 2093.567 2095.445 2098.21 2100.433 2101.028 2101.448 2102.868 2104.012 2105.582 2107.648 2108.7 2110.685 2112.928 2114.048 2115.626 2116.697 2116.817 2116.289 2115.519 2115.376 2114.604 2113.551 2112.712 2111.847 2111.896 2110.678 2112.293 2113.526 2113.946 2115.034 2116.953 2117.433 2121.058 2123.907 2124.305 2123.945 2124.659 2124.877 2124.652 2123.919 2123.435 2122.431 2121.191 2120.662 2119.335 2117.146 2115.82 2113.403 2111.078 2109.792
2101.771 2101.151 2100.025 2099.481 2099.551 2099.092 2097.533 2096.662 2094.205 2090.502 2089.496 2089.692 2090.175 2089.251 2090.164 2091.968 2092.391 2090.526 2092.217 2093.949 2096.069 2097.566 2098.781 2100.539 2103.104 2104.653 2106.826 2109 2109.951 2111.718 2113.343 2114.186 2115.308 2115.414 2115.265 2114.632 2113.591 2113.038 2112.554 2111.704 2111.002 2109.228 2108.995 2109.935 2111.33 2112.071 2112.426 2113.549 2115.076 2115.88 2118.002 2120.258 2121.441 2122.84 2123.398 2123.303 2123.21 2122.571 2122.041 2120.858 2119.752 2119.37 2118.468 2116.908 2115.787 2113.464 2111.207 2110.072
2102.366 2101.844 2100.617 2098.69 2098.277 2097.832 2096.262 2095.286 2093.174 2091.332 2089.55 2088.786 2088.6 2089.518 2089.958 2091.016 2090.654 2089.708 2092.398 2093.6 2095.716 2097.856 2099.042 2101.358 2103.769 2105.2 2107.373 2109.566 2110.776 2112.244 2113.964 2114.729 2114.968 2114.632 2114.351 2113.528 2112.462 2111.886 2111.461 2110.664 2109.96 2107.969 2108.355 2109.658 2110.579 2111.215 2111.622 2112.981 2114.698 2115.858 2117.427 2119.63 2120.858 2122.316 2122.544 2122.402 2122.304 2121.784 2121.203 2119.989 2119.086 2118.519 2117.778 2116.449 2115.51 2113.359 2111.134 2109.867
2103.582 2102.848 2101.192 2099.88 2099.345 2097.737 2096.214 2095.812 2094.689 2093.043 2091.848 2088.891 2087.504 2087.66 2089.104 2088.856 2088.735 2091.301 2094.053 2095.141 2097.103 2099.24 2100.417 2102.256 2104.558 2105.793 2107.859 2109.953 2111.002 2112.508 2113.292 2113.56 2113.452 2113.049 2112.79 2112.015 2110.829 2110.097 2109.49 2108.753 2107.859 2106.49 2108.018 2108.677 2109.537 2111.073 2111.84 2113.504 2115.379 2116.186 2117.72 2119.444 2120.406 2121.216 2121.181 2120.787 2120.709 2120.511 2120.047 2119.24 2117.253 2116.371 2116.154 2115.341 2114.653 2112.825 2110.291 2108.959
2104.412 2103.409 2101.262 2100.339 2100.062 2099.089 2097.992 2097.345 2095.622 2093.469 2092.321 2089.563 2087.412 2087.072 2087.614 2088.737 2089.932 2092.511 2094.765 2095.946 2097.619 2099.6 2100.619 2102.5 2104.672 2105.903 2107.817 2109.8 2110.711 2111.625 2111.887 2111.947 2111.715 2111.265 2110.91 2110.257 2109.13 2108.349 2107.014 2106.488 2105.729 2105.895 2107.333 2108.274 2109.909 2111.954 2112.925 2114.57 2116.111 2116.792 2117.801 2118.805 2119.345 2119.807 2119.674 2119.155 2119.219 2119.028 2118.81 2117.444 2115.835 2114.95 2114.278 2113.705 2113.26 2111.895 2109.526 2108.313
2104.328 2103.254 2102.124 2101.136 2100.788 2099.787 2097.797 2096.983 2095.391 2093.876 2093.095 2090.382 2087.765 2087.286 2087.077 2089.065 2090.39 2092.51 2094.574 2095.677 2097.458 2099.698 2100.66 2102.514 2104.65 2105.891 2107.661 2109.488 2110.12 2110.739 2111.045 2110.989 2110.703 2110.286 2109.874 2109.151 2108.147 2107.496 2105.862 2105.137 2104.141 2105.042 2107.229 2108.271 2110.523 2112.479 2113.439 2114.799 2116.109 2116.807 2117.467 2118.175 2118.546 2119.003 2118.757 2118.246 2117.98 2117.995 2117.963 2116.605 2115.144 2114.216 2112.891 2112.545 2112.309 2111.069 2109.321 2108.169
2105.224 2104.63 2103.437 2101.945 2101.506 2100.68 2099.165 2098.387 2096.616 2094.032 2093.067 2091.071 2088.456 2087.684 2086.76 2088.432 2089.56 2091.219 2093.471 2094.765 2096.723 2099.004 2100.165 2101.992 2104.064 2105.153 2106.622 2108.084 2108.535 2109.357 2109.592 2109.47 2109.121 2108.595 2108.264 2107.478 2106.513 2105.929 2104.449 2102.891 2103.498 2105.67 2107.83 2108.934 2110.677 2112.407 2113.115 2114.076 2115.049 2115.678 2116.229 2116.699 2116.906 2117.441 2117.19 2116.735 2116.18 2116.168 2115.894 2115.12 2113.488 2112.807 2111.401 2110.678 2110.385 2109.311 2108.386 2107.754
2106.459 2105.783 2104.564 2103.658 2102.73 2101.21 2099.233 2098.419 2097.618 2095.814 2094.915 2092.77 2089.705 2087.173 2086.95 2086.828 2088.169 2090.003 2092.035 2093.329 2095.467 2097.74 2098.975 2100.938 2102.934 2103.893 2104.984 2106.149 2106.495 2107.179 2107.647 2107.626 2107.146 2106.553 2106.44 2105.792 2104.687 2104.075 2102.059 2102.489 2103.878 2106.121 2108.103 2109.086 2110.321 2111.557 2112.058 2112.698 2113.488 2113.958 2114.317 2114.745 2114.989 2115.501 2115.515 2115.065 2114.291 2113.998 2113.601 2113.04 2111.82 2111.051 2109.929 2108.626 2108.196 2107.318 2106.836 2106.615
2107.193 2106.499 2105.421 2104.363 2103.284 2101.103 2099.752 2099.242 2098.344 2096.802 2095.793 2093.358 2090.492 2087.633 2086.41 2085.716 2086.792 2088.969 2091.236 2092.434 2094.595 2097.267 2098.411 2100.462 2102.127 2102.948 2103.907 2104.909 2105.318 2106.03 2106.56 2106.671 2106.018 2105.393 2105.314 2104.886 2103.159 2102.911 2100.935 2102.586 2104.043 2106.075 2107.935 2108.747 2109.931 2110.974 2111.304 2111.764 2112.568 2112.951 2113.247 2113.779 2113.989 2114.744 2114.714 2114.363 2113.394 2112.797 2112.692 2112.115 2110.924 2110.111 2108.891 2107.701 2107.133 2106.408 2105.967 2105.75
2108.253 2107.766 2106.761 2105.281 2104.409 2102.818 2101.518 2100.898 2099.235 2097.03 2095.938 2093.963 2091.313 2089.613 2086.454 2085.164 2085.152 2087.207 2089.26 2090.601 2092.881 2095.521 2096.778 2098.926 2100.268 2100.789 2101.679 2102.78 2103.327 2104.323 2104.951 2104.946 2104.333 2103.706 2103.478 2103.242 2102.041 2101.2 2100.167 2102.373 2103.708 2105.399 2106.874 2107.546 2108.689 2109.486 2109.724 2110.114 2110.871 2111.185 2111.448 2112.251 2112.456 2113.096 2113.361 2113.062 2111.993 2110.922 2110.599 2110.923 2108.88 2107.731 2106.528 2104.37 2103.371 2104.425 2104.37 2104.495
2109.469 2109.021 2108.126 2106.798 2105.97 2104.635 2103.012 2102.081 2100.209 2098.167 2097.298 2095.476 2092.917 2091.37 2087.326 2084.811 2084.37 2085.214 2087.021 2088.057 2090.907 2093.793 2094.9 2096.556 2097.832 2098.149 2099.349 2100.884 2101.697 2102.596 2102.951 2102.929 2102.579 2101.297 2101.199 2101.542 2100.739 2099.666 2099.106 2101.168 2102.412 2103.896 2105.11 2106.028 2107.101 2107.758 2107.927 2108.658 2109.077 2108.917 2109.636 2110.265 2110.75 2111.455 2111.201 2110.988 2109.488 2108.905 2107.971 2107.193 2105.201 2104.343 2103.452 2101.918 2100.627 2100.803 2102.626 2103.176
2109.846 2109.543 2108.671 2107.492 2106.888 2105.498 2103.689 2103.063 2100.937 2099.048 2097.957 2099.583 2094.13 2091.842 2088.423 2085.276 2084.253 2084.674 2085.922 2087.082 2089.921 2092.485 2093.61 2095.053 2096.281 2096.948 2097.767 2100.018 2100.921 2101.75 2102.039 2101.958 2101.57 2100.405 2100.403 2100.548 2100.004 2099.207 2098.421 2100.352 2101.354 2102.98 2104.525 2105.274 2106.227 2106.855 2106.708 2107.751 2108.078 2107.58 2108.702 2109.33 2109.861 2110.364 2110.151 2109.655 2107.796 2107.486 2106.679 2104.667 2103.086 2102.561 2101.8 2100.771 2099.771 2099.905 2101.96 2102.618
2109.179 2109.092 2108.505 2107.679 2107.161 2106.171 2104.719 2103.838 2102.404 2100.566 2099.704 2098.22 2095.011 2093.238 2090.31 2086.518 2084.452 2083.785 2084.169 2084.752 2087.21 2089.866 2090.818 2092.48 2094.103 2094.822 2096.596 2098.843 2099.616 2100.031 2100.357 2100.317 2099.997 2098.878 2098.601 2098.796 2098.705 2097.79 2098.072 2098.937 2100.042 2101.949 2103.326 2103.878 2104.84 2105.008 2105.06 2106.365 2106.386 2105.886 2106.501 2107.612 2107.814 2107.993 2107.763 2107.621 2105.443 2102.286 2101.117 2101.376 2100.431 2099.958 2099.181 2098.335 2097.884 2098.985 2100.194 2100.525
2107.269 2107.401 2107.066 2106.329 2106.044 2105.309 2104.398 2103.946 2103.261 2101.868 2101.059 2098.948 2096.357 2094.817 2092.073 2088.92 2087.219 2084.675 2082.345 2081.919 2084.475 2087.423 2088.171 2089.68 2091.606 2092.941 2095.307 2096.972 2097.917 2098.557 2098.488 2098.271 2098.232 2097.43 2096.978 2096.986 2097.022 2096.372 2096.258 2097.753 2098.793 2100.437 2101.819 2102.517 2102.958 2103.109 2103.824 2104.61 2104.325 2103.707 2104.245 2104.529 2105.219 2105.246 2105.43 2105.34 2103.02 2100.032 2097.948 2098.382 2097.765 2097.307 2096.699 2096.087 2095.32 2097.115 2098.028 2097.953
2105.97 2106.32 2106.075 2105.329 2104.958 2104.348 2103.862 2103.485 2103.07 2102.173 2101.574 2099.558 2097.11 2095.822 2093.151 2090.135 2088.49 2085.775 2082.37 2081.331 2082.883 2085.703 2086.897 2088.244 2090.636 2092.064 2094.365 2095.944 2096.612 2097.453 2097.418 2097.278 2097.251 2096.671 2096.065 2095.672 2096.083 2095.718 2095.306 2096.935 2097.679 2099.593 2101.039 2101.489 2101.658 2102.456 2103.195 2103.52 2103.083 2102.396 2103.19 2103.786 2104.082 2103.598 2104.509 2104.611 2101.95 2099.516 2098.097 2096.712 2096.343 2096.054 2095.514 2094.356 2094.597 2096.333 2096.751 2096.893
2103.742 2104.131 2103.999 2103.188 2102.751 2102.214 2101.635 2101.598 2101.591 2101.408 2101.046 2099.965 2098.093 2096.863 2095.283 2092.031 2090.364 2086.995 2087.04 2082.161 2080.718 2083.77 2084.447 2086.434 2089.009 2090.351 2092.248 2093.876 2094.98 2095.698 2095.693 2095.606 2095.763 2095.391 2094.774 2094.237 2094.614 2094.375 2094.129 2096.17 2097.213 2098.407 2099.311 2099.76 2099.128 2100.89 2101.656 2101.679 2100.986 2100.2 2101.127 2102.066 2102.333 2101.265 2100.647 2100.282 2099.429 2098.109 2097.206 2095.109 2094.722 2094.345 2093.688 2093.098 2093.944 2094.73 2094.945 2094.503
2101.223 2101.84 2101.751 2100.775 2100.338 2099.656 2099.305 2099.397 2099.43 2099.733 2099.903 2099.294 2097.896 2096.813 2095.24 2092.595 2091.254 2088.318 2085.819 2082.922 2080.195 2080.806 2082.479 2084.62 2086.648 2087.729 2089.719 2092.161 2093.355 2093.882 2093.537 2093.552 2094.134 2093.591 2093.07 2092.33 2092.831 2092.738 2092.726 2094.871 2095.902 2096.81 2097.191 2097.037 2098.043 2099.362 2099.765 2099.446 2098.565 2097.762 2098.933 2100.075 2100.129 2098.947 2097.657 2097.158 2096.843 2096.322 2095.88 2094.371 2092.727 2092.747 2092.188 2091.471 2091.969 2092.693 2092.541 2092.978
