landlab/components/overland_flow/HalfFork.asc
ncols         256
nrows         248
xllcorner     482147.96811741
yllcorner     4360102.7122802
cellsize      5
NODATA_value  -9999
[rows 120 to 149 of 248, columns 68 to 135 of 256]
-9999 -9999 -9999 -9999 2166.185 2164.29 2163.101 2161.401 2159.402 2158.339 2156.591 2154.817 2153.782 2151.91 2150.018 2149.203 2147.762 2145.96 2145.196 2144.069 2142.418 2141.632 2140.61 2139.22 2138.432 2137.219 2135.799 2135.018 2133.857 2132.578 2131.814 2130.355 2128.881 2127.875 2127.672 2129.272 2130.404 2131.398 2131.668 2131.488 2130.911 2129.834 2129.24 2128.09 2126.335 2125.662 2124.579 2123.438 2122.647 2121.042 2119.657 2119.131 2118.501 2117.761 2116.967 2115.554 2113.838 2112.993 2112.188 2111.749 2111.5 2110.804 2109.54 2108.723 2107.157 2105.487 2104.43 2102.956
-9999 -9999 -9999 -9999 -9999 -9999 2163.118 2161.668 2160.04 2159.066 2157.438 2155.508 2154.33 2152.494 2150.794 2149.588 2148.178 2146.437 2145.837 2144.271 2142.688 2141.949 2140.775 2139.262 2138.553 2137.083 2135.824 2135.084 2134.168 2133.135 2132.686 2131.695 2130.099 2129.021 2126.906 2127.954 2129.092 2130.952 2131.882 2131.932 2131.519 2133.335 2130.798 2129.012 2127.544 2126.676 2125.653 2124.024 2123.077 2121.903 2120.74 2120.124 2118.734 2117.313 2116.994 2116.297 2115.531 2114.852 2113.853 2113.368 2112.874 2111.786 2110.558 2109.584 2107.928 2105.938 2104.892 2103.251
-9999 -9999 -9999 -9999 -9999 -9999 -9999 2161.1 2159.603 2158.843 2157.553 2155.892 2155.065 2153.385 2151.463 2150.375 2148.778 2147.184 2146.173 2144.601 2143.124 2142.353 2141.325 2139.592 2138.9 2137.52 2136.126 2135.365 2134.146 2133.118 2132.607 2131.974 2130.656 2129.635 2127.301 2126.445 2127.457 2129.48 2131.356 2131.721 2132.173 2132.375 2131.363 2130.027 2128.541 2127.792 2126.6 2125.086 2124.19 2122.851 2121.517 2120.889 2120.018 2118.958 2118.489 2118.513 2116.854 2116.167 2115.363 2114.378 2113.898 2112.553 2111.012 2110.12 2108.456 2106.523 2105.376 2103.747
-9999 -9999 -9999 -9999 -9999 -9999 -9999 -9999 -9999 -9999 -9999 -9999 2155.276 2153.916 2151.758 2150.758 2149.127 2147.431 2146.528 2145.213 2143.531 2142.773 2141.596 2139.924 2139.308 2137.856 2136.492 2135.622 2134.478 2133.067 2132.314 2131.614 2130.801 2130.123 2127.951 2125.787 2126.524 2128.588 2130.626 2131.364 2132.141 2132.109 2131.794 2130.656 2129.149 2128.367 2127.084 2125.491 2124.463 2123.213 2122.28 2121.763 2120.972 2120.047 2119.453 2118.61 2117.182 2116.611 2115.869 2114.853 2114.156 2112.817 2111.096 2110.063 2108.449 2106.709 2105.701 2104.151
-9999 -9999 -9999 -9999 -9999 -9999 -9999 -9999 -9999 -9999 -9999 -9999 -9999 2154.007 2152.39 2151.438 2149.9 2148.406 2147.526 2146.126 2144.516 2143.686 2142.229 2140.811 2139.827 2138.377 2136.89 2135.936 2134.59 2133.094 2132.286 2131.029 2130.457 2130.572 2128.9 2126.009 2125.16 2126.9 2129.263 2130.279 2131.524 2132.015 2131.974 2131.265 2129.878 2129.059 2127.603 2126.22 2125.529 2124.692 2123.591 2122.976 2122.269 2120.903 2120.168 2119.125 2117.954 2117.318 2116.349 2115.086 2114.447 2112.788 2110.875 2110.003 2108.372 2106.67 2105.675 2103.477
-9999 -9999 -9999 -9999 -9999 -9999 -9999 -9999 -9999 -9999 -9999 -9999 -9999 2153.456 2152.665 2152.058 2151.004 2149.593 2148.833 2147.315 2145.586 2144.708 2143.103 2141.33 2140.302 2138.699 2137.125 2136.265 2134.846 2133.235 2132.346 2131.192 2129.551 2128.888 2128.68 2126.821 2125.028 2125.367 2127.368 2128.586 2130.298 2131.356 2131.751 2131.552 2130.507 2129.833 2128.518 2127.036 2126.421 2125.466 2124.244 2123.509 2122.402 2121.202 2120.407 2119.419 2118.19 2117.49 2116.562 2115.128 2114.248 2112.688 2110.898 2109.97 2108.44 2107.036 2106.092 2104.616
-9999 -9999 -9999 -9999 -9999 -9999 -9999 -9999 -9999 -9999 -9999 -9999 -9999 -9999 -9999 2152.11 2151.348 2150.239 2149.389 2147.873 2146.057 2145.075 2143.392 2141.614 2140.572 2138.892 2137.098 2136.244 2134.926 2133.182 2132.306 2131.188 2129.913 2129.024 2127.684 2126.687 2125.326 2124.573 2126.408 2127.691 2129.464 2131.068 2131.579 2131.423 2130.61 2130.165 2128.819 2127.608 2126.722 2125.655 2124.298 2123.678 2122.392 2121.066 2120.389 2119.228 2118.007 2117.426 2116.456 2115.055 2114.32 2112.901 2111.265 2110.455 2108.924 2107.304 2106.489 2105.036
-9999 -9999 -9999 -9999 -9999 -9999 -9999 -9999 -9999 -9999 -9999 -9999 -9999 -9999 -9999 -9999 -9999 2150.365 2149.706 2148.297 2146.562 2145.484 2143.764 2141.83 2140.849 2139.051 2137.189 2136.244 2134.699 2132.781 2131.783 2130.482 2129.19 2128.576 2127.939 2126.29 2125.225 2123.66 2124.835 2126.239 2128.312 2130.338 2130.997 2131.049 2130.393 2129.96 2129.067 2127.526 2126.56 2125.327 2123.842 2122.971 2121.74 2120.29 2119.595 2118.42 2117.21 2116.8 2115.83 2114.626 2114.047 2113.018 2111.693 2110.968 2109.347 2107.359 2106.51 2104.873
-9999 -9999 -9999 -9999 -9999 -9999 -9999 -9999 -9999 -9999 -9999 -9999 -9999 -9999 -9999 -9999 -9999 -9999 2149.21 2148.004 2146.49 2145.612 2143.865 2142.016 2140.936 2139.231 2137.384 2136.39 2134.649 2132.581 2131.598 2130.063 2128.29 2127.603 2126.668 2126.258 2125.876 2124.002 2123.776 2124.909 2127.429 2129.631 2130.385 2130.628 2130.12 2129.635 2128.797 2127.218 2126.393 2125.014 2123.337 2122.371 2120.729 2118.878 2117.705 2116.988 2115.231 2114.86 2114.107 2113.518 2112.805 2112.021 2111.205 2110.753 2109.509 2108.074 2107.018 2105.674
-9999 -9999 -9999 -9999 -9999 -9999 -9999 -9999 -9999 -9999 -9999 -9999 -9999 -9999 -9999 -9999 -9999 -9999 -9999 -9999 -9999 2145.424 2143.965 2142.094 2141.017 2139.373 2137.419 2136.332 2134.379 2132.394 2131.554 2129.826 2128.103 2127.344 2125.753 2125.412 2125.471 2123.901 2123.5 2124.451 2126.982 2129.17 2129.791 2130.075 2129.805 2129.422 2128.576 2127.16 2126.236 2124.705 2122.901 2121.977 2120.495 2118.558 2117.117 2115.674 2114.156 2113.427 2112.862 2112.546 2112.073 2111.086 2110.485 2110.333 2109.508 2108.287 2107.499 2106.228
-9999 -9999 -9999 -9999 -9999 -9999 -9999 -9999 -9999 -9999 -9999 -9999 -9999 -9999 -9999 -9999 -9999 -9999 -9999 -9999 -9999 -9999 -9999 2142.229 2141.296 2139.605 2137.63 2136.587 2134.836 2132.611 2131.474 2129.796 2127.83 2126.945 2125.664 2123.886 2122.983 2122.764 2122.587 2124.18 2126.764 2128.355 2128.768 2129.075 2129.207 2128.784 2128.165 2126.8 2126.006 2124.517 2122.619 2121.563 2120.129 2118.226 2117.424 2115.63 2113.991 2113.056 2111.187 2110.253 2109.977 2109.043 2108.682 2108.81 2108.761 2108.015 2107.659 2106.698
-9999 -9999 -9999 -9999 -9999 -9999 -9999 -9999 -9999 -9999 -9999 -9999 -9999 -9999 -9999 -9999 -9999 -9999 -9999 -9999 -9999 -9999 -9999 -9999 2140.845 2139.716 2138.063 2137.246 2135.619 2133.535 2132.514 2130.848 2128.933 2127.875 2126.453 2124.616 2123.482 2121.657 2122.697 2124.166 2125.983 2126.957 2127.195 2127.434 2127.754 2127.575 2127.141 2126.004 2125.243 2124.075 2122.666 2122.005 2120.761 2119.266 2118.535 2116.977 2115.065 2114.488 2112.589 2110.669 2109.675 2108.044 2106.735 2106.743 2106.967 2106.511 2106.209 2105.721
-9999 -9999 -9999 -9999 -9999 -9999 -9999 -9999 -9999 -9999 -9999 -9999 -9999 -9999 -9999 -9999 -9999 -9999 -9999 -9999 -9999 -9999 -9999 -9999 -9999 -9999 2138.349 2137.601 2136.017 2134.043 2132.964 2131.3 2129.364 2128.412 2127.206 2125.254 2124.055 2121.351 2122.68 2123.927 2125.3 2126.031 2126.3 2126.543 2126.957 2127.058 2126.531 2125.675 2124.642 2123.523 2122.457 2121.897 2120.757 2119.514 2118.831 2117.43 2115.753 2114.807 2112.915 2110.789 2109.669 2108.184 2106.429 2105.752 2105.677 2105.324 2105.169 2104.708
-9999 -9999 -9999 -9999 -9999 -9999 -9999 -9999 -9999 -9999 -9999 -9999 -9999 -9999 -9999 -9999 -9999 -9999 -9999 -9999 -9999 -9999 -9999 -9999 -9999 -9999 -9999 2137.655 2136.35 2134.821 2133.836 2132.076 2130.256 2129.49 2128.039 2125.894 2125.211 2121.717 2121.347 2122.063 2123.341 2124.237 2124.509 2125.131 2125.41 2125.555 2125.186 2124.192 2123.659 2121.959 2120.956 2120.513 2119.707 2118.835 2118.474 2117.562 2116.18 2115.251 2113.839 2112.21 2111.28 2109.807 2107.923 2106.683 2105.363 2104.177 2103.685 2103.011
-9999 -9999 -9999 -9999 -9999 -9999 -9999 -9999 -9999 -9999 -9999 -9999 -9999 -9999 -9999 -9999 -9999 -9999 -9999 -9999 -9999 -9999 -9999 -9999 -9999 -9999 -9999 -9999 2136.478 2135.568 2134.74 2133.241 2131.475 2130.537 2128.965 2127.009 2126.01 2123.456 2121.104 2119.955 2120.857 2121.689 2122.253 2123.112 2123.471 2123.648 2123.476 2122.68 2121.997 2120.396 2118.692 2118.278 2117.682 2116.899 2116.757 2116.876 2116.419 2115.988 2114.984 2113.441 2112.715 2111.102 2108.789 2107.497 2106.671 2105.187 2104.28 2103.07
-9999 -9999 -9999 -9999 -9999 -9999 -9999 -9999 -9999 -9999 -9999 -9999 -9999 -9999 -9999 -9999 -9999 -9999 -9999 -9999 -9999 -9999 -9999 -9999 -9999 -9999 -9999 -9999 -9999 2135.883 2135.25 2133.829 2132.14 2131.15 2129.537 2127.714 2126.748 2124.398 2121.946 2120.916 2119.151 2120.079 2120.997 2121.925 2122.445 2122.776 2122.614 2121.715 2120.884 2119.693 2117.272 2116.767 2116.431 2115.644 2115.435 2116.103 2116.219 2116.004 2115.431 2113.956 2113.08 2111.369 2109.181 2108.421 2107.6 2105.64 2104.742 2103.862
-9999 -9999 -9999 -9999 -9999 -9999 -9999 -9999 -9999 -9999 -9999 -9999 -9999 -9999 -9999 -9999 -9999 -9999 -9999 -9999 -9999 -9999 -9999 -9999 -9999 -9999 -9999 -9999 -9999 -9999 2135.898 2134.93 2133.13 2132.117 2130.456 2128.411 2127.384 2125.536 2123.54 2122.562 2120.769 2118.806 2118.041 2119.316 2120.597 2121.173 2121.045 2119.798 2119.068 2117.774 2115.998 2115.056 2114.141 2113.611 2113.429 2114.005 2114.792 2115.026 2114.897 2114.114 2113.442 2112.027 2110.425 2109.67 2108.398 2106.788 2105.878 2104.716
-9999 -9999 -9999 -9999 -9999 -9999 -9999 -9999 -9999 -9999 -9999 -9999 -9999 -9999 -9999 -9999 -9999 -9999 -9999 -9999 -9999 -9999 -9999 -9999 -9999 -9999 -9999 -9999 -9999 -9999 -9999 2135.145 2133.845 2132.779 2131.052 2129.021 2128.104 2126.74 2124.972 2123.998 2122.482 2120.099 2118.813 2117.082 2118.039 2119.061 2119.323 2117.77 2116.787 2115.353 2113.929 2113.17 2112.548 2111.919 2111.646 2111.768 2112.765 2113.369 2113.65 2113.639 2113.397 2112.685 2111.369 2110.688 2109.128 2107.806 2107.074 2105.834
-9999 -9999 -9999 -9999 -9999 -9999 -9999 -9999 -9999 -9999 -9999 -9999 -9999 -9999 -9999 -9999 -9999 -9999 -9999 -9999 -9999 -9999 -9999 -9999 -9999 -9999 -9999 -9999 -9999 -9999 -9999 -9999 2133.958 2133.068 2131.227 2129.3 2128.381 2127.239 2125.637 2124.769 2123.21 2121.084 2120.124 2117.734 2116.669 2117.527 2117.851 2116.464 2115.471 2114.139 2112.867 2112.315 2111.695 2111.212 2110.964 2110.69 2111.737 2112.433 2112.847 2113.101 2113.084 2112.831 2111.819 2111.124 2109.681 2108.209 2107.521 2106.218
-9999 -9999 -9999 -9999 -9999 -9999 -9999 -9999 -9999 -9999 -9999 -9999 -9999 -9999 -9999 -9999 -9999 -9999 -9999 -9999 -9999 -9999 -9999 -9999 -9999 -9999 -9999 -9999 -9999 -9999 -9999 -9999 -9999 -9999 -9999 -9999 -9999 -9999 -9999 2125.254 2123.985 2122.371 2121.392 2119.61 2117.052 2115.694 2115.011 2114.408 2113.852 2113.072 2111.977 2111.848 2111.624 2110.374 2109.926 2110.058 2110.381 2110.796 2111.164 2111.429 2111.699 2112.192 2111.952 2111.521 2110.271 2108.709 2107.655 2106.223
-9999 -9999 -9999 -9999 -9999 -9999 -9999 -9999 -9999 -9999 -9999 -9999 -9999 -9999 -9999 -9999 -9999 -9999 -9999 -9999 -9999 -9999 -9999 -9999 -9999 -9999 -9999 -9999 -9999 -9999 -9999 -9999 -9999 -9999 -9999 -9999 -9999 -9999 -9999 -9999 2123.818 2122.9 2122.323 2120.801 2118.615 2117.467 2115.967 2114.892 2114.439 2114.362 2113.923 2113.622 2112.998 2111.431 2110.528 2109.29 2108.973 2108.976 2109.067 2109.422 2109.894 2110.689 2111.25 2111.27 2110.561 2109.318 2108.733 2107.505
-9999 -9999 -9999 -9999 -9999 -9999 -9999 -9999 -9999 -9999 -9999 -9999 -9999 -9999 -9999 -9999 -9999 -9999 -9999 -9999 -9999 -9999 -9999 -9999 -9999 -9999 -9999 -9999 -9999 -9999 -9999 -9999 -9999 -9999 -9999 -9999 -9999 -9999 -9999 -9999 -9999 -9999 -9999 2121.383 2119.645 2118.9 2117.495 2116.217 2115.826 2115.643 2115.086 2114.559 2113.635 2112.429 2111.31 2109.44 2108.39 2108.26 2108.165 2108.4 2108.775 2109.627 2110.59 2110.887 2110.713 2109.899 2109.379 2108.487
-9999 -9999 -9999 -9999 -9999 -9999 -9999 -9999 -9999 -9999 -9999 -9999 -9999 -9999 -9999 -9999 -9999 -9999 -9999 -9999 -9999 -9999 -9999 -9999 -9999 -9999 -9999 -9999 -9999 -9999 -9999 -9999 -9999 -9999 -9999 -9999 -9999 -9999 -9999 -9999 -9999 -9999 -9999 -9999 -9999 2120.143 2119.217 2118.315 2117.677 2116.905 2115.825 2115.267 2114.253 2112.871 2112.1 2110.738 2108.86 2108.044 2107.403 2107.154 2107.075 2107.746 2109 2109.745 2110.453 2110.534 2110.198 2109.465
-9999 -9999 -9999 -9999 -9999 -9999 -9999 -9999 -9999 -9999 -9999 -9999 -9999 -9999 -9999 -9999 -9999 -9999 -9999 -9999 -9999 -9999 -9999 -9999 -9999 -9999 -9999 -9999 -9999 -9999 -9999 -9999 -9999 -9999 -9999 -9999 -9999 -9999 -9999 -9999 -9999 -9999 -9999 -9999 -9999 -9999 -9999 2118.636 -9999 2116.953 2115.88 2115.374 2114.295 2112.942 2112.237 2110.8 2109.419 2108.305 2107.212 2106.535 2106.117 2106.028 2107.345 2108.34 2109.487 2110.182 2110.291 2110.103
-9999 -9999 -9999 -9999 -9999 -9999 -9999 -9999 -9999 -9999 -9999 -9999 -9999 -9999 -9999 -9999 -9999 -9999 -9999 -9999 -9999 -9999 -9999 -9999 -9999 -9999 -9999 -9999 -9999 -9999 -9999 -9999 -9999 -9999 -9999 -9999 -9999 -9999 -9999 -9999 -9999 -9999 -9999 -9999 -9999 -9999 -9999 -9999 -9999 -9999 -9999 -9999 2114.333 2113.056 2112.367 2110.994 2109.303 2108.406 2107.239 2106.356 2105.848 2105.203 2106.509 2107.528 2108.709 2109.589 2110.007 2110.146
-9999 -9999 -9999 -9999 -9999 -9999 -9999 -9999 -9999 -9999 -9999 -9999 -9999 -9999 -9999 -9999 -9999 -9999 -9999 -9999 -9999 -9999 -9999 -9999 -9999 -9999 -9999 -9999 -9999 -9999 -9999 -9999 -9999 -9999 -9999 -9999 -9999 -9999 -9999 -9999 -9999 -9999 -9999 -9999 -9999 -9999 -9999 -9999 -9999 -9999 -9999 -9999 -9999 -9999 2112.656 2111.324 2109.818 2108.981 2107.696 2106.288 2105.559 2104.912 2104.915 2105.774 2106.827 2107.928 2108.505 2108.971
-9999 -9999 -9999 -9999 -9999 -9999 -9999 -9999 -9999 -9999 -9999 -9999 -9999 -9999 -9999 -9999 -9999 -9999 -9999 -9999 -9999 -9999 -9999 -9999 -9999 -9999 -9999 -9999 -9999 -9999 -9999 -9999 -9999 -9999 -9999 -9999 -9999 -9999 -9999 -9999 -9999 -9999 -9999 -9999 -9999 -9999 -9999 -9999 -9999 -9999 -9999 -9999 -9999 -9999 2112.508 2111.884 2110.608 2109.938 2108.559 2106.962 2106.059 2104.797 2104.375 2104.034 2104.91 2105.641 2106.004 2106.56
-9999 -9999 -9999 -9999 -9999 -9999 -9999 -9999 -9999 -9999 -9999 -9999 -9999 -9999 -9999 -9999 -9999 -9999 -9999 -9999 -9999 -9999 -9999 -9999 -9999 -9999 -9999 -9999 -9999 -9999 -9999 -9999 -9999 -9999 -9999 -9999 -9999 -9999 -9999 -9999 -9999 -9999 -9999 -9999 -9999 -9999 -9999 -9999 -9999 -9999 -9999 -9999 -9999 -9999 -9999 -9999 -9999 2110.345 2108.994 2107.378 2106.681 2105.155 2104.043 2103.533 2103.6 2104.272 2104.901 2105.212
-9999 -9999 -9999 -9999 -9999 -9999 -9999 -9999 -9999 -9999 -9999 -9999 -9999 -9999 -9999 -9999 -9999 -9999 -9999 -9999 -9999 -9999 -9999 -9999 -9999 -9999 -9999 -9999 -9999 -9999 -9999 -9999 -9999 -9999 -9999 -9999 -9999 -9999 -9999 -9999 -9999 -9999 -9999 -9999 -9999 -9999 -9999 -9999 -9999 -9999 -9999 -9999 -9999 -9999 -9999 -9999 -9999 -9999 -9999 2107.882 2107.354 2106.012 2104.565 2103.699 2102.929 2102.515 2102.263 2102.828
-9999 -9999 -9999 -9999 -9999 -9999 -9999 -9999 -9999 -9999 -9999 -9999 -9999 -9999 -9999 -9999 -9999 -9999 -9999 -9999 -9999 -9999 -9999 -9999 -9999 -9999 -9999 -9999 -9999 -9999 -9999 -9999 -9999 -9999 -9999 -9999 -9999 -9999 -9999 -9999 -9999 -9999 -9999 -9999 -9999 -9999 -9999 -9999 -9999 -9999 -9999 -9999 -9999 -9999 -9999 -9999 -9999 -9999 -9999 -9999 2107.164 2106.781 2105.866 2105.153 2103.834 2102.614 2101.953 2101.122
