landlab/components/overland_flow/HalfFork.asc
ncols         256
nrows         248
xllcorner     482147.96811741
yllcorner     4360102.7122802
cellsize      5
NODATA_value  -9999
[rows 60 to 89 of 248, columns 136 to 203 of 256]
2157.54 2158.063 2159.106 2159.531 2159.305 2158.61 2157.195 2156.54 2154.852 2152.528 2150.826 2151.971 2153.587 2154.063 2156.366 2158.028 2158.285 2158.75 2158.748 2158.162 2158.948 2159.73 2160.109 2160.327 2159.817 2159.522 2158.508 2156.819 2155.642 2153.44 2150.426 2149.074 2146.157 2146.296 2146.635 2147.585 2148.393 2149.155 2152.173 2156.792 2159.062 2161.722 2164.595 2166.389 2167.884 2169.202 2170.552 2172.442 2176.523 -9999 -9999 -9999 -9999 -9999 -9999 -9999 -9999 -9999 -9999 -9999 -9999 -9999 -9999 -9999 -9999 -9999 2172.783 2172.602
2156.196 2157.058 2157.976 2158.204 2158.019 2157.227 2155.903 2155.07 2153.45 2151.2 2149.848 2151.095 2153.479 2154.743 2156.654 2157.339 2157.187 2157.052 2156.778 2156.659 2157.652 2158.718 2159.214 2159.328 2158.476 2158.108 2157.312 2156.033 2155.211 2153.318 2150.573 2148.875 2146.57 2145.06 2145.789 2146.949 2147.597 2148.148 2150.677 2153.527 2155.869 2159.314 2162.873 2164.27 2165.371 2167.575 2168.719 2171.5 2176.91 2178.814 2176.604 2175.974 -9999 -9999 -9999 -9999 -9999 -9999 -9999 -9999 -9999 -9999 -9999 -9999 -9999 2172.233 2171.821 2171.787
2154.962 2155.756 2156.732 2156.741 2156.671 2155.763 2154.652 2153.867 2152.034 2149.73 2149.037 2150.5 2153.089 2154.376 2155.838 2156.107 2155.626 2154.955 2155.004 2155.236 2156.59 2157.859 2158.284 2158.128 2156.998 2156.38 2155.606 2154.846 2154.21 2152.688 2149.909 2148.421 2146.464 2144.205 2145.055 2146.274 2146.861 2147.572 2149.295 2150.901 2152.005 2155.987 2158.984 2159.833 2162.342 2169.73 2171.767 2171.663 2173.715 2174.766 2175.125 2175.816 -9999 -9999 -9999 -9999 -9999 -9999 -9999 -9999 -9999 -9999 -9999 2171.527 2171.439 2171.358 2171.22 2170.935
2154.221 2155.099 2156.024 2156.032 2155.837 2154.86 2154.01 2153.327 2151.668 2149.023 2148.463 2150.102 2152.605 2153.798 2155.193 2155.327 2154.961 2153.839 2153.948 2154.516 2156.319 2157.472 2157.777 2157.507 2156.402 2155.557 2154.558 2153.789 2153.706 2152.249 2149.65 2148.151 2146.239 2143.727 2144.641 2145.932 2146.468 2147.042 2148.243 2150.204 2151.244 2154.017 2156.5 2158.07 2161.045 2171.068 2173.737 2173.773 2172.815 2173.064 2174.264 2175.817 -9999 -9999 -9999 -9999 -9999 -9999 -9999 -9999 -9999 2172.963 2172.042 2170.754 2170.906 2170.873 2170.599 2170.384
2153.453 2154.301 2155.076 2154.784 2154.397 2153.592 2152.688 2152.388 2151.023 2148.471 2147.814 2149.036 2151.588 2152.78 2154 2153.873 2153.403 2152.138 2153.219 2154.172 2155.732 2156.766 2156.986 2156.461 2155.508 2154.669 2153.271 2152.235 2152.018 2151.598 2149.907 2148.52 2146.071 2143.333 2143.973 2145.364 2145.914 2146.4 2147.874 2149.696 2150.767 2152.509 2155.929 2156.743 2163.138 2168.975 2172.298 2172.644 2172.216 2172.906 2173.788 2174.887 2175.729 2175.649 2175.504 -9999 -9999 -9999 -9999 2173.89 2173.208 2172.58 2171.781 2170.438 2169.566 2169.43 2169.405 2169.225
2152.306 2153.204 2153.78 2153.298 2152.772 2152.01 2150.927 2150.572 2149.797 2147.87 2146.718 2147.91 2150.404 2151.78 2152.557 2152.101 2151.421 2151.237 2152.961 2154.03 2155.417 2156.101 2156.114 2155.585 2154.08 2153.221 2151.963 2150.979 2149.738 2150.016 2149.218 2148.25 2146.016 2142.921 2143.27 2144.639 2145.278 2145.884 2147.191 2149.34 2150.024 2151.847 2153.949 2154.437 2161.529 2167.55 2169.253 2170.656 2172.264 2172.787 2172.215 2172.701 2173.454 2173.876 2174.126 2174.053 2174.646 2174.351 2174.016 2173.203 2172.713 2172.106 2170.925 2169.389 2168.512 2167.674 2167.566 2167.743
2151.491 2152.365 2153.032 2152.664 2152.124 2151.102 2149.797 2149.291 2148.89 2147.375 2146.161 2147.383 2149.771 2151.006 2151.674 2151.015 2149.887 2150.983 2153.205 2154.086 2155.259 2155.782 2155.671 2155.006 2153.497 2152.386 2151.633 2150.252 2149.417 2149.048 2148.481 2147.759 2145.586 2142.569 2142.994 2144.201 2145.021 2145.42 2146.519 2148.44 2149.536 2150.901 2152.704 2153.657 2158.859 2165.63 2167.103 2171.199 2173.618 2173.101 2172.109 2170.229 2171.419 2172.671 2172.864 2173.318 2174.029 2173.919 2173.681 2172.999 2172.182 2171.717 2170.542 2168.715 2168.066 2166.524 2166.488 2166.878
2150.457 2151.277 2151.759 2151.636 2150.995 2150.01 2148.862 2148.17 2147.689 2146.311 2145.297 2146.724 2149.098 2150.106 2150.373 2148.78 2148.641 2150.279 2152.274 2153.178 2154.573 2155.178 2155.047 2153.994 2152.667 2152.032 2150.368 2149.323 2148.625 2147.241 2146.97 2146.585 2144.478 2142.323 2142.674 2143.641 2144.192 2144.329 2145.814 2147.407 2148.18 2149.498 2151.848 2153.166 2156.178 2161.839 2169.476 2173.921 2174.736 2174.152 2169.346 2166.969 2167.668 2169.297 2171.377 2172.258 2172.827 2172.888 2172.706 2172.022 2171.174 2170.66 2169.824 2168.151 2167.252 2166.047 2165.292 2165.386
2149.316 2150.047 2150.303 2150.058 2149.649 2148.821 2147.503 2146.597 2145.748 2144.616 2144.188 2146.221 2148.276 2148.814 2148.83 2146.616 2147.141 2149.15 2150.755 2151.861 2153.385 2154.454 2154.337 2153.366 2151.88 2151.235 2149.798 2148.107 2147.736 2146.461 2145.308 2144.747 2143.141 2141.566 2142.184 2142.888 2144.041 2147.318 2145.802 2146.474 2147.415 2148.504 2150.927 2152.145 2154.537 2156.094 2164.665 2169.995 2169.138 2167.306 2165.608 2164.272 2165.064 2167.65 2169.845 2170.869 2171.491 2171.627 2171.425 2170.734 2169.903 2169.435 2168.873 2167.626 2166.725 2165.308 2164.014 2163.595
2148.708 2149.277 2149.317 2149.109 2149.035 2148.091 2146.68 2145.738 2145.13 2143.867 2144.194 2146.227 2147.552 2147.913 2147.852 2145.694 2146.334 2148.4 2150.222 2151.089 2152.62 2153.846 2153.922 2153.154 2151.521 2150.716 2149.459 2147.983 2147.369 2146.116 2144.616 2143.914 2142.744 2141.282 2141.886 2142.333 2146.025 2149.259 2145.841 2146.411 2146.784 2155.837 2151.901 2151.543 2153.504 2155.298 2158.257 2165.764 2165.93 2164.212 2163.902 2163.552 2164.785 2167.131 2169.095 2170.084 2170.78 2170.847 2170.667 2169.978 2169.31 2168.838 2168.258 2167.279 2166.486 2165.252 2163.77 2162.981
2147.572 2148.049 2147.583 2147.63 2147.59 2146.916 2145.491 2144.666 2144.028 2143.172 2143.434 2144.767 2145.844 2146.544 2146.234 2144.406 2145.014 2146.93 2148.78 2149.675 2151.191 2152.346 2152.658 2152.403 2151.328 2150.482 2148.886 2147.33 2146.757 2145.604 2144.155 2143.949 2142.75 2140.654 2140.503 2141.442 2143.311 2144.27 2144.887 2147.244 2147.278 2150.932 2150.778 2151.271 2152.833 2154.753 2155.852 2158.549 2160.516 2161.113 2161.902 2162.972 2164.076 2166.382 2168.219 2168.861 2169.467 2169.519 2169.343 2168.755 2168.144 2167.783 2167.181 2166.563 2166.187 2164.839 2163.498 2162.685
2146.026 2146.482 2146.006 2145.763 2145.834 2145.504 2144.231 2143.187 2141.472 2140.389 2141.241 2142.764 2144.201 2144.979 2144.593 2142.498 2142.973 2144.999 2146.94 2147.926 2149.28 2150.518 2151.057 2151.171 2150.517 2149.809 2148.317 2146.623 2145.725 2144.822 2143.387 2142.363 2142.28 2140.831 2139.055 2140.453 2142.326 2143.169 2144.53 2146.459 2147.153 2148.435 2150.198 2151.155 2152.846 2154.244 2155.194 2156.815 2158.667 2159.199 2161.039 2163.022 2164.109 2165.842 2166.962 2167.378 2167.84 2167.84 2167.694 2167.487 2166.971 2166.692 2166.01 2165.555 2165.374 2164.415 2163.051 2162.161
2145.032 2145.455 2145.018 2144.738 2144.829 2144.736 2143.773 2142.698 2140.421 2139.226 2140.148 2141.61 2143.381 2144.261 2144.01 2141.841 2142.146 2144.12 2145.972 2146.828 2148.239 2149.531 2150.161 2150.469 2149.937 2149.308 2147.861 2146.296 2145.384 2144.163 2143.074 2142.149 2141.271 2140.139 2138.932 2139.82 2141.991 2143.112 2144.382 2145.894 2146.835 2148.271 2150.022 2150.986 2152.826 2154.581 2155.582 2157.044 2158.708 2159.575 2161.189 2163.188 2164.22 2165.672 2166.199 2166.482 2166.983 2166.956 2166.842 2166.444 2166.291 2166.047 2165.405 2164.962 2164.846 2164.146 2162.932 2162.245
2143.107 2143.66 2143.456 2142.718 2143.255 2143.43 2143.16 2142.297 2139.955 2138.06 2138.855 2139.708 2141.749 2142.809 2143.026 2141.175 2140.621 2142.235 2144.019 2144.891 2146.514 2148.147 2148.69 2149.206 2148.93 2148.426 2147.014 2145.467 2144.799 2143.662 2142.089 2141.865 2140.516 2138.788 2139.453 2138.952 2140.689 2141.544 2142.76 2144.907 2146.199 2147.635 2149.453 2150.355 2152.153 2154.09 2155.222 2156.886 2158.682 2159.59 2161.256 2163.003 2163.528 2164.393 2164.799 2164.966 2165.209 2165.286 2165.195 2164.83 2164.89 2164.917 2164.321 2163.827 2163.729 2163.4 2162.552 2162.098
2140.775 2141.357 2141.506 2140.77 2141.227 2141.891 2142.415 2141.961 2139.847 2136.862 2136.323 2137.699 2139.909 2141.071 2141.442 2140.166 2138.907 2139.995 2142.033 2143.653 2145.06 2146.482 2147.194 2147.932 2147.943 2147.478 2146.029 2144.741 2144.026 2143.097 2141.795 2141.265 2139.76 2137.775 2136.751 2137.028 2139.493 2140.576 2142.516 2144.989 2146.19 2147.74 2149.666 2150.779 2152.828 2154.529 2155.559 2157.235 2158.958 2159.723 2160.684 2161.705 2162.27 2162.795 2162.854 2162.98 2163.142 2163.341 2163.379 2163.148 2163.201 2163.232 2162.893 2162.064 2162.331 2162.308 2161.885 2161.429
2139.48 2140.03 2140.385 2139.704 2139.998 2141.291 2142.018 2141.686 2139.864 2137.183 2135.495 2136.724 2139.054 2140.109 2140.428 2139.332 2137.887 2138.832 2144.544 2143.347 2144.269 2145.775 2146.627 2147.338 2147.364 2146.889 2145.394 2144.319 2143.682 2142.712 2141.583 2140.976 2139.649 2137.633 2135.722 2136.633 2139.088 2140.192 2142.568 2145.042 2146.139 2147.959 2149.869 2151 2152.674 2154.569 2155.638 2157.429 2159.008 2159.573 2160.07 2160.822 2161.414 2161.836 2161.86 2161.733 2161.88 2162.328 2162.397 2162.261 2162.318 2162.363 2162.282 2161.416 2161.579 2161.734 2161.296 2161.383
2137.165 2137.788 2138.322 2137.869 2138.858 2140.871 2141.311 2140.612 2138.892 2136.669 2135.074 2135.346 2137.641 2138.599 2138.885 2137.532 2136.379 2138.28 2141.334 2141.922 2143.22 2144.793 2145.562 2146.467 2146.496 2146.014 2144.697 2142.995 2142.472 2141.877 2140.649 2140.234 2139.301 2136.44 2134.964 2136.365 2138.512 2139.969 2142.573 2144.461 2145.713 2147.78 2149.74 2150.638 2152.406 2154.358 2155.469 2157.1 2158.466 2158.701 2158.553 2159.382 2159.76 2159.895 2159.586 2159.551 2160.101 2160.671 2160.71 2160.663 2160.88 2160.969 2161.032 2160.542 2160.318 2160.369 2160.144 2160.016
2134.747 2135.138 2135.618 2137.434 2138.773 2140.814 2140.86 2140.005 2137.86 2135.207 2134.163 2134.542 2135.822 2136.393 2136.689 2135.254 2134.746 2136.741 2138.784 2140.442 2142.325 2144.049 2144.926 2145.759 2145.91 2145.405 2144.12 2142.418 2141.475 2140.644 2139.866 2138.902 2138.267 2136.03 2134.838 2135.557 2137.704 2138.922 2141.307 2143.671 2145.23 2147.076 2149.209 2150.173 2152.081 2153.993 2154.965 2156.385 2157.175 2157.342 2156.883 2156.831 2156.901 2157.672 2156.819 2156.868 2157.892 2158.645 2158.717 2158.665 2159.004 2159.324 2159.701 2159.708 2159.258 2158.984 2158.74 2158.318
2133.723 2133.987 2135.332 2137.618 2138.955 2140.726 2140.727 2139.971 2137.544 2134.752 2133.578 2133.797 2134.699 2135.259 2135.375 2134.027 2134.225 2136.45 2139.074 2140.373 2142.141 2143.776 2144.74 2145.415 2145.489 2145.049 2143.688 2142.081 2141.163 2139.772 2139.4 2138.707 2137.133 2135.644 2134.945 2134.937 2137.364 2138.627 2140.817 2143.269 2144.847 2146.669 2148.921 2149.979 2151.547 2153.856 2154.766 2156.009 2156.504 2156.592 2156.037 2155.368 2155.366 2156.545 2155.249 2155.003 2156.696 2157.722 2157.772 2157.68 2158.178 2158.5 2158.93 2159.087 2158.884 2158.278 2157.98 2157.551
2132.603 2133.535 2135.792 2138.136 2139.18 2140.411 2140.423 2139.869 2137.763 2134.819 2133.182 2132.413 2132.777 2133.342 2133.271 2133.099 2134.116 2136.51 2138.799 2140.143 2141.353 2143.023 2143.89 2144.624 2144.69 2144.299 2143.058 2141.394 2140.416 2138.939 2138.686 2138.317 2136.568 2134.263 2133.402 2133.896 2136.716 2138.285 2140.068 2142.224 2144.06 2146.127 2148.463 2149.669 2151.564 2153.897 2154.861 2155.134 2155.24 2155.322 2154.758 2153.654 2153.265 2153.292 2152.631 2153.394 2154.425 2154.721 2155.425 2156.356 2157.026 2157.196 2157.508 2158.344 2158.075 2157.392 2157.656 2156.925
2132.117 2133.355 2135.337 2137.442 2138.557 2139.628 2139.509 2139.073 2137.746 2135.554 2134.034 2131.562 2131.093 2131.317 2131.446 2132.592 2133.568 2135.5 2137.5 2138.561 2140.113 2142.148 2143.008 2143.753 2143.73 2143.37 2142.195 2140.817 2139.999 2138.186 2137.449 2137.438 2136.052 2133.885 2132.299 2133.328 2135.972 2137.465 2139.842 2142.293 2143.827 2145.799 2148.016 2149.206 2150.96 2152.672 2153.2 2153.917 2153.867 2153.606 2153.178 2152.121 2151.641 2151.045 2150.414 2151.748 2151.768 2151.441 2152.71 2154.579 2155.361 2155.784 2156.128 2156.531 2156.648 2156.343 2155.597 2154.388
2131.897 2132.943 2134.84 2137.187 2138.36 2139.253 2139.185 2138.333 2137.223 2135.545 2134.293 2131.772 2130.68 2130.606 2130.899 2131.991 2132.731 2134.376 2136.604 2137.638 2139.75 2141.953 2142.746 2143.281 2143.11 2142.86 2141.825 2140.514 2139.805 2138.086 2136.653 2136.684 2135.731 2133.521 2131.765 2133.122 2135.677 2137.224 2139.875 2142.209 2143.342 2145.45 2147.763 2148.803 2150.599 2151.946 2152.578 2153.134 2152.97 2152.635 2152.286 2151.504 2150.857 2150.1 2149.279 2149.854 2150.231 2150.325 2150.28 2153.332 2154.592 2154.971 2155.332 2155.627 2155.869 2154.801 2153.52 2152.561
2130.874 2131.998 2134.344 2136.72 2137.646 2138.356 2137.705 2136.946 2135.575 2134.441 2133.743 2131.884 2129.827 2129.44 2130.554 2132.816 2134.085 2136.046 2137.824 2138.836 2140.456 2141.94 2142.49 2142.545 2142.005 2141.704 2141.05 2139.848 2139.11 2137.648 2135.37 2134.461 2134.478 2132.928 2131.038 2132.695 2135.32 2136.575 2139.272 2141.818 2142.906 2144.955 2147.092 2148.032 2149.527 2150.635 2151.156 2151.739 2151.348 2151.057 2150.497 2149.928 2149.519 2148.777 2148.493 2147.774 2147.703 2146.872 2147.123 2148.863 2150.662 2151.481 2152.492 2153.658 2152.69 2151.934 2151.258 2150.651
2129.506 2130.594 2133.029 2135.286 2136.24 2136.991 2136.334 2135.446 2133.477 2132.255 2131.758 2130.327 2128.612 2128.356 2130.35 2133.412 2134.947 2137.289 2139.237 2140.018 2141.015 2141.703 2141.793 2141.545 2140.761 2140.171 2139.758 2139.051 2138.472 2137.031 2135.01 2133.82 2132.813 2131.112 2130.042 2132.344 2135.291 2136.77 2138.992 2141.329 2142.365 2144.42 2146.349 2147.172 2148.273 2149.385 2149.871 2150.187 2149.797 2149.377 2148.371 2147.977 2148.041 2147.243 2147.127 2146.31 2145.261 2143.888 2143.971 2145.228 2147.489 2147.724 2148.309 2148.358 2148.792 2148.898 2150.021 2151.079
2128.597 2129.713 2132.194 2134.446 2135.443 2136.238 2135.528 2134.722 2132.595 2130.901 2130.527 2129.216 2127.887 2128.112 2130.379 2133.645 2135.256 2137.689 2139.748 2140.52 2141.237 2141.538 2141.354 2140.936 2140.072 2139.503 2139.064 2138.514 2138.025 2136.73 2134.919 2133.753 2131.853 2130.298 2129.433 2132.179 2135.265 2136.829 2138.73 2141.11 2142.307 2144.254 2145.918 2146.701 2147.611 2148.683 2149.21 2149.428 2148.995 2148.45 2147.301 2146.963 2146.542 2146.33 2145.726 2145.215 2143.961 2143.309 2142.631 2143.077 2145.549 2146.674 2146.947 2146.436 2146.683 2148.245 2150.512 2151.929
2127.327 2128.306 2130.749 2132.883 2133.813 2134.912 2134.36 2133.582 2131.366 2128.833 2128.069 2127.177 2127.599 2128.381 2130.938 2133.822 2135.382 2137.489 2139.513 2140.278 2140.855 2140.699 2140.416 2139.824 2138.865 2138.147 2137.494 2137.155 2136.922 2135.854 2134.261 2133.242 2131.308 2129.009 2128.848 2132.16 2135.323 2136.636 2138.704 2140.813 2141.948 2143.604 2144.733 2145.709 2146.923 2147.85 2148.188 2148.198 2147.612 2146.939 2145.906 2145.227 2144.684 2144.755 2144.056 2143.476 2142.387 2141.753 2141.594 2141.805 2142.831 2143.324 2144.083 2145.003 2146.255 2148.699 2151.24 2152.448
2126.047 2126.957 2128.972 2130.829 2131.659 2133.12 2133.466 2132.662 2130.225 2127.502 2126.488 2125.78 2127.145 2128.728 2131.363 2133.764 2134.817 2136.404 2138.344 2139.317 2140.004 2139.709 2139.23 2138.511 2137.199 2136.652 2135.303 2135.053 2135.076 2134.426 2132.565 2131.45 2129.457 2128.192 2129.709 2132.651 2135.329 2136.645 2138.309 2140.049 2140.947 2142.239 2144.059 2145.003 2145.855 2146.751 2147.235 2147.003 2146.172 2145.407 2144.306 2143.52 2142.992 2142.742 2142.173 2141.479 2140.829 2140.755 2141.049 2141.841 2142.564 2143.016 2144.056 2145.506 2146.875 2149.143 2151.453 2152.449
2125.382 2126.064 2127.987 2129.566 2130.38 2131.893 2132.91 2132.115 2129.765 2126.855 2125.526 2124.768 2131.345 2129.75 2131.328 2133.263 2133.821 2135.701 2137.709 2138.717 2139.609 2139.144 2138.542 2137.734 2136.415 2135.591 2134.458 2133.805 2133.878 2133.344 2131.479 2130.165 2128.104 2128.167 2129.866 2132.77 2135.534 2136.434 2137.921 2139.197 2139.988 2142.099 2143.74 2144.486 2145.323 2146.173 2146.519 2146.263 2145.323 2144.677 2143.51 2142.185 2141.876 2141.295 2140.923 2140.344 2140.036 2140.208 2140.852 2142.491 2143.177 2143.902 2144.656 2146.081 2147.023 2149.179 2151.26 2152.199
2124.407 2124.571 2125.841 2127.415 2128.125 2129.584 2131.104 2131.224 2129.097 2126.116 2124.416 2124.585 2128.053 2128.648 2130.028 2131.899 2133.195 2135.237 2137.302 2138.142 2138.792 2138.267 2137.66 2136.039 2134.887 2134.243 2133.283 2131.299 2131.313 2131.358 2129.486 2127.742 2126.304 2128.626 2130.205 2132.829 2134.323 2135.193 2137.114 2138.934 2139.701 2141.44 2142.772 2143.384 2144.314 2145.2 2145.405 2145.097 2144.231 2143.544 2142.141 2140.359 2140.306 2139.365 2138.999 2139.237 2139.414 2140.743 2141.889 2143.11 2148.606 2146.27 2146.308 2147.258 2147.744 2149.448 2150.809 2151.91
2123.204 2122.722 2123.349 2124.622 2125.407 2127.069 2129.02 2129.777 2128.426 2125.516 2123.375 2123.583 2125.427 2126.705 2128.77 2131.234 2132.456 2134.071 2135.829 2136.623 2137.251 2136.858 2136.387 2134.731 2132.784 2132.369 2131.531 2130.03 2128.874 2128.662 2126.809 2125.744 2126.338 2128.167 2129.387 2131.238 2133.748 2135.186 2136.405 2138.208 2139.32 2140.554 2141.844 2142.424 2143.199 2143.835 2143.849 2143.461 2142.636 2141.974 2140.684 2138.883 2138.458 2137.648 2138.305 2138.34 2139.264 2141.193 2142.25 2143.74 2146.333 2146.301 2147.388 2148.747 2149.256 2150.238 2151.383 2152.173
