landlab/components/overland_flow/HalfFork.asc
ncols         256
nrows         248
xllcorner     482147.96811741
yllcorner     4360102.7122802
cellsize      5
NODATA_value  -9999
[rows 30 to 59 of 248, columns 68 to 135 of 256]
-9999 -9999 -9999 -9999 -9999 -9999 -9999 -9999 -9999 -9999 -9999 -9999 -9999 -9999 -9999 -9999 -9999 -9999 -9999 -9999 -9999 -9999 -9999 -9999 -9999 -9999 -9999 -9999 -9999 -9999 -9999 -9999 -9999 -9999 -9999 -9999 2168.537 2166.064 2167.597 2169.412 2171.479 2170.518 2173.372 2178.455 2177.15 2173.884 2180.675 2178.547 2179.037 2181.995 2179.984 2181.311 2182.546 2188.646 2185.447 2185.203 2188.802 2184.914 2183.299 2182.919 2182.748 2182.214 2181.774 2181.701 2181.371 2181.494 2181.376 2180.005
-9999 -9999 -9999 -9999 -9999 -9999 -9999 -9999 -9999 -9999 -9999 -9999 -9999 -9999 -9999 -9999 -9999 -9999 -9999 -9999 -9999 -9999 -9999 -9999 -9999 -9999 -9999 -9999 -9999 -9999 -9999 -9999 2167.645 2167.293 2166.382 2164.207 2164.006 2163.121 2165.31 2166.589 2168.378 2167.777 2167.777 2170.366 2172.472 2173.888 2175.603 2176.595 2177.133 2177.533 2178.884 2179.306 2180.921 2183.793 2184.748 2183.685 2183.829 2182.811 2181.803 2180.999 2180.978 2180.753 2179.9 2180.108 2179.344 2179.846 2180.069 2178.991
-9999 -9999 -9999 -9999 -9999 -9999 -9999 -9999 -9999 -9999 -9999 -9999 -9999 -9999 -9999 -9999 -9999 -9999 -9999 -9999 -9999 -9999 -9999 -9999 -9999 -9999 -9999 -9999 -9999 -9999 -9999 -9999 2166.72 2166.351 2165.448 2164.215 2163.121 2164.011 2169.89 2166.009 2166.149 2175.316 2168.323 2169.351 2177.638 2173.213 2178.546 2175.05 2174.312 2177.437 2180.958 2182.167 2184.045 2182.153 2182.069 2181.724 2181.036 2180.697 2179.797 2178.751 2178.703 2178.713 2178.019 2178.503 2177.861 2178.078 2178.655 2177.959
-9999 -9999 -9999 -9999 -9999 -9999 -9999 -9999 -9999 -9999 -9999 -9999 -9999 -9999 -9999 -9999 -9999 -9999 -9999 -9999 -9999 -9999 -9999 -9999 -9999 -9999 -9999 -9999 -9999 -9999 -9999 2166.787 2166.089 2165.972 2164.724 2163.644 2163.009 2162.462 2168.072 2164.384 2163.154 2170.833 2171.136 2169.763 2171.827 2171.665 2174.115 2173.853 2173.998 2177.851 2181.077 2181.286 2181.623 2181.032 2180.853 2180.652 2180.029 2179.665 2178.769 2177.777 2177.456 2177.518 2177.37 2177.882 2177.101 2177.235 2177.635 2177.202
-9999 -9999 -9999 -9999 -9999 -9999 -9999 -9999 -9999 -9999 -9999 -9999 -9999 -9999 -9999 -9999 -9999 -9999 -9999 -9999 -9999 -9999 -9999 -9999 -9999 -9999 -9999 -9999 -9999 -9999 -9999 2166.543 2165.164 2164.701 2164.487 2163.277 2161.817 2165.477 2163.269 2161.764 2169.468 2166.662 2166.595 2170.051 2172.482 2170.84 2172.067 2177.933 2176.87 2177.882 2179.543 2179.269 2179.232 2179.253 2179.05 2178.692 2178.068 2177.905 2177.095 2176.363 2175.424 2175.394 2176.418 2176.867 2176.012 2175.319 2175.379 2176.487
-9999 -9999 -9999 -9999 -9999 -9999 -9999 -9999 -9999 -9999 -9999 -9999 -9999 -9999 -9999 -9999 -9999 -9999 -9999 -9999 -9999 -9999 -9999 -9999 -9999 -9999 -9999 -9999 -9999 -9999 2167.509 2165.979 2170.446 2171.722 2164.978 2162.946 2161.899 2161.814 2160.438 2160.5 2169.789 2168.26 2164.851 2168.03 2172.755 2170.84 2172.274 2177.199 2177.861 2177.669 2177.662 2177.432 2177.277 2177.081 2177.019 2176.563 2176.071 2175.88 2174.995 2174.645 2174.071 2174.687 2175.25 2175.254 2174.578 2173.042 2172.761 2173.597
-9999 -9999 -9999 -9999 -9999 -9999 -9999 -9999 -9999 -9999 -9999 -9999 -9999 -9999 -9999 -9999 -9999 -9999 -9999 -9999 -9999 -9999 -9999 -9999 -9999 -9999 -9999 -9999 -9999 -9999 2166.433 2166.094 2166.914 2167.959 2163.719 2162.675 2161.75 2160.164 2162.639 2160.697 2165.063 2163.869 2165.527 2171.142 2170.848 2170.848 2173.451 2176.552 2178.133 2177.387 2176.677 2176.336 2176.006 2175.746 2175.71 2175.369 2174.82 2174.792 2174.036 2173.631 2173.143 2174.108 2174.388 2174.424 2173.917 2172.42 2171.595 2172.873
-9999 -9999 -9999 -9999 -9999 -9999 -9999 -9999 -9999 -9999 -9999 -9999 -9999 -9999 -9999 -9999 -9999 -9999 -9999 -9999 -9999 -9999 -9999 -9999 -9999 -9999 -9999 -9999 -9999 -9999 2165.896 2164.906 2164.461 2163.786 2164.027 2164.648 2165.663 2160.583 2159.695 2159.143 2160.113 2161.804 2163.694 2166.417 2172.578 2171.819 2175.339 2174.917 2175.097 2174.986 2174.676 2174.385 2174.061 2173.868 2173.695 2173.637 2173.05 2173.069 2172.262 2171.753 2171.639 2170.558 2171.807 2172.732 2171.559 2170.678 2170.785 2173.156
-9999 -9999 -9999 -9999 -9999 -9999 -9999 -9999 -9999 -9999 -9999 -9999 -9999 -9999 -9999 -9999 -9999 -9999 -9999 -9999 -9999 -9999 -9999 -9999 -9999 -9999 -9999 -9999 -9999 2167.3 2166.533 2164.687 2162.612 2163.921 2165.464 2161.407 2160.716 2159.294 2160.565 2164.181 2158.952 2163.62 2164.738 2164.102 2172.713 2172.044 2172.402 2172.935 2173.043 2172.819 2172.238 2171.957 2171.718 2171.733 2171.686 2171.564 2170.888 2171.02 2170.133 2169.646 2169.46 2168.638 2169.548 2169.44 2168.806 2169.513 2170.412 2172.12
-9999 -9999 -9999 -9999 -9999 -9999 -9999 -9999 -9999 -9999 -9999 -9999 -9999 -9999 -9999 -9999 -9999 -9999 -9999 -9999 -9999 -9999 -9999 -9999 -9999 -9999 -9999 -9999 -9999 2166.959 2166.521 2165.04 2162.879 2162.181 2162.056 2159.652 2158.844 2158.461 2158.744 2159.59 2157.877 2159.607 2161.614 2163.682 2169.408 2171.299 2171.306 2172.016 2172.085 2171.687 2171.013 2170.682 2170.605 2170.664 2170.689 2170.286 2169.782 2170.004 2169.145 2168.46 2168.005 2167.952 2167.918 2167.636 2168.629 2170.204 2171.012 2172.008
-9999 -9999 -9999 -9999 -9999 -9999 -9999 -9999 -9999 -9999 -9999 -9999 -9999 -9999 -9999 -9999 -9999 -9999 -9999 -9999 -9999 -9999 -9999 -9999 -9999 -9999 -9999 -9999 -9999 2165.5 2165.052 2164.361 2163.337 2162.543 2160.795 2159.013 2158.695 2158.055 2157.343 2157.078 2156.802 2165.035 2161.806 2164.165 2167.752 2170.729 2170.479 2170.477 2170.275 2169.68 2168.988 2168.727 2168.313 2168.761 2168.763 2168.382 2167.83 2167.87 2167.207 2166.074 2165.441 2166.132 2167.116 2167.509 2169.615 2171.814 2172.686 2173.847
-9999 -9999 -9999 -9999 -9999 -9999 -9999 -9999 -9999 -9999 -9999 -9999 -9999 -9999 -9999 -9999 -9999 -9999 -9999 -9999 -9999 -9999 -9999 -9999 -9999 -9999 -9999 -9999 2166.411 2165.348 2164.791 2163.134 2161.741 2161.338 2160.733 2158.941 2158.118 2156.679 2156.258 2156.258 2155.947 2161.482 2161.259 2163.537 2166.41 2167.857 2169.018 2168.652 2168.141 2167.443 2166.737 2166.383 2166.273 2166.514 2166.208 2165.848 2165.324 2165.359 2164.581 2164.401 2165.083 2166.899 2168.299 2168.846 2170.135 2171.735 2172.744 2174.065
-9999 -9999 -9999 -9999 -9999 -9999 -9999 -9999 -9999 -9999 -9999 -9999 -9999 -9999 -9999 -9999 -9999 -9999 -9999 -9999 -9999 -9999 -9999 -9999 -9999 -9999 -9999 -9999 2166.014 2168.164 2165.116 2163.098 2161.37 2160.328 2159.656 2158.671 2157.762 2156.055 2155.721 2155.538 2155.735 2158.862 2160.555 2163.136 2165.938 2167.126 2167.936 2167.58 2167.081 2166.35 2165.671 2165.25 2165.113 2165.196 2164.656 2164.407 2164.086 2164.198 2163.247 2164.541 2165.698 2167.779 2169.252 2169.78 2170.885 2172.179 2172.931 2174.331
-9999 -9999 -9999 -9999 -9999 -9999 -9999 -9999 -9999 -9999 -9999 -9999 -9999 -9999 -9999 -9999 -9999 -9999 -9999 -9999 -9999 -9999 -9999 -9999 -9999 -9999 -9999 -9999 2169.197 2165.433 2162.648 2161.378 2160.377 2159.492 2164.19 2158.722 2156.972 2155.11 2154.771 2154.785 2156.138 2158.936 2160.598 2163.136 2165.647 2166.517 2166.393 2165.664 2165.25 2164.463 2163.762 2163.404 2163.156 2162.968 2162.444 2162.112 2161.737 2161.927 2163.41 2165.742 2166.698 2168.639 2170.643 2171.395 2172.073 2173.429 2174.03 2175.131
-9999 -9999 -9999 -9999 -9999 -9999 -9999 -9999 -9999 -9999 -9999 -9999 -9999 -9999 -9999 -9999 -9999 -9999 -9999 -9999 -9999 -9999 -9999 -9999 -9999 -9999 -9999 2165.898 2165.861 2164.025 2162.803 2160.592 2157.906 2157.674 2158.337 2156.233 2155.197 2154.255 2154.005 2154.209 2156.367 2159.374 2160.946 2163.432 2164.872 2165.081 2164.603 2163.575 2163.075 2162.277 2161.552 2161.177 2160.431 2159.822 2159.545 2160.366 2162.296 2163.424 2165.247 2167.366 2168.447 2170.059 2171.934 2172.895 2173.948 2174.825 2175.267 2176.213
-9999 -9999 -9999 -9999 -9999 -9999 -9999 -9999 -9999 -9999 -9999 -9999 -9999 -9999 -9999 -9999 -9999 -9999 -9999 -9999 -9999 -9999 -9999 -9999 -9999 -9999 -9999 2165.739 2164.26 2162.802 2162.353 2160.456 2157.693 2156.356 2156.223 2154.955 2154.353 2153.68 2153.622 2153.969 2156.646 2159.573 2161.021 2163.493 2164.175 2164.153 2163.604 2162.509 2161.841 2160.854 2160.327 2160.014 2159.061 2158.257 2159.075 2161.194 2163.591 2164.656 2166.432 2168.316 2169.36 2170.958 2172.677 2173.56 2174.76 2175.633 2175.988 2176.679
-9999 -9999 -9999 -9999 -9999 -9999 -9999 -9999 -9999 -9999 -9999 -9999 -9999 -9999 -9999 -9999 -9999 -9999 -9999 -9999 -9999 -9999 -9999 -9999 -9999 -9999 -9999 2165.688 2164.316 2162.298 2161.068 2158.815 2157.002 2155.833 2154.623 2153.626 2153.143 2152.792 2152.939 2153.736 2156.247 2159.166 2160.666 2162.174 2162.495 2162.289 2161.671 2160.473 2159.793 2158.516 2158.135 2157.834 2157.071 2158.639 2160.074 2162.607 2165.178 2166.419 2168.116 2170.006 2170.758 2172.167 2173.466 2174.066 2174.85 2175.802 2176.199 2176.524
-9999 -9999 -9999 -9999 -9999 -9999 -9999 -9999 -9999 -9999 -9999 -9999 -9999 -9999 -9999 -9999 -9999 -9999 -9999 -9999 -9999 -9999 -9999 -9999 -9999 -9999 -9999 2165.212 2164.634 2162.97 2162.064 2160.157 2158.014 2156.857 2154.89 2153.001 2152.346 2151.925 2152.498 2153.372 2155.895 2159.519 2160.264 2160.471 2160.42 2160.12 2159.107 2158.119 2157.353 2156.29 2155.671 2156.159 2157.124 2159.301 2160.726 2163.243 2166.084 2167.472 2169.49 2171.206 2171.89 2172.68 2173.254 2173.385 2173.877 2174.627 2175.014 2175.163
-9999 -9999 -9999 -9999 -9999 -9999 -9999 -9999 -9999 -9999 -9999 -9999 -9999 -9999 -9999 -9999 -9999 -9999 -9999 -9999 -9999 -9999 -9999 -9999 -9999 -9999 -9999 -9999 2164.503 2165.945 2163.168 2160.939 2158.718 2157.582 2155.607 2153.382 2151.839 2151.551 2152.235 2153.212 2155.571 2158.905 2159.187 2159.448 2159.366 2158.91 2157.832 2156.859 2156.087 2155.255 2154.943 2155.613 2157.093 2159.655 2161.078 2163.712 2166.407 2167.731 2169.836 2171.638 2172.178 2172.578 2172.788 2172.742 2173.071 2173.646 2173.984 2174.441
-9999 -9999 -9999 -9999 -9999 -9999 -9999 -9999 -9999 -9999 -9999 -9999 -9999 -9999 -9999 -9999 -9999 -9999 -9999 -9999 -9999 -9999 -9999 -9999 -9999 -9999 -9999 -9999 2164.139 2163.855 2162.76 2160.851 2158.512 2157.302 2155.174 2152.727 2151.101 2150.835 2151.738 2152.733 2155.033 2156.588 2157.083 2157.676 2157.398 2156.899 2155.797 2154.542 2154.079 2153.553 2155.559 2156.484 2158.731 2161.268 2162.621 2164.727 2167.179 2168.433 2170.136 2171.381 2171.625 2171.706 2171.658 2171.377 2171.316 2171.713 2171.839 2172.724
-9999 -9999 -9999 -9999 -9999 -9999 -9999 -9999 -9999 -9999 -9999 -9999 -9999 -9999 -9999 -9999 -9999 -9999 -9999 -9999 -9999 -9999 -9999 -9999 -9999 -9999 -9999 -9999 2163.747 2163.134 2162.435 2160.679 2158.395 2157.13 2155.132 2152.632 2150.965 2149.942 2150.541 2151.489 2153.154 2154.473 2155.121 2155.645 2155.118 2154.619 2153.553 2152.854 2152.397 2153.987 2156.5 2158.034 2160.377 2162.835 2164.11 2165.87 2167.633 2168.517 2169.74 2170.481 2170.524 2170.18 2169.928 2169.583 2168.968 2169.289 2169.595 2170.64
-9999 -9999 -9999 -9999 -9999 -9999 -9999 -9999 -9999 -9999 -9999 -9999 -9999 -9999 -9999 -9999 -9999 -9999 -9999 -9999 -9999 -9999 -9999 -9999 -9999 2165.88 2162.981 2162.815 2163.464 2162.903 2162.29 2160.564 2158.358 2157.014 2154.732 2152.263 2150.771 2149.499 2149.968 2150.907 2152.161 2153.413 2154.167 2154.665 2153.956 2153.443 2153.032 2152.011 2151.79 2154.5 2157.1 2158.518 2160.973 2163.384 2164.457 2165.924 2167.473 2168.151 2169.231 2169.858 2169.952 2169.112 2168.837 2168.564 2167.757 2167.913 2168.263 2169.357
-9999 -9999 -9999 -9999 -9999 -9999 -9999 -9999 -9999 -9999 -9999 -9999 -9999 -9999 -9999 -9999 -9999 -9999 -9999 -9999 -9999 -9999 -9999 -9999 -9999 2159.574 2161.528 2162.275 2162.652 2162.29 2161.821 2160.358 2158.397 2157.274 2155.556 2152.985 2151.53 2149.095 2149.23 2149.284 2150.291 2151.687 2152.694 2152.938 2151.994 2151.398 2150.754 2151.742 2153.102 2155.49 2157.948 2159.374 2161.387 2163.138 2163.959 2165.224 2166.346 2166.968 2168.373 2168.873 2168.672 2167.644 2166.997 2166.938 2165.686 2165.861 2166.538 2167.542
-9999 -9999 -9999 -9999 -9999 -9999 -9999 -9999 -9999 -9999 -9999 -9999 -9999 -9999 -9999 -9999 -9999 -9999 -9999 -9999 -9999 -9999 -9999 -9999 2156.612 2158.626 2160.141 2160.812 2161.426 2161.448 2161.378 2159.982 2158.267 2157.202 2155.536 2153.688 2152.417 2150.033 2148.076 2148.01 2148.698 2150.079 2150.978 2150.951 2149.818 2148.819 2150.202 2152.561 2154.141 2156.512 2158.793 2159.74 2160.852 2162.061 2162.811 2163.571 2165.076 2165.868 2167.161 2167.634 2167.451 2166.182 2164.819 2164.755 2163.903 2164.024 2164.604 2165.311
-9999 -9999 -9999 -9999 -9999 -9999 -9999 -9999 -9999 -9999 -9999 -9999 -9999 -9999 -9999 -9999 -9999 -9999 -9999 -9999 -9999 -9999 -9999 -9999 2155.963 2157.649 2159.247 2159.972 2160.621 2160.957 2160.927 2159.713 2158.051 2157.009 2155.333 2153.58 2152.471 2150.524 2147.995 2147.278 2147.477 2149.056 2150.021 2149.955 2148.335 2148.411 2150.512 2153.026 2154.514 2156.919 2158.836 2159.496 2160.345 2161.452 2162.026 2162.406 2164.423 2165.385 2166.439 2166.981 2166.777 2165.624 2163.526 2163.474 2162.527 2163.01 2163.434 2164.226
-9999 -9999 -9999 -9999 -9999 -9999 -9999 -9999 -9999 -9999 -9999 -9999 -9999 -9999 -9999 -9999 -9999 -9999 -9999 -9999 -9999 -9999 -9999 -9999 2154.596 2156.13 2157.555 2158.025 2159.386 2160.254 2160.152 2159.062 2157.502 2156.479 2154.831 2153.145 2152.431 2150.788 2148.835 2147.9 2146.374 2147.058 2148.384 2147.735 2147.788 2148.771 2151.143 2153.646 2154.853 2156.47 2157.746 2157.873 2158.586 2159.63 2159.838 2161.473 2163.402 2164.287 2165.253 2165.624 2165.553 2164.546 2162.838 2161.847 2160.823 2160.963 2161.728 2162.267
-9999 -9999 -9999 -9999 -9999 -9999 -9999 -9999 -9999 -9999 -9999 -9999 -9999 -9999 -9999 -9999 -9999 -9999 -9999 -9999 -9999 -9999 -9999 2154.082 2152.672 2154.037 2155.199 2156.172 2158.312 2159.753 2159.613 2158.539 2156.858 2155.9 2154.135 2152.325 2151.469 2150.18 2148.569 2147.699 2146.694 2145.526 2145.903 2145.992 2147.452 2148.719 2150.796 2152.96 2153.953 2155.356 2155.998 2155.656 2156.569 2157.723 2158.457 2160.444 2162.363 2163.331 2164.061 2164.166 2164.013 2163.198 2161.835 2160.85 2158.795 2158.882 2159.564 2159.787
-9999 -9999 -9999 -9999 -9999 -9999 -9999 -9999 -9999 -9999 -9999 -9999 -9999 -9999 -9999 -9999 -9999 -9999 -9999 -9999 -9999 -9999 -9999 2153.14 2152.466 2152.675 2154.44 2155.792 2157.846 2159.227 2159.258 2158.296 2156.603 2155.669 2153.962 2152.064 2151.08 2149.752 2148.157 2147.343 2146.556 2144.841 2145.179 2145.909 2147.265 2148.28 2150.131 2152.261 2153.28 2154.431 2154.892 2154.511 2154.993 2157.027 2158.08 2160.031 2161.955 2162.855 2163.387 2163.386 2163.164 2162.34 2160.861 2160.035 2158.017 2157.77 2157.944 2159.266
-9999 -9999 -9999 -9999 -9999 -9999 -9999 -9999 -9999 -9999 -9999 -9999 -9999 -9999 -9999 -9999 -9999 -9999 -9999 -9999 -9999 -9999 -9999 2150.926 2150.701 2151.16 2153.674 2154.981 2156.977 2158.401 2158.714 2158.042 2156.399 2155.376 2153.609 2151.646 2150.671 2149.03 2147.336 2146.527 2145.57 2143.995 2144.74 2145.679 2146.481 2147.153 2149.095 2151.004 2151.794 2152.77 2152.201 2152.904 2154.983 2157.181 2158.102 2159.821 2161.462 2162.059 2162.314 2161.964 2161.694 2160.803 2159.435 2158.633 2156.72 2155.597 2156.57 2157.331
-9999 -9999 -9999 -9999 -9999 -9999 -9999 -9999 -9999 -9999 -9999 -9999 -9999 -9999 -9999 -9999 -9999 -9999 -9999 -9999 -9999 -9999 2150.25 2148.721 2148.623 2149.775 2152.398 2153.671 2155.579 2157.594 2158.172 2157.553 2155.908 2154.941 2153.194 2151.001 2149.894 2148.064 2146.203 2145.643 2143.85 2143.567 2143.808 2144.695 2145.119 2145.809 2147.533 2149.176 2150.908 2149.93 2151.689 2153.136 2155.506 2157.772 2158.887 2160.221 2161.051 2161.24 2161.053 2160.253 2159.804 2158.92 2157.653 2156.939 2155.054 2153.824 2153.876 2156.096
