docs/source/tutorials/network_sediment_transporter/.bmi_topography/SRTMGL3_40.09_-105.55_40.209999999999994_-105.35000000000001.asc
ncols        240
nrows        144
xllcorner    -105.550416666684
yllcorner    40.090416666671
cellsize     0.000833333333
NODATA_value 0
[rows 38 to 75 of 144, columns 84 to 167 of 240]
2578 2565 2553 2543 2537 2535 2527 2520 2513 2508 2501 2493 2491 2485 2480 2477 2472 2467 2462 2460 2462 2464 2473 2486 2498 2504 2516 2524 2523 2518 2517 2510 2504 2500 2498 2497 2490 2486 2487 2489 2491 2492 2498 2490 2468 2449 2438 2419 2397 2376 2360 2342 2332 2333 2338 2330 2336 2346 2350 2353 2343 2325 2315 2313 2311 2316 2324 2323 2316 2313 2300 2287 2301 2314 2328 2353 2371 2377 2385 2381 2371 2367 2371 2386
2589 2572 2563 2556 2552 2542 2534 2525 2515 2509 2505 2498 2493 2486 2479 2476 2469 2464 2467 2475 2482 2483 2483 2490 2499 2504 2511 2516 2513 2509 2508 2506 2503 2500 2497 2495 2487 2479 2467 2469 2468 2476 2484 2479 2464 2440 2414 2398 2377 2359 2348 2330 2306 2306 2313 2305 2309 2314 2319 2324 2316 2300 2285 2283 2284 2296 2313 2315 2308 2310 2305 2283 2279 2292 2308 2336 2361 2380 2391 2391 2390 2383 2379 2385
2606 2599 2586 2573 2561 2549 2540 2530 2522 2517 2510 2501 2494 2488 2478 2473 2475 2481 2485 2489 2495 2502 2505 2504 2510 2516 2516 2512 2507 2501 2498 2498 2495 2493 2494 2496 2492 2484 2472 2456 2448 2449 2454 2450 2437 2419 2408 2395 2372 2347 2325 2305 2290 2286 2282 2277 2277 2276 2280 2291 2296 2282 2269 2264 2269 2281 2300 2298 2302 2312 2302 2281 2266 2277 2305 2338 2370 2394 2404 2403 2401 2389 2382 2384
2626 2615 2599 2583 2568 2555 2544 2531 2519 2511 2507 2500 2490 2483 2474 2481 2491 2500 2504 2501 2505 2518 2526 2526 2526 2525 2522 2515 2508 2499 2490 2486 2487 2484 2487 2490 2493 2493 2486 2474 2459 2445 2439 2424 2403 2387 2384 2381 2365 2336 2305 2284 2279 2278 2280 2281 2287 2283 2270 2268 2272 2262 2254 2252 2254 2265 2281 2286 2301 2309 2295 2276 2256 2262 2298 2335 2364 2391 2399 2398 2399 2387 2372 2365
2630 2620 2605 2585 2570 2549 2534 2524 2514 2505 2501 2493 2489 2489 2490 2492 2500 2508 2514 2516 2517 2521 2525 2527 2531 2528 2523 2514 2503 2492 2478 2471 2476 2478 2478 2484 2489 2493 2494 2480 2471 2458 2450 2434 2403 2376 2362 2364 2353 2324 2295 2289 2313 2327 2328 2329 2330 2322 2294 2266 2262 2264 2266 2256 2246 2248 2266 2283 2293 2285 2269 2258 2247 2244 2265 2301 2333 2365 2376 2379 2383 2369 2344 2334
2624 2607 2589 2571 2552 2539 2525 2515 2507 2500 2496 2494 2497 2500 2501 2502 2505 2509 2513 2520 2522 2521 2521 2522 2523 2524 2523 2512 2503 2480 2458 2448 2459 2460 2467 2475 2479 2480 2482 2477 2469 2458 2447 2435 2415 2386 2356 2342 2332 2311 2291 2298 2340 2358 2356 2344 2333 2318 2296 2284 2293 2302 2308 2295 2264 2244 2252 2270 2284 2266 2240 2233 2228 2228 2231 2256 2294 2337 2346 2347 2349 2341 2311 2303
2617 2596 2576 2561 2544 2532 2522 2516 2513 2511 2509 2509 2509 2509 2506 2507 2508 2511 2515 2521 2522 2516 2511 2511 2510 2510 2508 2500 2487 2458 2434 2422 2434 2437 2450 2462 2465 2469 2470 2471 2464 2455 2440 2424 2410 2397 2370 2336 2316 2298 2288 2304 2340 2364 2370 2353 2334 2319 2299 2307 2329 2340 2340 2327 2302 2273 2249 2245 2257 2246 2231 2229 2233 2228 2223 2231 2272 2310 2307 2304 2304 2303 2282 2274
2615 2602 2584 2563 2546 2537 2536 2540 2546 2539 2532 2527 2522 2516 2511 2509 2509 2512 2517 2522 2523 2512 2505 2494 2486 2486 2476 2466 2462 2443 2419 2401 2406 2407 2421 2438 2449 2455 2457 2451 2448 2441 2427 2413 2396 2389 2375 2346 2314 2293 2293 2320 2355 2378 2385 2371 2344 2317 2311 2333 2359 2368 2364 2351 2331 2305 2276 2250 2240 2237 2235 2245 2264 2250 2224 2222 2247 2279 2268 2245 2243 2254 2251 2246
2619 2599 2579 2565 2550 2553 2562 2573 2574 2561 2552 2542 2535 2528 2519 2512 2510 2512 2517 2517 2514 2507 2498 2482 2465 2452 2443 2430 2426 2423 2406 2384 2380 2381 2395 2411 2425 2440 2440 2430 2422 2417 2405 2399 2383 2365 2364 2338 2302 2291 2299 2331 2364 2386 2391 2381 2360 2332 2326 2349 2369 2375 2378 2372 2358 2331 2292 2267 2258 2261 2263 2281 2296 2275 2235 2219 2228 2257 2243 2211 2208 2216 2211 2211
2616 2597 2584 2571 2572 2583 2590 2583 2577 2572 2559 2545 2534 2527 2522 2517 2511 2510 2510 2509 2505 2496 2491 2489 2484 2475 2465 2444 2420 2410 2407 2407 2392 2375 2371 2382 2397 2419 2421 2414 2405 2398 2386 2377 2362 2346 2336 2318 2297 2297 2309 2338 2366 2387 2390 2383 2367 2341 2340 2359 2370 2379 2377 2371 2352 2318 2288 2273 2289 2303 2315 2332 2333 2297 2256 2222 2218 2237 2229 2227 2244 2240 2216 2208
2619 2603 2598 2598 2596 2595 2593 2582 2572 2566 2554 2539 2527 2520 2516 2513 2511 2507 2504 2503 2501 2500 2502 2500 2500 2502 2495 2478 2466 2456 2451 2434 2411 2385 2367 2361 2378 2393 2399 2401 2393 2384 2377 2361 2346 2330 2314 2302 2299 2305 2330 2358 2380 2397 2394 2380 2362 2347 2359 2376 2378 2381 2373 2355 2324 2296 2287 2304 2336 2356 2371 2378 2359 2324 2284 2241 2219 2214 2212 2238 2284 2301 2282 2253
2627 2618 2617 2613 2603 2591 2581 2568 2560 2554 2543 2530 2520 2513 2508 2509 2509 2510 2508 2505 2505 2508 2507 2506 2505 2502 2497 2490 2486 2481 2474 2453 2424 2397 2373 2359 2359 2363 2373 2379 2367 2362 2361 2356 2345 2321 2305 2299 2309 2342 2364 2385 2390 2394 2387 2372 2358 2363 2378 2387 2388 2386 2378 2364 2336 2307 2295 2317 2350 2378 2402 2402 2386 2355 2319 2291 2264 2248 2261 2283 2323 2347 2338 2307
2633 2624 2619 2610 2596 2583 2568 2556 2544 2534 2527 2520 2518 2515 2518 2520 2519 2516 2513 2508 2505 2507 2509 2505 2500 2492 2486 2476 2473 2471 2468 2457 2431 2410 2387 2370 2355 2353 2353 2343 2338 2335 2338 2338 2328 2309 2305 2313 2342 2373 2389 2402 2403 2399 2383 2365 2367 2382 2396 2401 2400 2397 2387 2371 2351 2319 2305 2316 2344 2380 2412 2420 2406 2384 2362 2349 2326 2305 2314 2341 2365 2374 2369 2348
2628 2617 2612 2600 2588 2573 2556 2545 2534 2526 2524 2530 2528 2533 2539 2538 2532 2528 2522 2518 2510 2502 2495 2495 2489 2485 2477 2469 2462 2455 2450 2447 2437 2422 2401 2382 2367 2368 2366 2352 2341 2329 2318 2313 2309 2308 2317 2347 2385 2404 2406 2407 2402 2391 2381 2374 2382 2390 2400 2403 2403 2399 2389 2373 2347 2317 2318 2341 2369 2392 2420 2433 2422 2402 2391 2388 2372 2352 2350 2358 2364 2367 2363 2361
2619 2608 2600 2590 2578 2569 2552 2542 2537 2537 2537 2543 2547 2553 2551 2546 2538 2533 2530 2528 2524 2514 2500 2487 2478 2474 2473 2470 2464 2453 2441 2431 2425 2413 2399 2389 2394 2390 2378 2360 2342 2326 2311 2311 2319 2335 2351 2382 2411 2418 2413 2406 2396 2391 2390 2387 2394 2409 2411 2410 2407 2399 2381 2361 2338 2327 2342 2365 2393 2418 2429 2434 2425 2405 2390 2383 2373 2362 2357 2352 2351 2347 2344 2350
2611 2600 2592 2579 2570 2566 2554 2546 2542 2542 2545 2553 2558 2562 2559 2556 2549 2546 2543 2537 2532 2517 2501 2482 2471 2464 2468 2471 2474 2465 2448 2434 2424 2415 2409 2407 2403 2394 2372 2351 2327 2320 2329 2354 2367 2377 2394 2416 2428 2427 2419 2410 2401 2413 2426 2419 2406 2408 2409 2412 2408 2398 2374 2350 2346 2362 2378 2397 2415 2428 2436 2435 2424 2405 2389 2374 2366 2361 2354 2348 2339 2330 2329 2334
2597 2596 2592 2579 2568 2564 2558 2551 2548 2549 2550 2557 2566 2572 2576 2574 2569 2563 2560 2551 2540 2517 2494 2473 2460 2453 2457 2460 2461 2457 2451 2442 2433 2423 2412 2399 2390 2375 2354 2326 2317 2336 2365 2397 2414 2425 2437 2444 2440 2432 2425 2415 2416 2433 2449 2446 2430 2419 2413 2413 2405 2393 2368 2349 2372 2395 2408 2420 2427 2434 2434 2430 2424 2412 2399 2386 2371 2360 2350 2343 2331 2323 2318 2314
2589 2595 2591 2579 2573 2567 2558 2552 2551 2552 2555 2560 2567 2569 2575 2578 2575 2573 2568 2553 2540 2513 2483 2461 2446 2440 2439 2446 2453 2449 2444 2439 2432 2423 2410 2402 2396 2381 2353 2332 2332 2361 2398 2422 2438 2453 2458 2459 2454 2446 2431 2424 2432 2449 2466 2465 2451 2441 2426 2413 2396 2380 2367 2376 2396 2404 2414 2424 2431 2435 2436 2433 2429 2423 2419 2404 2389 2372 2360 2347 2337 2332 2323 2313
2577 2575 2572 2571 2572 2565 2555 2547 2545 2543 2544 2546 2548 2549 2559 2567 2568 2568 2555 2534 2512 2488 2467 2452 2436 2425 2424 2437 2445 2445 2441 2439 2431 2418 2397 2390 2391 2389 2376 2342 2331 2365 2405 2434 2448 2461 2467 2466 2461 2454 2443 2431 2446 2463 2478 2477 2464 2447 2432 2414 2393 2381 2386 2390 2399 2407 2414 2422 2425 2428 2436 2434 2425 2417 2411 2402 2391 2378 2368 2356 2343 2331 2330 2322
2550 2537 2537 2542 2556 2564 2554 2542 2534 2527 2524 2522 2526 2536 2547 2557 2555 2547 2536 2514 2488 2467 2454 2444 2432 2416 2411 2424 2429 2430 2432 2434 2426 2415 2394 2378 2369 2362 2353 2340 2340 2363 2395 2422 2441 2460 2472 2477 2474 2466 2450 2439 2453 2473 2483 2482 2469 2451 2435 2414 2395 2399 2407 2404 2402 2405 2408 2407 2407 2410 2418 2420 2410 2390 2385 2378 2368 2356 2353 2349 2341 2324 2314 2313
2534 2530 2509 2511 2533 2546 2546 2539 2529 2517 2509 2505 2510 2524 2538 2544 2538 2523 2504 2490 2468 2447 2436 2431 2426 2406 2398 2410 2410 2409 2417 2420 2419 2412 2394 2373 2352 2340 2331 2335 2355 2384 2406 2431 2444 2459 2475 2483 2486 2479 2465 2454 2456 2473 2486 2487 2477 2464 2449 2421 2413 2429 2436 2422 2411 2406 2401 2396 2391 2389 2390 2393 2382 2363 2350 2347 2339 2327 2321 2321 2324 2321 2310 2292
2547 2537 2509 2488 2508 2525 2531 2532 2525 2515 2504 2495 2496 2504 2514 2521 2515 2503 2483 2464 2446 2429 2419 2410 2406 2391 2392 2402 2395 2387 2388 2395 2401 2400 2386 2365 2343 2338 2350 2372 2385 2412 2439 2465 2477 2485 2487 2494 2498 2494 2483 2474 2467 2468 2481 2489 2486 2472 2459 2440 2430 2439 2449 2448 2429 2409 2396 2386 2380 2376 2372 2364 2356 2344 2335 2322 2317 2308 2296 2295 2296 2306 2307 2285
2548 2525 2495 2482 2494 2504 2513 2519 2517 2511 2502 2491 2482 2478 2490 2494 2490 2484 2475 2458 2442 2424 2403 2385 2377 2368 2376 2383 2375 2366 2363 2370 2381 2373 2360 2348 2342 2357 2384 2403 2421 2450 2474 2500 2514 2522 2517 2515 2512 2510 2504 2493 2484 2479 2480 2486 2485 2478 2471 2457 2444 2448 2457 2459 2447 2423 2402 2389 2378 2366 2363 2355 2339 2325 2318 2302 2286 2283 2282 2279 2279 2290 2299 2289
2550 2533 2508 2489 2477 2473 2484 2504 2504 2500 2494 2489 2479 2469 2468 2472 2477 2485 2482 2463 2440 2419 2398 2378 2378 2380 2375 2368 2372 2374 2364 2356 2358 2349 2350 2360 2377 2388 2405 2429 2460 2495 2525 2541 2555 2558 2545 2537 2529 2524 2517 2510 2499 2492 2488 2493 2494 2486 2478 2470 2458 2461 2467 2470 2460 2439 2416 2397 2383 2368 2355 2346 2338 2322 2303 2286 2265 2266 2265 2262 2262 2273 2280 2281
2574 2556 2539 2518 2501 2477 2465 2472 2477 2473 2467 2473 2464 2452 2448 2456 2468 2477 2474 2452 2427 2408 2386 2380 2394 2404 2411 2407 2409 2404 2386 2359 2355 2360 2375 2394 2418 2431 2432 2450 2478 2511 2540 2559 2577 2575 2559 2546 2540 2533 2525 2516 2508 2501 2504 2510 2508 2501 2489 2480 2476 2476 2483 2485 2482 2461 2444 2419 2398 2387 2363 2345 2330 2323 2304 2289 2277 2286 2308 2293 2270 2256 2258 2261
2582 2568 2550 2533 2518 2496 2467 2453 2455 2449 2444 2451 2442 2429 2428 2443 2458 2460 2444 2424 2404 2389 2381 2392 2416 2431 2438 2434 2425 2413 2400 2395 2382 2375 2393 2416 2435 2455 2464 2469 2486 2511 2531 2551 2569 2577 2570 2563 2558 2547 2536 2523 2519 2523 2530 2527 2521 2514 2501 2490 2486 2493 2502 2502 2495 2488 2465 2430 2405 2384 2366 2349 2336 2326 2313 2295 2281 2295 2329 2331 2306 2276 2259 2254
2569 2562 2544 2529 2510 2486 2467 2481 2495 2484 2456 2443 2442 2436 2422 2425 2433 2438 2422 2398 2385 2386 2395 2423 2452 2472 2482 2469 2447 2428 2423 2419 2404 2389 2394 2413 2433 2457 2481 2499 2518 2539 2556 2568 2581 2596 2598 2589 2576 2562 2544 2534 2539 2546 2545 2543 2535 2523 2514 2505 2498 2500 2513 2517 2510 2501 2483 2445 2426 2410 2389 2367 2354 2344 2321 2286 2286 2323 2351 2349 2329 2303 2298 2299
2551 2543 2528 2510 2488 2475 2493 2509 2513 2506 2493 2488 2480 2462 2441 2426 2414 2419 2405 2391 2394 2413 2436 2470 2497 2517 2522 2502 2475 2461 2452 2435 2420 2424 2415 2417 2449 2468 2485 2508 2532 2554 2577 2594 2607 2614 2613 2606 2592 2575 2561 2553 2557 2564 2561 2555 2547 2532 2521 2511 2503 2503 2514 2516 2501 2478 2461 2450 2432 2412 2385 2356 2338 2321 2303 2289 2303 2341 2362 2361 2345 2331 2343 2344
2538 2527 2506 2488 2490 2497 2514 2519 2512 2508 2504 2503 2495 2476 2463 2437 2409 2404 2394 2393 2419 2454 2477 2503 2522 2533 2537 2525 2512 2501 2481 2457 2452 2453 2441 2439 2465 2490 2501 2505 2528 2550 2571 2595 2616 2622 2618 2604 2592 2584 2576 2568 2566 2568 2568 2564 2553 2532 2512 2502 2492 2487 2486 2491 2478 2437 2408 2398 2391 2368 2346 2331 2309 2299 2301 2308 2316 2347 2365 2372 2369 2369 2376 2375
2528 2513 2492 2497 2509 2513 2517 2512 2505 2500 2500 2495 2484 2468 2450 2427 2400 2394 2405 2433 2461 2494 2510 2525 2534 2540 2548 2544 2536 2522 2503 2492 2492 2482 2460 2463 2491 2511 2521 2523 2536 2555 2570 2587 2600 2610 2608 2597 2585 2580 2574 2572 2570 2567 2569 2563 2544 2515 2489 2473 2453 2433 2430 2440 2434 2384 2355 2349 2333 2327 2319 2315 2307 2317 2340 2340 2324 2340 2354 2369 2382 2393 2406 2414
2516 2505 2491 2500 2515 2514 2512 2507 2496 2490 2486 2476 2470 2459 2444 2413 2402 2418 2460 2487 2502 2521 2536 2544 2546 2554 2564 2563 2554 2539 2527 2530 2527 2508 2483 2484 2504 2522 2534 2537 2545 2561 2572 2580 2584 2589 2589 2587 2580 2575 2569 2565 2561 2554 2551 2544 2526 2499 2480 2459 2425 2395 2398 2410 2384 2364 2381 2389 2387 2372 2369 2363 2359 2358 2372 2373 2358 2344 2352 2373 2396 2424 2444 2454
2504 2500 2512 2525 2525 2518 2508 2498 2486 2474 2468 2453 2446 2439 2426 2408 2405 2442 2485 2519 2532 2545 2558 2563 2563 2575 2580 2575 2564 2556 2558 2556 2546 2528 2511 2511 2520 2537 2554 2556 2552 2556 2564 2568 2568 2568 2569 2571 2571 2572 2573 2567 2556 2548 2544 2536 2528 2509 2491 2456 2416 2396 2424 2436 2431 2441 2443 2453 2453 2446 2439 2425 2398 2386 2393 2393 2382 2363 2357 2379 2406 2436 2462 2479
2510 2521 2531 2532 2524 2516 2503 2490 2481 2468 2458 2442 2432 2418 2408 2412 2431 2462 2503 2535 2550 2558 2570 2577 2581 2584 2588 2586 2581 2576 2576 2573 2563 2542 2534 2551 2555 2561 2570 2576 2575 2570 2561 2557 2556 2554 2555 2558 2565 2570 2568 2560 2546 2531 2532 2530 2522 2497 2468 2429 2400 2425 2469 2496 2494 2492 2500 2512 2518 2503 2485 2463 2444 2432 2424 2417 2402 2382 2365 2381 2413 2442 2466 2479
2528 2542 2541 2533 2523 2513 2498 2484 2474 2469 2466 2454 2440 2418 2413 2444 2474 2490 2516 2541 2558 2568 2577 2581 2587 2590 2596 2596 2595 2596 2595 2592 2580 2563 2565 2576 2580 2580 2578 2579 2578 2576 2568 2555 2542 2535 2542 2550 2560 2568 2563 2548 2529 2505 2499 2497 2491 2465 2437 2407 2404 2446 2495 2529 2529 2518 2515 2529 2541 2537 2524 2506 2489 2479 2467 2447 2425 2402 2382 2386 2402 2430 2455 2464
2547 2550 2547 2539 2524 2510 2498 2485 2481 2478 2474 2461 2446 2423 2414 2439 2474 2487 2500 2518 2543 2558 2576 2587 2591 2595 2600 2601 2605 2613 2611 2610 2599 2589 2593 2604 2606 2603 2594 2588 2581 2574 2565 2554 2535 2519 2521 2536 2551 2553 2541 2523 2503 2476 2460 2462 2460 2437 2408 2406 2424 2461 2502 2537 2542 2539 2533 2534 2542 2550 2553 2541 2528 2519 2501 2479 2451 2425 2416 2423 2424 2435 2455 2453
2559 2558 2550 2537 2523 2511 2505 2496 2490 2488 2483 2472 2460 2440 2421 2424 2444 2456 2469 2494 2521 2544 2573 2590 2598 2602 2602 2604 2610 2613 2615 2617 2615 2613 2618 2624 2626 2616 2605 2599 2593 2585 2577 2565 2547 2526 2509 2514 2527 2528 2515 2490 2469 2441 2427 2428 2426 2422 2410 2408 2433 2472 2509 2536 2544 2547 2545 2544 2549 2551 2559 2563 2556 2544 2524 2505 2489 2471 2459 2455 2455 2453 2454 2446
2555 2553 2545 2536 2529 2522 2518 2509 2500 2493 2483 2468 2457 2450 2437 2423 2433 2457 2472 2481 2501 2525 2551 2578 2596 2605 2605 2612 2619 2622 2621 2623 2623 2626 2631 2636 2636 2628 2624 2619 2610 2595 2584 2568 2559 2544 2520 2500 2495 2488 2472 2452 2438 2439 2454 2459 2445 2424 2413 2422 2442 2466 2502 2530 2543 2552 2554 2557 2564 2566 2565 2570 2565 2554 2540 2526 2515 2501 2490 2482 2475 2465 2456 2440
2545 2543 2542 2542 2540 2536 2529 2522 2509 2494 2475 2456 2443 2434 2428 2430 2437 2463 2485 2496 2497 2503 2527 2560 2591 2602 2604 2612 2623 2626 2629 2629 2629 2629 2631 2635 2636 2631 2631 2630 2620 2607 2594 2576 2564 2551 2535 2515 2492 2479 2455 2445 2464 2483 2495 2500 2493 2474 2461 2466 2465 2475 2507 2535 2545 2553 2561 2563 2569 2572 2570 2568 2562 2551 2539 2525 2515 2510 2504 2500 2485 2472 2461 2441
