docs/source/tutorials/network_sediment_transporter/.bmi_topography/SRTMGL3_40.09_-105.55_40.209999999999994_-105.35000000000001.asc
ncols        240
nrows        144
xllcorner    -105.550416666684
yllcorner    40.090416666671
cellsize     0.000833333333
NODATA_value 0
[rows 76 to 113 of 144, columns 0 to 83 of 240]
3076 3084 3095 3104 3114 3108 3089 3073 3063 3062 3061 3063 3063 3070 3084 3108 3119 3124 3124 3121 3114 3103 3093 3076 3060 3050 3041 3036 3031 3016 2999 2982 2975 2968 2967 2963 2969 2973 2973 2974 2973 2969 2964 2954 2947 2936 2921 2907 2895 2883 2874 2862 2843 2822 2804 2785 2769 2761 2760 2752 2744 2740 2731 2723 2711 2706 2699 2697 2694 2692 2688 2673 2659 2647 2635 2623 2605 2585 2575 2574 2570 2560 2550 2544
3044 3050 3058 3075 3084 3074 3058 3045 3043 3046 3050 3051 3055 3061 3080 3099 3107 3107 3104 3099 3091 3079 3064 3047 3030 3016 3007 2997 2989 2977 2963 2951 2944 2937 2932 2932 2936 2939 2941 2941 2941 2938 2937 2934 2929 2918 2905 2893 2877 2864 2850 2830 2812 2798 2784 2769 2759 2752 2743 2743 2739 2734 2725 2715 2706 2705 2704 2702 2697 2688 2675 2661 2650 2646 2635 2614 2591 2583 2585 2586 2572 2546 2526 2519
3020 3024 3031 3042 3048 3039 3025 3020 3023 3029 3033 3039 3049 3062 3084 3100 3104 3097 3089 3078 3066 3054 3040 3026 3007 2995 2985 2974 2961 2948 2936 2925 2917 2904 2897 2899 2904 2909 2914 2919 2921 2922 2921 2918 2909 2900 2888 2875 2862 2846 2828 2809 2793 2779 2767 2755 2748 2741 2730 2726 2725 2723 2717 2708 2700 2700 2704 2702 2692 2676 2660 2646 2638 2626 2619 2613 2607 2603 2610 2599 2562 2528 2500 2492
2999 3001 3004 3011 3015 3009 3004 3003 3005 3010 3017 3028 3044 3068 3093 3106 3101 3089 3076 3065 3053 3037 3024 3012 2999 2987 2973 2961 2941 2930 2919 2914 2899 2878 2873 2874 2883 2886 2896 2905 2910 2903 2899 2897 2885 2874 2860 2849 2833 2821 2809 2791 2777 2764 2756 2750 2739 2726 2715 2709 2704 2700 2699 2697 2690 2689 2695 2687 2675 2662 2648 2638 2635 2635 2632 2628 2633 2638 2634 2601 2558 2514 2482 2474
2987 2982 2983 2988 2989 2986 2985 2987 2990 2998 3005 3020 3044 3070 3090 3096 3089 3079 3069 3060 3047 3031 3022 3011 2996 2982 2968 2954 2931 2918 2909 2895 2878 2862 2855 2859 2866 2869 2881 2890 2894 2880 2868 2863 2853 2842 2833 2820 2809 2796 2788 2775 2764 2755 2748 2740 2724 2709 2698 2690 2685 2682 2678 2676 2678 2680 2678 2667 2659 2652 2648 2652 2658 2656 2655 2651 2653 2656 2629 2595 2542 2497 2484 2497
2977 2974 2972 2973 2972 2971 2971 2972 2981 2985 2996 3011 3031 3054 3072 3081 3080 3072 3063 3056 3046 3037 3030 3016 2997 2979 2961 2945 2927 2910 2899 2880 2863 2849 2838 2847 2857 2860 2867 2876 2878 2862 2842 2829 2819 2812 2807 2797 2788 2781 2767 2758 2748 2743 2739 2727 2711 2697 2687 2682 2679 2675 2671 2666 2664 2666 2662 2656 2658 2663 2673 2683 2687 2683 2667 2657 2651 2629 2596 2552 2511 2486 2507 2540
2966 2967 2967 2968 2968 2966 2967 2969 2976 2983 2993 3008 3024 3048 3067 3073 3075 3071 3066 3059 3050 3044 3034 3021 3004 2978 2958 2939 2921 2905 2889 2868 2848 2830 2824 2836 2848 2847 2847 2850 2844 2826 2809 2797 2792 2789 2785 2787 2782 2772 2758 2745 2737 2731 2726 2716 2704 2690 2682 2679 2673 2668 2666 2663 2659 2656 2657 2659 2670 2687 2703 2704 2696 2684 2660 2648 2635 2599 2556 2513 2496 2516 2549 2583
2947 2954 2960 2962 2966 2970 2971 2973 2976 2980 2989 3007 3026 3048 3058 3064 3065 3069 3065 3058 3051 3041 3022 3006 2986 2968 2948 2930 2916 2900 2880 2858 2836 2819 2809 2813 2819 2821 2820 2817 2806 2789 2776 2762 2758 2758 2761 2773 2775 2770 2754 2742 2732 2724 2715 2706 2692 2682 2676 2672 2669 2669 2667 2660 2659 2657 2662 2672 2685 2695 2699 2692 2673 2657 2638 2628 2611 2567 2520 2504 2527 2569 2610 2633
2912 2921 2931 2939 2947 2953 2961 2970 2974 2981 2992 3004 3020 3027 3028 3027 3031 3039 3041 3034 3022 3010 2998 2984 2970 2955 2937 2925 2914 2899 2883 2863 2844 2825 2809 2800 2793 2790 2786 2783 2778 2764 2748 2736 2726 2726 2728 2735 2750 2755 2747 2739 2730 2718 2712 2701 2689 2680 2677 2677 2675 2675 2672 2672 2672 2671 2670 2677 2686 2686 2670 2651 2633 2611 2600 2598 2580 2549 2507 2517 2562 2611 2650 2673
2877 2887 2894 2903 2910 2922 2935 2950 2967 2979 2990 2992 2990 2991 2989 2989 2997 3008 3005 2994 2981 2969 2959 2951 2939 2931 2924 2921 2913 2905 2894 2881 2868 2851 2830 2810 2798 2787 2779 2766 2753 2745 2733 2727 2718 2716 2713 2715 2724 2730 2729 2731 2723 2712 2705 2696 2687 2685 2685 2686 2688 2686 2684 2685 2686 2684 2678 2680 2677 2663 2627 2607 2581 2560 2550 2547 2535 2519 2527 2577 2616 2659 2687 2700
2840 2843 2854 2868 2881 2892 2905 2917 2936 2958 2968 2964 2960 2957 2955 2959 2967 2972 2966 2957 2943 2931 2926 2920 2913 2908 2907 2903 2902 2904 2895 2886 2872 2860 2843 2829 2821 2818 2803 2778 2757 2744 2733 2725 2721 2717 2714 2714 2712 2710 2711 2708 2706 2701 2695 2689 2688 2697 2701 2704 2707 2704 2701 2697 2697 2689 2678 2668 2653 2625 2589 2559 2543 2528 2521 2520 2522 2529 2556 2596 2641 2674 2688 2687
2802 2805 2816 2831 2849 2864 2879 2888 2904 2919 2927 2922 2917 2913 2917 2923 2935 2939 2931 2921 2909 2903 2900 2896 2890 2888 2886 2890 2890 2893 2889 2882 2872 2857 2846 2836 2831 2825 2809 2791 2772 2754 2741 2729 2720 2718 2717 2717 2717 2714 2709 2707 2703 2700 2692 2686 2695 2708 2719 2723 2724 2722 2722 2719 2707 2694 2674 2647 2616 2584 2551 2527 2527 2533 2542 2561 2566 2572 2589 2616 2644 2660 2670 2682
2777 2777 2784 2796 2809 2825 2840 2856 2869 2882 2888 2886 2881 2880 2881 2886 2892 2893 2888 2882 2873 2870 2867 2869 2869 2869 2867 2869 2871 2876 2878 2879 2871 2862 2848 2835 2825 2818 2810 2796 2778 2762 2745 2732 2725 2725 2725 2722 2721 2713 2711 2707 2705 2702 2697 2698 2711 2723 2732 2735 2735 2736 2736 2720 2700 2684 2656 2622 2586 2548 2531 2534 2560 2584 2600 2614 2621 2622 2632 2645 2651 2656 2665 2683
2758 2762 2765 2767 2775 2788 2804 2819 2831 2846 2859 2861 2863 2859 2856 2860 2858 2858 2859 2851 2846 2842 2841 2844 2846 2851 2853 2857 2860 2864 2863 2865 2862 2857 2840 2829 2822 2813 2806 2802 2788 2771 2752 2745 2738 2729 2719 2713 2713 2711 2707 2704 2703 2703 2702 2711 2720 2729 2737 2742 2738 2728 2714 2698 2685 2671 2633 2595 2560 2536 2540 2563 2605 2640 2656 2665 2669 2674 2675 2677 2680 2679 2676 2678
2757 2754 2755 2751 2754 2759 2774 2788 2801 2815 2824 2830 2833 2832 2828 2831 2832 2835 2837 2832 2830 2826 2823 2821 2821 2823 2831 2838 2846 2855 2856 2858 2858 2854 2844 2837 2829 2818 2807 2795 2784 2771 2753 2743 2737 2727 2718 2712 2708 2706 2701 2696 2690 2688 2687 2690 2695 2703 2712 2714 2710 2702 2685 2671 2663 2649 2623 2582 2548 2542 2563 2602 2644 2677 2691 2697 2702 2704 2705 2708 2709 2706 2702 2699
2757 2752 2750 2748 2745 2744 2749 2758 2772 2786 2794 2797 2796 2788 2783 2782 2784 2793 2800 2805 2809 2810 2807 2801 2798 2796 2800 2808 2812 2825 2838 2846 2845 2851 2849 2847 2838 2825 2812 2798 2779 2763 2747 2735 2725 2719 2714 2708 2708 2701 2686 2672 2662 2654 2648 2645 2648 2656 2660 2656 2653 2648 2639 2630 2620 2604 2589 2564 2546 2561 2598 2641 2672 2695 2705 2709 2712 2715 2718 2721 2724 2726 2724 2720
2771 2762 2755 2750 2746 2743 2744 2745 2747 2758 2766 2760 2748 2740 2734 2725 2727 2738 2750 2762 2770 2777 2779 2779 2775 2773 2772 2776 2776 2777 2787 2798 2808 2814 2826 2827 2829 2823 2815 2800 2780 2758 2740 2729 2722 2717 2714 2708 2700 2684 2666 2646 2632 2622 2618 2615 2613 2619 2615 2607 2603 2596 2589 2581 2572 2567 2557 2551 2557 2578 2623 2666 2685 2693 2696 2699 2698 2702 2711 2718 2723 2727 2728 2726
2805 2790 2775 2759 2750 2745 2740 2738 2735 2735 2738 2734 2725 2719 2715 2711 2711 2712 2714 2713 2720 2729 2738 2745 2747 2744 2742 2741 2732 2719 2721 2726 2742 2762 2786 2796 2801 2798 2794 2783 2773 2760 2751 2739 2735 2724 2703 2686 2668 2651 2634 2624 2621 2613 2610 2608 2605 2602 2597 2592 2586 2580 2574 2568 2563 2561 2558 2560 2572 2607 2642 2663 2672 2676 2677 2681 2687 2694 2703 2710 2713 2717 2721 2720
2839 2821 2804 2788 2775 2764 2753 2745 2740 2733 2731 2728 2726 2722 2716 2709 2710 2707 2703 2701 2697 2698 2700 2702 2703 2698 2701 2695 2686 2681 2678 2679 2684 2696 2720 2743 2753 2753 2749 2747 2747 2747 2744 2736 2719 2696 2669 2646 2631 2621 2618 2618 2616 2614 2615 2611 2605 2600 2595 2594 2585 2588 2580 2577 2569 2568 2578 2588 2598 2615 2632 2642 2648 2654 2660 2670 2680 2685 2691 2696 2699 2703 2708 2709
2882 2858 2839 2829 2816 2802 2790 2779 2769 2758 2756 2752 2748 2741 2733 2729 2721 2718 2710 2709 2701 2695 2693 2691 2688 2680 2676 2675 2669 2665 2661 2661 2660 2659 2665 2679 2688 2693 2697 2695 2694 2689 2682 2675 2663 2645 2632 2624 2620 2616 2618 2618 2621 2632 2641 2630 2618 2608 2609 2607 2599 2601 2599 2598 2600 2607 2619 2627 2632 2637 2640 2645 2646 2650 2657 2667 2674 2677 2680 2682 2686 2692 2700 2706
2896 2876 2875 2872 2864 2855 2840 2830 2821 2807 2799 2794 2789 2791 2785 2770 2761 2756 2746 2737 2727 2719 2709 2702 2702 2695 2692 2692 2688 2678 2672 2662 2654 2655 2651 2648 2649 2646 2648 2648 2648 2644 2639 2635 2631 2627 2625 2626 2623 2628 2636 2645 2659 2675 2680 2672 2648 2632 2622 2628 2634 2641 2643 2646 2649 2657 2672 2677 2677 2674 2674 2674 2673 2671 2671 2672 2672 2672 2671 2672 2673 2679 2690 2699
2901 2898 2897 2893 2893 2891 2886 2878 2869 2858 2848 2846 2842 2836 2827 2818 2811 2803 2790 2781 2773 2765 2757 2751 2740 2736 2732 2726 2715 2705 2692 2679 2665 2656 2650 2648 2645 2638 2640 2636 2634 2633 2631 2631 2631 2631 2632 2642 2653 2672 2690 2701 2707 2708 2700 2688 2667 2656 2658 2670 2680 2686 2691 2696 2698 2698 2703 2704 2706 2704 2697 2689 2682 2679 2677 2675 2672 2671 2664 2660 2657 2660 2667 2669
2915 2912 2912 2910 2914 2918 2915 2912 2908 2903 2892 2884 2875 2868 2861 2856 2847 2834 2824 2817 2813 2809 2803 2793 2784 2775 2767 2757 2740 2725 2709 2693 2678 2664 2655 2649 2648 2644 2642 2638 2636 2638 2640 2640 2643 2653 2668 2696 2720 2737 2737 2731 2723 2711 2698 2682 2676 2685 2693 2703 2708 2711 2712 2711 2710 2711 2713 2711 2708 2704 2699 2693 2686 2680 2677 2672 2667 2667 2665 2663 2659 2658 2655 2648
2929 2925 2926 2926 2927 2928 2928 2921 2914 2909 2902 2895 2892 2887 2884 2881 2877 2867 2858 2850 2847 2839 2832 2820 2811 2803 2796 2784 2771 2754 2735 2718 2701 2686 2678 2668 2662 2656 2649 2647 2651 2662 2672 2679 2689 2707 2732 2747 2751 2748 2740 2735 2723 2709 2698 2697 2702 2707 2712 2722 2728 2729 2727 2723 2719 2716 2712 2709 2708 2704 2700 2695 2692 2687 2681 2678 2676 2673 2672 2668 2666 2667 2664 2660
2945 2942 2940 2940 2938 2932 2929 2923 2914 2909 2905 2897 2893 2894 2893 2892 2890 2882 2870 2861 2856 2851 2849 2844 2832 2822 2812 2803 2790 2775 2762 2751 2739 2728 2718 2706 2693 2679 2669 2670 2681 2691 2698 2701 2715 2732 2748 2755 2749 2740 2732 2726 2721 2720 2720 2719 2720 2724 2727 2731 2731 2732 2729 2723 2718 2712 2707 2705 2703 2699 2696 2690 2688 2684 2679 2676 2674 2672 2670 2667 2664 2663 2659 2651
2947 2945 2944 2944 2943 2936 2931 2929 2923 2917 2911 2905 2899 2901 2897 2893 2893 2890 2881 2871 2867 2861 2857 2854 2849 2839 2826 2821 2816 2801 2783 2773 2762 2754 2742 2728 2721 2708 2699 2702 2705 2709 2710 2713 2725 2736 2749 2753 2746 2734 2730 2729 2731 2737 2740 2737 2733 2732 2733 2734 2732 2730 2728 2724 2716 2711 2707 2704 2698 2694 2692 2687 2684 2677 2675 2671 2666 2665 2660 2652 2648 2647 2647 2645
2943 2945 2948 2949 2946 2943 2942 2935 2931 2925 2917 2911 2908 2905 2900 2898 2898 2894 2886 2878 2872 2865 2864 2861 2855 2849 2838 2831 2828 2820 2803 2791 2783 2772 2761 2752 2744 2734 2726 2722 2724 2725 2725 2733 2746 2750 2755 2750 2740 2733 2736 2738 2741 2745 2746 2748 2751 2753 2749 2742 2736 2729 2723 2720 2715 2710 2706 2701 2694 2687 2683 2681 2680 2675 2669 2664 2660 2658 2657 2655 2654 2656 2656 2656
2939 2945 2948 2946 2944 2942 2938 2934 2928 2924 2921 2920 2917 2911 2908 2906 2900 2893 2884 2878 2874 2869 2865 2859 2852 2848 2842 2836 2831 2826 2821 2809 2794 2781 2773 2766 2762 2757 2747 2742 2746 2748 2751 2771 2776 2767 2759 2752 2745 2743 2747 2751 2750 2748 2744 2744 2747 2748 2747 2742 2734 2727 2722 2719 2715 2711 2709 2703 2697 2696 2694 2695 2692 2691 2688 2684 2681 2674 2672 2673 2675 2673 2672 2669
2939 2940 2940 2940 2938 2936 2937 2934 2930 2924 2921 2920 2915 2910 2907 2900 2893 2884 2877 2872 2868 2866 2861 2853 2846 2847 2843 2838 2833 2828 2823 2814 2800 2783 2772 2768 2766 2763 2757 2758 2762 2767 2775 2783 2785 2779 2768 2761 2754 2755 2759 2759 2758 2758 2752 2747 2742 2738 2733 2730 2724 2721 2717 2714 2710 2708 2705 2702 2704 2705 2706 2708 2711 2713 2713 2707 2700 2693 2689 2690 2692 2691 2682 2671
2936 2933 2934 2932 2927 2925 2928 2929 2926 2920 2917 2916 2913 2910 2903 2896 2888 2876 2870 2863 2862 2864 2861 2854 2849 2845 2838 2830 2825 2821 2814 2810 2803 2787 2777 2777 2778 2771 2773 2774 2775 2780 2784 2785 2785 2785 2774 2766 2761 2763 2763 2759 2758 2759 2758 2754 2747 2739 2733 2729 2725 2719 2714 2708 2703 2698 2696 2697 2697 2696 2698 2702 2703 2701 2703 2699 2695 2690 2688 2691 2691 2683 2669 2662
2930 2925 2923 2927 2924 2918 2919 2913 2911 2908 2906 2907 2905 2902 2898 2891 2881 2874 2868 2858 2856 2855 2852 2851 2849 2847 2838 2826 2823 2821 2817 2809 2800 2790 2789 2793 2794 2789 2785 2784 2787 2787 2790 2791 2786 2782 2772 2765 2762 2758 2756 2751 2748 2747 2742 2741 2736 2732 2730 2727 2724 2722 2717 2711 2709 2705 2700 2694 2690 2683 2679 2677 2679 2674 2671 2668 2665 2662 2661 2663 2665 2660 2650 2646
2927 2920 2912 2911 2918 2915 2915 2904 2894 2895 2892 2890 2886 2882 2880 2876 2873 2870 2866 2860 2861 2861 2858 2856 2855 2850 2840 2831 2826 2819 2812 2803 2796 2798 2798 2801 2799 2802 2798 2795 2795 2795 2792 2788 2784 2777 2774 2772 2764 2761 2761 2760 2761 2760 2754 2748 2744 2742 2741 2736 2734 2732 2728 2723 2718 2714 2711 2709 2709 2704 2696 2685 2679 2673 2669 2666 2662 2652 2640 2638 2636 2637 2634 2631
2921 2911 2904 2905 2909 2907 2906 2900 2889 2884 2882 2884 2881 2871 2867 2864 2863 2865 2864 2863 2864 2862 2861 2859 2850 2836 2824 2817 2810 2804 2797 2792 2791 2792 2794 2796 2793 2794 2794 2794 2794 2795 2794 2791 2786 2782 2775 2771 2769 2769 2764 2758 2758 2757 2753 2748 2746 2743 2742 2741 2739 2735 2731 2729 2725 2722 2724 2726 2726 2719 2711 2705 2703 2699 2695 2689 2680 2668 2658 2648 2640 2632 2627 2629
2914 2906 2901 2898 2895 2893 2893 2894 2886 2880 2876 2877 2875 2867 2858 2854 2850 2852 2854 2855 2857 2861 2858 2851 2839 2827 2813 2803 2796 2792 2791 2791 2791 2791 2791 2792 2794 2797 2807 2814 2822 2822 2820 2814 2809 2797 2788 2781 2775 2771 2765 2762 2760 2758 2754 2751 2745 2742 2740 2739 2734 2730 2725 2721 2717 2714 2717 2724 2729 2724 2713 2706 2699 2694 2689 2683 2677 2668 2656 2648 2638 2631 2623 2621
2906 2901 2897 2893 2889 2889 2893 2897 2887 2880 2870 2869 2869 2860 2851 2847 2844 2842 2843 2845 2851 2852 2848 2840 2831 2819 2810 2798 2791 2791 2791 2791 2791 2791 2791 2791 2794 2807 2818 2820 2824 2826 2824 2818 2808 2800 2792 2787 2778 2773 2764 2759 2758 2756 2751 2746 2740 2734 2731 2726 2721 2716 2713 2708 2702 2703 2702 2702 2705 2705 2701 2694 2689 2679 2675 2672 2666 2655 2645 2635 2627 2627 2620 2617
2894 2899 2899 2892 2891 2891 2892 2886 2877 2875 2871 2869 2863 2858 2851 2849 2847 2839 2837 2839 2842 2839 2834 2829 2822 2815 2808 2800 2791 2791 2791 2791 2791 2791 2791 2791 2793 2798 2799 2799 2804 2806 2807 2801 2795 2792 2792 2790 2783 2775 2764 2754 2749 2744 2742 2737 2731 2724 2719 2715 2707 2701 2699 2693 2688 2687 2684 2680 2681 2678 2677 2672 2669 2665 2657 2652 2648 2642 2633 2631 2637 2642 2636 2628
2885 2887 2894 2891 2893 2890 2885 2877 2866 2865 2867 2873 2871 2871 2870 2869 2868 2863 2852 2847 2848 2846 2834 2825 2818 2812 2808 2800 2793 2791 2791 2791 2791 2791 2791 2791 2796 2806 2805 2804 2803 2801 2799 2797 2798 2798 2802 2799 2792 2781 2768 2758 2751 2744 2739 2735 2725 2717 2712 2704 2695 2690 2686 2681 2675 2675 2674 2669 2664 2655 2654 2653 2648 2643 2640 2637 2634 2633 2633 2648 2659 2662 2658 2638
2882 2881 2884 2884 2884 2879 2879 2876 2873 2880 2883 2881 2877 2873 2873 2866 2864 2868 2863 2860 2854 2853 2847 2834 2820 2813 2805 2799 2792 2791 2791 2791 2791 2791 2791 2795 2817 2831 2833 2828 2823 2818 2814 2813 2810 2806 2803 2796 2788 2781 2774 2762 2751 2743 2736 2731 2723 2716 2710 2703 2693 2684 2676 2672 2666 2663 2659 2656 2652 2647 2646 2643 2641 2639 2637 2633 2633 2635 2643 2655 2660 2661 2654 2638
