docs/source/tutorials/network_sediment_transporter/.bmi_topography/SRTMGL3_40.09_-105.55_40.209999999999994_-105.35000000000001.asc
ncols        240
nrows        144
xllcorner    -105.550416666684
yllcorner    40.090416666671
cellsize     0.000833333333
NODATA_value 0
[rows 0 to 37 of 144, columns 84 to 167 of 240]
2635 2632 2632 2630 2613 2577 2545 2537 2542 2546 2540 2516 2497 2498 2490 2482 2495 2509 2523 2520 2499 2459 2421 2378 2346 2329 2337 2339 2318 2313 2299 2297 2316 2350 2375 2385 2368 2337 2303 2275 2257 2236 2220 2217 2207 2196 2203 2241 2271 2270 2233 2199 2178 2197 2233 2245 2236 2221 2217 2224 2229 2259 2301 2343 2385 2404 2396 2391 2401 2402 2384 2374 2354 2326 2294 2261 2229 2204 2174 2137 2084 2058 2067 2075
2651 2646 2645 2639 2631 2615 2604 2602 2602 2599 2584 2568 2554 2546 2537 2535 2541 2539 2528 2510 2491 2442 2404 2361 2344 2359 2374 2377 2369 2364 2351 2334 2351 2368 2399 2423 2408 2375 2344 2322 2309 2283 2263 2255 2233 2202 2191 2204 2218 2225 2212 2185 2180 2223 2265 2285 2273 2255 2258 2270 2280 2309 2346 2415 2475 2485 2463 2441 2414 2390 2367 2356 2344 2319 2283 2245 2214 2189 2162 2139 2108 2072 2055 2052
2652 2650 2648 2643 2637 2640 2641 2640 2630 2615 2598 2582 2565 2552 2542 2535 2529 2516 2489 2467 2447 2414 2383 2365 2384 2400 2411 2419 2420 2415 2400 2383 2388 2405 2424 2442 2444 2421 2396 2376 2348 2319 2301 2275 2246 2214 2188 2186 2182 2188 2186 2183 2204 2241 2273 2301 2300 2289 2295 2310 2334 2351 2392 2451 2501 2508 2488 2461 2410 2372 2346 2318 2301 2282 2258 2225 2197 2178 2158 2136 2111 2088 2063 2041
2659 2654 2649 2645 2641 2639 2641 2642 2640 2627 2603 2573 2556 2541 2527 2514 2513 2485 2449 2425 2406 2394 2385 2398 2424 2440 2448 2463 2474 2471 2452 2435 2436 2455 2461 2467 2474 2463 2439 2414 2391 2367 2329 2295 2268 2252 2240 2232 2223 2220 2216 2223 2225 2247 2271 2291 2301 2316 2334 2358 2382 2402 2427 2459 2480 2480 2466 2442 2387 2347 2317 2287 2261 2244 2225 2198 2178 2162 2137 2113 2088 2064 2054 2056
2664 2657 2654 2650 2648 2642 2639 2634 2626 2613 2593 2571 2548 2529 2509 2496 2488 2471 2455 2437 2422 2410 2402 2426 2465 2487 2496 2509 2521 2517 2497 2479 2475 2495 2505 2505 2498 2488 2469 2445 2424 2398 2355 2322 2308 2299 2294 2287 2288 2286 2277 2264 2258 2262 2265 2275 2291 2315 2348 2382 2418 2431 2451 2458 2456 2442 2430 2397 2351 2317 2285 2260 2228 2206 2189 2170 2151 2136 2105 2082 2068 2060 2075 2090
2670 2663 2661 2657 2655 2649 2636 2618 2600 2582 2569 2554 2533 2514 2502 2491 2491 2495 2488 2463 2448 2441 2426 2440 2480 2516 2538 2555 2570 2563 2539 2517 2511 2519 2525 2519 2503 2491 2480 2472 2451 2420 2384 2366 2363 2359 2351 2351 2351 2345 2323 2311 2311 2307 2295 2286 2288 2310 2340 2378 2406 2431 2451 2445 2430 2408 2389 2358 2315 2286 2250 2225 2200 2181 2159 2143 2121 2107 2096 2092 2089 2095 2117 2119
2683 2679 2670 2660 2655 2644 2624 2599 2578 2561 2551 2540 2527 2521 2525 2524 2522 2517 2505 2486 2476 2482 2468 2461 2478 2512 2543 2574 2604 2602 2576 2550 2536 2532 2524 2514 2501 2484 2468 2463 2458 2443 2420 2411 2410 2413 2414 2409 2401 2384 2370 2358 2356 2348 2330 2315 2311 2327 2346 2374 2396 2420 2439 2433 2407 2385 2357 2328 2284 2248 2220 2197 2174 2160 2149 2131 2117 2103 2108 2117 2125 2136 2133 2117
2697 2693 2680 2669 2659 2640 2619 2602 2593 2584 2576 2561 2543 2548 2564 2566 2548 2537 2527 2515 2511 2509 2500 2497 2503 2511 2541 2574 2606 2615 2599 2580 2562 2546 2533 2518 2498 2487 2475 2461 2449 2445 2432 2422 2422 2426 2433 2426 2410 2401 2399 2392 2381 2367 2356 2350 2353 2362 2379 2401 2415 2422 2435 2423 2396 2372 2331 2303 2271 2237 2209 2189 2176 2166 2162 2150 2136 2115 2127 2141 2142 2139 2128 2115
2696 2690 2675 2666 2655 2645 2637 2637 2633 2622 2612 2592 2574 2579 2594 2601 2590 2574 2564 2549 2540 2532 2524 2526 2531 2527 2550 2581 2614 2630 2623 2602 2583 2566 2551 2534 2513 2496 2480 2464 2450 2434 2426 2421 2416 2412 2410 2405 2391 2384 2383 2382 2374 2366 2360 2367 2380 2397 2416 2435 2443 2436 2436 2426 2400 2375 2332 2298 2275 2252 2240 2216 2203 2178 2171 2163 2143 2127 2139 2151 2152 2145 2131 2113
2680 2675 2667 2661 2655 2653 2652 2659 2657 2648 2635 2617 2612 2618 2629 2638 2632 2614 2599 2584 2574 2564 2555 2554 2553 2553 2571 2594 2621 2649 2655 2627 2608 2585 2569 2546 2524 2500 2483 2469 2453 2441 2431 2423 2419 2415 2413 2406 2398 2383 2370 2359 2358 2359 2359 2373 2395 2419 2444 2456 2454 2441 2433 2419 2396 2371 2341 2319 2310 2294 2280 2257 2230 2185 2159 2147 2142 2146 2168 2165 2154 2146 2130 2117
2665 2662 2656 2648 2640 2643 2652 2658 2661 2656 2650 2644 2646 2648 2657 2663 2657 2652 2637 2621 2616 2603 2590 2584 2581 2576 2587 2613 2644 2673 2674 2649 2625 2599 2576 2553 2528 2510 2490 2471 2461 2445 2434 2426 2423 2429 2437 2430 2413 2388 2367 2353 2345 2348 2361 2380 2402 2429 2458 2472 2461 2451 2441 2432 2408 2391 2370 2351 2347 2329 2307 2279 2245 2189 2161 2171 2187 2198 2198 2186 2164 2150 2134 2122
2653 2643 2633 2623 2618 2627 2639 2650 2660 2669 2674 2675 2672 2674 2679 2684 2695 2693 2684 2673 2668 2647 2623 2613 2608 2599 2608 2637 2669 2695 2691 2658 2633 2605 2581 2559 2540 2521 2497 2475 2463 2449 2434 2421 2418 2419 2428 2428 2411 2387 2365 2349 2340 2341 2354 2376 2397 2428 2464 2480 2474 2471 2456 2449 2438 2416 2395 2375 2362 2333 2306 2283 2264 2213 2174 2186 2212 2220 2223 2208 2181 2153 2132 2133
2640 2626 2612 2600 2600 2612 2633 2648 2661 2674 2686 2693 2695 2698 2708 2717 2725 2727 2721 2715 2707 2690 2665 2645 2630 2626 2637 2658 2693 2712 2694 2661 2631 2606 2587 2569 2547 2532 2505 2481 2467 2457 2438 2418 2409 2404 2404 2411 2402 2379 2359 2344 2331 2333 2355 2373 2392 2415 2451 2474 2479 2481 2468 2453 2440 2417 2386 2356 2335 2308 2280 2263 2256 2225 2190 2188 2216 2237 2249 2226 2190 2161 2145 2144
2626 2613 2600 2587 2593 2612 2632 2646 2660 2677 2696 2713 2722 2729 2736 2740 2743 2745 2742 2734 2721 2704 2682 2660 2651 2656 2663 2683 2711 2719 2693 2659 2625 2601 2579 2556 2541 2522 2502 2481 2460 2455 2440 2417 2403 2391 2382 2386 2386 2366 2348 2334 2322 2321 2337 2356 2371 2393 2416 2439 2452 2459 2450 2424 2404 2380 2356 2324 2297 2274 2249 2241 2236 2222 2202 2194 2217 2247 2264 2234 2196 2164 2149 2148
2612 2601 2588 2577 2580 2599 2617 2635 2656 2680 2706 2730 2744 2750 2748 2751 2750 2749 2746 2739 2726 2711 2692 2679 2675 2682 2696 2714 2729 2726 2700 2663 2623 2592 2570 2553 2533 2508 2492 2477 2457 2441 2427 2408 2396 2380 2365 2361 2361 2347 2336 2327 2318 2312 2316 2329 2351 2363 2377 2400 2430 2449 2429 2395 2365 2341 2320 2293 2270 2252 2232 2222 2214 2207 2211 2220 2238 2261 2267 2236 2199 2166 2155 2159
2596 2590 2578 2567 2575 2592 2606 2626 2648 2675 2707 2738 2759 2764 2766 2765 2759 2750 2742 2730 2717 2701 2690 2682 2687 2708 2729 2743 2754 2738 2697 2661 2625 2596 2576 2559 2539 2509 2489 2476 2457 2440 2428 2413 2397 2375 2363 2359 2364 2365 2360 2351 2338 2324 2313 2309 2324 2335 2349 2374 2410 2424 2404 2377 2344 2318 2297 2274 2255 2237 2225 2216 2218 2232 2255 2264 2268 2278 2269 2234 2197 2168 2164 2168
2583 2573 2562 2556 2570 2580 2590 2613 2641 2677 2718 2753 2774 2781 2781 2782 2768 2752 2740 2729 2711 2690 2673 2668 2679 2705 2732 2754 2764 2740 2695 2656 2621 2593 2571 2556 2534 2509 2489 2471 2453 2437 2423 2410 2393 2381 2373 2377 2393 2402 2395 2376 2355 2338 2319 2305 2303 2314 2331 2355 2381 2401 2403 2374 2339 2308 2285 2264 2249 2235 2220 2219 2239 2264 2283 2282 2288 2291 2273 2232 2200 2178 2178 2182
2578 2567 2555 2545 2554 2562 2581 2608 2639 2678 2719 2747 2763 2772 2781 2781 2761 2742 2732 2725 2703 2678 2653 2647 2663 2685 2717 2746 2762 2733 2694 2652 2619 2592 2568 2547 2526 2505 2487 2474 2456 2440 2425 2413 2406 2398 2390 2397 2415 2425 2410 2387 2365 2346 2326 2311 2299 2298 2312 2339 2362 2377 2382 2362 2334 2306 2279 2259 2245 2229 2221 2232 2258 2282 2288 2289 2306 2299 2274 2240 2210 2191 2191 2191
2563 2559 2554 2539 2536 2553 2569 2592 2627 2666 2700 2719 2732 2742 2752 2752 2738 2719 2717 2712 2693 2664 2642 2627 2643 2667 2696 2728 2752 2735 2696 2652 2618 2594 2568 2546 2529 2512 2495 2485 2477 2467 2448 2430 2421 2407 2401 2408 2424 2432 2418 2394 2374 2355 2336 2311 2297 2286 2296 2318 2333 2343 2348 2337 2316 2292 2272 2255 2239 2229 2231 2247 2267 2287 2295 2313 2329 2308 2284 2251 2221 2204 2205 2193
2549 2543 2542 2536 2528 2535 2553 2580 2612 2650 2677 2690 2702 2706 2712 2710 2697 2681 2679 2684 2676 2650 2624 2608 2618 2644 2673 2712 2735 2732 2702 2658 2621 2593 2574 2554 2538 2522 2512 2507 2495 2479 2458 2435 2411 2396 2397 2411 2435 2441 2426 2396 2378 2358 2342 2322 2301 2286 2280 2288 2297 2306 2307 2303 2287 2271 2258 2245 2236 2231 2239 2264 2286 2293 2312 2339 2341 2324 2297 2264 2240 2226 2211 2198
2534 2531 2528 2526 2521 2517 2536 2558 2587 2620 2645 2659 2670 2676 2674 2667 2652 2638 2636 2648 2648 2631 2609 2592 2599 2626 2660 2696 2707 2695 2676 2643 2611 2588 2577 2565 2546 2527 2514 2508 2489 2464 2437 2416 2390 2375 2387 2410 2434 2428 2415 2392 2377 2372 2357 2339 2317 2297 2282 2270 2267 2271 2274 2271 2264 2252 2241 2233 2232 2237 2251 2285 2315 2321 2332 2348 2349 2336 2312 2281 2259 2247 2235 2218
2530 2525 2521 2519 2513 2509 2518 2538 2562 2583 2598 2615 2635 2645 2640 2627 2608 2593 2594 2612 2623 2614 2589 2568 2579 2610 2649 2673 2669 2648 2627 2608 2587 2575 2576 2569 2544 2519 2502 2498 2482 2452 2419 2393 2371 2356 2376 2407 2415 2399 2381 2366 2364 2369 2366 2348 2324 2301 2284 2271 2262 2257 2253 2247 2243 2241 2236 2238 2245 2250 2263 2288 2316 2337 2348 2347 2347 2336 2315 2298 2283 2270 2253 2229
2526 2521 2517 2512 2509 2504 2504 2520 2535 2547 2559 2578 2597 2608 2606 2586 2573 2560 2561 2578 2591 2590 2571 2552 2565 2594 2626 2634 2622 2604 2583 2565 2553 2553 2565 2556 2528 2498 2481 2483 2476 2450 2419 2381 2353 2343 2360 2389 2391 2373 2351 2331 2330 2336 2341 2340 2327 2310 2293 2281 2266 2255 2257 2253 2249 2248 2248 2253 2254 2263 2282 2300 2324 2344 2353 2348 2334 2326 2310 2292 2287 2280 2254 2231
2516 2515 2510 2505 2505 2504 2499 2500 2510 2521 2530 2548 2563 2570 2569 2554 2545 2543 2535 2548 2563 2569 2554 2537 2541 2565 2582 2583 2575 2559 2543 2534 2525 2533 2550 2539 2505 2474 2453 2457 2457 2444 2411 2375 2344 2331 2343 2370 2371 2348 2327 2309 2300 2302 2304 2313 2316 2303 2283 2270 2260 2269 2286 2280 2270 2262 2260 2258 2262 2272 2290 2314 2332 2343 2356 2356 2338 2320 2300 2288 2280 2270 2250 2241
2510 2505 2503 2502 2499 2495 2491 2487 2492 2503 2511 2524 2541 2549 2541 2530 2526 2524 2515 2523 2541 2549 2540 2524 2516 2527 2536 2542 2535 2521 2515 2506 2502 2520 2534 2513 2479 2448 2425 2419 2419 2416 2392 2362 2349 2337 2336 2355 2344 2323 2302 2297 2291 2285 2283 2287 2288 2283 2273 2270 2273 2286 2291 2285 2274 2267 2265 2271 2282 2292 2302 2321 2339 2356 2374 2368 2336 2310 2291 2280 2271 2261 2259 2264
2514 2525 2533 2528 2523 2514 2505 2493 2488 2487 2493 2508 2524 2530 2523 2510 2505 2504 2498 2505 2520 2529 2529 2521 2504 2494 2496 2500 2495 2489 2489 2482 2490 2512 2517 2492 2456 2421 2399 2389 2382 2384 2371 2357 2362 2345 2321 2329 2324 2310 2313 2308 2303 2293 2293 2298 2289 2288 2287 2288 2293 2294 2289 2280 2275 2270 2274 2288 2301 2313 2324 2334 2348 2371 2400 2383 2341 2309 2286 2273 2269 2268 2276 2282
2532 2543 2547 2544 2538 2530 2519 2511 2499 2486 2480 2489 2503 2513 2509 2499 2488 2483 2486 2500 2512 2523 2524 2515 2504 2488 2478 2471 2469 2470 2471 2464 2473 2489 2492 2470 2440 2405 2393 2408 2401 2382 2367 2368 2365 2351 2341 2329 2331 2336 2336 2326 2305 2297 2311 2326 2327 2321 2302 2298 2301 2296 2290 2286 2280 2276 2282 2296 2307 2323 2333 2344 2354 2372 2387 2373 2341 2308 2283 2277 2272 2282 2301 2308
2541 2542 2539 2536 2532 2526 2521 2519 2518 2506 2486 2479 2492 2497 2491 2486 2480 2472 2477 2489 2498 2511 2512 2511 2501 2485 2472 2461 2450 2449 2451 2451 2453 2463 2463 2438 2412 2397 2407 2426 2437 2425 2411 2396 2372 2368 2369 2367 2377 2369 2350 2331 2314 2311 2325 2335 2336 2327 2313 2305 2305 2303 2299 2295 2292 2290 2290 2307 2320 2329 2338 2345 2349 2364 2365 2350 2331 2310 2288 2278 2281 2294 2319 2330
2533 2527 2522 2521 2517 2514 2511 2506 2507 2500 2492 2479 2476 2478 2479 2479 2477 2467 2461 2467 2477 2484 2492 2500 2496 2482 2467 2452 2441 2438 2438 2439 2433 2439 2438 2416 2408 2423 2440 2446 2448 2446 2435 2410 2389 2390 2393 2395 2398 2382 2356 2335 2322 2317 2323 2328 2329 2325 2320 2320 2322 2317 2312 2306 2300 2299 2299 2309 2321 2331 2338 2337 2333 2337 2339 2334 2322 2300 2289 2285 2282 2296 2319 2335
2517 2512 2506 2501 2500 2497 2494 2489 2486 2482 2479 2477 2471 2465 2463 2465 2464 2457 2450 2451 2455 2459 2467 2476 2476 2467 2451 2436 2427 2426 2425 2424 2418 2418 2415 2417 2439 2459 2461 2457 2453 2448 2433 2410 2405 2417 2418 2419 2412 2392 2363 2344 2331 2324 2326 2333 2338 2337 2334 2341 2348 2345 2335 2323 2316 2309 2303 2313 2325 2335 2336 2329 2323 2319 2318 2317 2306 2298 2298 2295 2287 2294 2310 2323
2508 2502 2495 2491 2489 2490 2487 2478 2471 2466 2462 2461 2460 2458 2454 2452 2452 2450 2452 2453 2451 2446 2444 2443 2450 2442 2435 2430 2428 2436 2438 2438 2439 2441 2433 2433 2451 2462 2463 2464 2464 2457 2442 2424 2432 2442 2438 2436 2425 2404 2377 2361 2344 2335 2341 2350 2356 2353 2352 2367 2374 2377 2366 2344 2329 2317 2315 2329 2350 2367 2352 2332 2322 2313 2309 2307 2299 2298 2301 2300 2293 2298 2311 2320
2511 2502 2494 2487 2480 2481 2477 2473 2470 2466 2465 2459 2455 2450 2454 2463 2471 2474 2471 2467 2459 2454 2447 2437 2433 2428 2426 2432 2444 2454 2460 2471 2477 2468 2454 2449 2453 2459 2469 2477 2480 2472 2459 2456 2462 2464 2467 2464 2452 2425 2401 2376 2360 2349 2351 2358 2369 2370 2367 2379 2385 2388 2381 2356 2337 2322 2325 2347 2377 2391 2371 2341 2317 2307 2304 2300 2301 2306 2306 2303 2299 2306 2323 2338
2511 2504 2499 2487 2480 2481 2481 2479 2477 2472 2471 2467 2464 2463 2472 2487 2496 2492 2488 2479 2470 2459 2450 2443 2437 2430 2434 2439 2455 2463 2478 2501 2507 2488 2472 2472 2469 2474 2485 2496 2500 2491 2487 2493 2490 2496 2504 2498 2483 2453 2426 2400 2388 2377 2366 2364 2373 2381 2386 2395 2397 2394 2386 2367 2350 2337 2339 2362 2386 2394 2377 2343 2319 2306 2299 2298 2302 2307 2311 2310 2308 2308 2326 2348
2509 2507 2510 2503 2494 2488 2489 2485 2480 2474 2471 2469 2468 2466 2472 2478 2480 2479 2481 2481 2473 2461 2454 2445 2437 2433 2435 2445 2456 2469 2488 2510 2521 2508 2496 2490 2485 2487 2503 2515 2522 2523 2526 2532 2532 2532 2523 2512 2492 2462 2434 2417 2406 2392 2379 2375 2379 2387 2398 2407 2407 2402 2397 2387 2375 2361 2359 2376 2400 2396 2372 2341 2319 2310 2309 2308 2316 2325 2331 2329 2322 2315 2327 2356
2518 2516 2514 2511 2506 2498 2497 2492 2485 2480 2478 2474 2472 2471 2475 2476 2474 2471 2466 2466 2466 2459 2456 2450 2442 2446 2454 2466 2474 2478 2487 2502 2518 2519 2518 2512 2501 2506 2524 2541 2548 2549 2553 2549 2548 2532 2517 2496 2479 2454 2429 2411 2402 2390 2384 2386 2389 2395 2407 2415 2412 2411 2402 2392 2383 2369 2361 2365 2377 2372 2355 2338 2324 2322 2322 2323 2326 2335 2339 2337 2328 2323 2339 2370
2529 2527 2526 2525 2521 2516 2513 2505 2490 2485 2483 2481 2478 2478 2478 2478 2477 2475 2469 2462 2458 2454 2452 2452 2459 2474 2482 2489 2493 2496 2498 2506 2519 2527 2528 2524 2515 2519 2533 2543 2546 2546 2539 2540 2539 2524 2506 2479 2458 2434 2415 2400 2396 2391 2377 2378 2383 2392 2400 2406 2405 2404 2397 2381 2374 2361 2350 2344 2345 2348 2343 2335 2329 2329 2333 2334 2334 2339 2343 2342 2331 2330 2352 2385
2549 2544 2537 2531 2525 2522 2519 2513 2499 2493 2488 2486 2484 2481 2481 2479 2478 2475 2467 2461 2456 2449 2449 2461 2477 2490 2504 2512 2514 2513 2511 2511 2516 2521 2524 2522 2521 2524 2526 2525 2527 2524 2518 2521 2516 2501 2484 2460 2436 2415 2395 2380 2381 2384 2369 2366 2372 2382 2390 2396 2395 2391 2382 2369 2365 2352 2343 2336 2330 2328 2330 2334 2336 2339 2341 2344 2346 2352 2355 2350 2338 2339 2354 2390
2568 2558 2549 2538 2531 2525 2522 2515 2507 2500 2496 2491 2490 2486 2482 2480 2475 2472 2464 2460 2453 2452 2464 2477 2491 2501 2512 2526 2532 2526 2519 2512 2509 2509 2510 2511 2510 2512 2508 2507 2509 2505 2501 2496 2486 2474 2462 2441 2416 2393 2380 2364 2357 2364 2356 2353 2361 2369 2378 2383 2376 2364 2355 2348 2341 2339 2335 2327 2323 2320 2308 2314 2324 2332 2341 2354 2362 2367 2372 2365 2355 2348 2355 2385
