docs/source/tutorials/network_sediment_transporter/.bmi_topography/SRTMGL3_40.09_-105.55_40.209999999999994_-105.35000000000001.asc
ncols        240
nrows        144
xllcorner    -105.550416666684
yllcorner    40.090416666671
cellsize     0.000833333333
NODATA_value 0
[rows 76 to 113 of 144, columns 84 to 167 of 240]
2540 2540 2542 2550 2551 2551 2542 2527 2509 2491 2469 2445 2433 2434 2442 2455 2457 2466 2486 2507 2521 2519 2520 2536 2567 2589 2608 2623 2629 2630 2631 2630 2628 2628 2628 2630 2632 2630 2628 2626 2616 2605 2592 2577 2563 2550 2539 2526 2502 2479 2455 2452 2484 2503 2517 2523 2523 2515 2504 2496 2486 2487 2516 2537 2548 2557 2563 2566 2570 2572 2572 2563 2551 2542 2530 2518 2509 2501 2498 2496 2483 2469 2455 2436
2526 2530 2531 2538 2546 2548 2529 2503 2484 2469 2452 2436 2438 2451 2467 2475 2482 2487 2501 2521 2539 2552 2554 2551 2553 2574 2600 2621 2628 2626 2625 2626 2625 2623 2622 2627 2633 2634 2630 2619 2610 2597 2583 2570 2555 2539 2531 2518 2492 2466 2452 2468 2490 2505 2517 2527 2530 2528 2523 2516 2511 2511 2530 2544 2551 2561 2568 2568 2568 2569 2567 2558 2546 2534 2523 2516 2507 2496 2483 2481 2469 2460 2454 2460
2499 2508 2503 2495 2501 2500 2479 2456 2447 2447 2444 2444 2457 2468 2481 2499 2511 2524 2538 2558 2579 2593 2598 2593 2585 2582 2592 2614 2622 2622 2621 2624 2625 2621 2619 2622 2628 2628 2626 2614 2602 2587 2572 2556 2536 2525 2513 2496 2475 2458 2465 2487 2503 2509 2520 2531 2542 2545 2540 2535 2540 2541 2550 2558 2560 2564 2568 2571 2569 2562 2557 2547 2537 2527 2519 2510 2501 2493 2487 2485 2477 2479 2489 2500
2475 2479 2470 2464 2464 2458 2456 2461 2470 2481 2485 2485 2493 2498 2511 2530 2545 2564 2583 2594 2604 2611 2614 2613 2611 2605 2602 2608 2613 2609 2609 2608 2607 2608 2610 2608 2616 2616 2611 2603 2588 2579 2565 2551 2545 2539 2525 2499 2472 2466 2498 2518 2522 2522 2526 2532 2545 2555 2552 2558 2570 2575 2577 2576 2569 2564 2563 2562 2562 2557 2551 2541 2530 2524 2514 2507 2506 2507 2504 2499 2493 2495 2514 2532
2495 2489 2483 2478 2476 2482 2499 2515 2533 2542 2540 2533 2528 2530 2536 2559 2585 2598 2617 2626 2626 2626 2625 2624 2620 2616 2618 2615 2613 2609 2605 2597 2590 2584 2586 2587 2593 2597 2595 2584 2578 2579 2579 2572 2559 2545 2531 2501 2467 2482 2510 2526 2532 2537 2542 2547 2548 2554 2565 2579 2595 2603 2599 2589 2576 2569 2563 2557 2552 2548 2544 2538 2531 2523 2519 2519 2523 2522 2516 2511 2505 2507 2528 2551
2549 2533 2527 2524 2524 2542 2559 2576 2590 2588 2583 2571 2566 2565 2572 2585 2607 2629 2641 2643 2643 2643 2638 2635 2632 2630 2628 2625 2620 2618 2616 2610 2602 2584 2566 2560 2561 2567 2571 2561 2554 2561 2572 2575 2566 2545 2529 2492 2467 2485 2506 2523 2531 2542 2555 2561 2563 2564 2572 2588 2606 2620 2614 2600 2585 2573 2566 2560 2557 2549 2548 2546 2543 2535 2530 2532 2532 2529 2526 2523 2518 2514 2526 2540
2594 2578 2562 2554 2559 2576 2588 2600 2610 2608 2603 2603 2604 2609 2616 2620 2623 2638 2650 2658 2659 2654 2650 2645 2643 2643 2636 2634 2634 2630 2627 2625 2613 2594 2570 2548 2538 2541 2541 2536 2528 2528 2535 2544 2548 2539 2522 2493 2475 2475 2502 2518 2530 2546 2557 2562 2571 2578 2585 2590 2602 2617 2619 2608 2597 2579 2567 2558 2556 2553 2551 2552 2549 2545 2539 2537 2535 2528 2523 2526 2518 2504 2504 2503
2634 2618 2601 2592 2589 2603 2612 2614 2618 2625 2630 2633 2637 2645 2655 2656 2656 2656 2659 2661 2662 2657 2653 2652 2654 2655 2649 2646 2643 2641 2635 2627 2611 2585 2564 2556 2566 2566 2563 2554 2546 2535 2523 2518 2515 2513 2499 2482 2475 2486 2509 2525 2531 2544 2555 2562 2570 2576 2588 2593 2599 2613 2620 2607 2591 2577 2563 2544 2538 2544 2549 2548 2547 2546 2548 2542 2516 2496 2499 2504 2494 2472 2464 2462
2665 2653 2640 2638 2628 2633 2638 2639 2642 2648 2650 2658 2664 2672 2679 2677 2673 2673 2671 2669 2665 2660 2659 2660 2661 2660 2654 2651 2649 2641 2632 2619 2596 2573 2567 2586 2599 2597 2591 2583 2579 2569 2556 2541 2522 2499 2485 2479 2493 2513 2526 2535 2542 2549 2557 2565 2573 2579 2582 2589 2596 2601 2600 2583 2569 2573 2559 2530 2511 2511 2518 2522 2522 2526 2537 2519 2489 2460 2456 2465 2458 2442 2425 2425
2700 2693 2676 2669 2662 2665 2663 2665 2672 2674 2679 2684 2690 2695 2696 2690 2685 2681 2679 2675 2669 2667 2663 2658 2653 2647 2642 2638 2634 2626 2617 2598 2580 2577 2597 2612 2617 2614 2614 2609 2598 2591 2578 2555 2528 2500 2484 2488 2508 2517 2529 2538 2543 2553 2567 2575 2582 2585 2588 2590 2590 2589 2579 2562 2544 2550 2546 2519 2489 2473 2474 2481 2482 2487 2497 2485 2457 2430 2419 2427 2422 2411 2397 2397
2691 2693 2691 2687 2685 2689 2690 2690 2690 2693 2700 2708 2713 2710 2703 2695 2689 2681 2676 2672 2670 2665 2657 2651 2643 2638 2631 2628 2621 2614 2600 2586 2585 2603 2618 2621 2624 2628 2628 2616 2604 2594 2578 2555 2521 2490 2487 2492 2501 2510 2524 2540 2552 2559 2572 2581 2587 2590 2590 2590 2590 2585 2576 2560 2535 2519 2511 2495 2473 2450 2440 2438 2436 2442 2453 2445 2427 2409 2391 2388 2384 2381 2374 2376
2695 2702 2702 2699 2700 2702 2703 2706 2702 2704 2711 2719 2718 2706 2694 2687 2682 2674 2670 2666 2661 2655 2650 2646 2639 2638 2635 2626 2616 2599 2589 2592 2605 2620 2627 2627 2626 2623 2620 2615 2604 2596 2585 2561 2536 2504 2491 2488 2494 2515 2536 2555 2568 2576 2582 2587 2586 2586 2585 2586 2583 2573 2563 2544 2531 2515 2511 2507 2487 2462 2445 2439 2423 2416 2414 2408 2399 2389 2385 2382 2368 2358 2357 2360
2693 2703 2712 2714 2713 2709 2709 2710 2706 2704 2705 2708 2713 2702 2686 2682 2677 2670 2665 2661 2659 2656 2653 2653 2647 2643 2636 2624 2612 2605 2614 2624 2627 2627 2628 2627 2625 2620 2616 2613 2612 2609 2600 2579 2561 2539 2519 2500 2495 2519 2545 2568 2583 2597 2604 2603 2596 2591 2588 2588 2583 2570 2560 2561 2561 2555 2550 2546 2518 2476 2462 2470 2459 2440 2425 2417 2418 2422 2422 2410 2394 2374 2353 2348
2685 2694 2707 2718 2713 2708 2708 2706 2703 2699 2691 2687 2688 2680 2675 2675 2674 2667 2662 2659 2660 2659 2658 2656 2655 2648 2636 2629 2629 2634 2638 2638 2634 2631 2633 2632 2626 2620 2621 2626 2628 2620 2606 2589 2571 2550 2521 2498 2506 2538 2558 2575 2588 2596 2603 2602 2598 2598 2596 2590 2585 2576 2581 2597 2603 2593 2574 2546 2515 2488 2478 2494 2493 2466 2446 2448 2462 2465 2450 2427 2403 2378 2360 2347
2700 2704 2706 2708 2707 2705 2706 2705 2702 2698 2690 2686 2682 2673 2672 2672 2674 2680 2681 2671 2665 2665 2664 2660 2656 2649 2643 2648 2648 2651 2649 2645 2638 2638 2636 2633 2631 2631 2636 2637 2631 2616 2596 2576 2557 2538 2513 2496 2512 2543 2563 2575 2581 2585 2593 2596 2597 2600 2597 2592 2588 2594 2603 2616 2625 2617 2601 2561 2523 2496 2502 2520 2517 2485 2470 2482 2502 2497 2466 2428 2396 2387 2382 2367
2722 2728 2727 2719 2712 2705 2699 2698 2696 2691 2686 2680 2676 2675 2678 2677 2679 2686 2690 2681 2672 2667 2666 2663 2660 2658 2658 2659 2658 2658 2652 2646 2642 2642 2640 2639 2641 2643 2645 2644 2628 2613 2593 2576 2564 2545 2529 2508 2501 2521 2543 2558 2571 2581 2592 2598 2601 2604 2600 2598 2600 2605 2614 2622 2625 2622 2612 2581 2543 2509 2517 2542 2541 2513 2505 2520 2530 2504 2465 2423 2411 2418 2411 2382
2726 2727 2719 2712 2702 2695 2692 2687 2684 2682 2680 2670 2665 2668 2677 2679 2680 2680 2681 2682 2678 2674 2673 2671 2670 2671 2674 2669 2665 2661 2655 2652 2650 2650 2648 2647 2648 2652 2647 2636 2623 2609 2595 2583 2571 2558 2537 2513 2513 2529 2547 2563 2576 2588 2593 2601 2611 2613 2606 2606 2607 2610 2618 2626 2629 2618 2599 2574 2543 2518 2535 2562 2567 2548 2546 2547 2533 2503 2463 2442 2449 2448 2428 2387
2713 2711 2706 2701 2697 2688 2678 2675 2681 2682 2674 2661 2659 2667 2672 2673 2677 2677 2675 2678 2680 2680 2679 2679 2680 2679 2678 2673 2672 2667 2662 2658 2656 2656 2655 2657 2658 2656 2648 2634 2620 2603 2592 2580 2572 2564 2544 2516 2517 2539 2560 2574 2588 2601 2604 2605 2608 2611 2607 2607 2610 2613 2621 2629 2624 2616 2599 2573 2546 2529 2553 2584 2589 2578 2563 2546 2525 2501 2476 2471 2485 2478 2444 2411
2705 2707 2708 2705 2699 2693 2680 2666 2666 2669 2662 2654 2659 2669 2673 2675 2677 2675 2673 2678 2684 2686 2683 2683 2681 2680 2681 2678 2677 2675 2671 2669 2664 2663 2661 2661 2660 2659 2649 2635 2621 2607 2597 2585 2572 2561 2538 2516 2519 2556 2573 2588 2599 2607 2608 2603 2601 2602 2602 2604 2606 2610 2615 2615 2612 2612 2598 2575 2551 2547 2570 2591 2595 2579 2554 2528 2512 2498 2495 2499 2505 2493 2469 2439
2708 2706 2705 2698 2689 2684 2677 2670 2658 2651 2645 2649 2666 2672 2674 2672 2671 2673 2675 2676 2677 2678 2678 2677 2679 2684 2688 2688 2683 2682 2679 2677 2673 2667 2661 2655 2654 2654 2650 2640 2627 2614 2604 2584 2565 2538 2522 2526 2544 2573 2591 2604 2613 2610 2601 2597 2593 2598 2601 2602 2604 2605 2605 2605 2608 2609 2600 2577 2560 2565 2577 2590 2588 2574 2556 2550 2537 2518 2498 2483 2468 2463 2458 2435
2699 2695 2690 2677 2671 2669 2667 2665 2658 2645 2637 2653 2664 2668 2674 2676 2675 2672 2668 2671 2671 2667 2664 2662 2668 2677 2681 2683 2683 2680 2678 2676 2671 2665 2660 2654 2652 2650 2646 2640 2629 2616 2600 2576 2550 2526 2530 2543 2557 2574 2591 2601 2603 2597 2591 2588 2586 2597 2604 2605 2605 2603 2604 2607 2608 2603 2597 2584 2578 2588 2592 2593 2593 2591 2588 2578 2548 2513 2476 2449 2426 2417 2419 2402
2668 2664 2658 2653 2650 2646 2646 2648 2641 2629 2635 2645 2652 2660 2674 2684 2687 2687 2683 2675 2672 2668 2656 2647 2654 2667 2672 2677 2679 2676 2673 2668 2666 2664 2658 2657 2654 2649 2644 2641 2629 2610 2594 2575 2549 2525 2523 2526 2538 2562 2575 2579 2583 2580 2578 2582 2592 2599 2602 2602 2601 2601 2604 2610 2608 2606 2603 2596 2593 2600 2604 2607 2602 2584 2576 2573 2555 2519 2489 2456 2424 2396 2385 2371
2640 2638 2633 2630 2628 2624 2625 2625 2622 2619 2624 2631 2637 2645 2663 2676 2680 2677 2677 2677 2674 2670 2659 2643 2642 2653 2658 2668 2670 2665 2663 2660 2659 2657 2654 2651 2648 2647 2644 2639 2628 2614 2602 2591 2574 2555 2544 2534 2531 2545 2555 2560 2567 2569 2575 2586 2601 2603 2597 2595 2596 2600 2607 2612 2610 2610 2607 2605 2600 2601 2605 2601 2581 2551 2532 2530 2532 2518 2487 2469 2438 2402 2370 2365
2647 2636 2633 2634 2632 2626 2620 2613 2612 2611 2610 2611 2612 2618 2634 2647 2654 2657 2658 2662 2663 2664 2659 2648 2634 2632 2638 2648 2654 2653 2651 2650 2653 2655 2651 2643 2639 2640 2639 2637 2630 2622 2614 2604 2589 2577 2561 2539 2539 2557 2572 2577 2582 2586 2590 2597 2604 2606 2605 2605 2604 2610 2616 2620 2617 2616 2609 2608 2608 2607 2605 2596 2579 2547 2511 2492 2486 2481 2462 2437 2416 2403 2391 2402
2644 2635 2635 2640 2640 2637 2631 2626 2625 2619 2618 2615 2613 2608 2609 2615 2623 2633 2634 2636 2641 2646 2643 2639 2634 2627 2619 2620 2629 2631 2635 2642 2648 2649 2645 2637 2632 2632 2631 2632 2628 2621 2614 2601 2586 2568 2549 2535 2553 2580 2591 2592 2594 2594 2596 2599 2602 2603 2608 2612 2614 2614 2618 2620 2615 2615 2612 2613 2616 2620 2620 2608 2591 2563 2527 2491 2464 2451 2443 2443 2445 2442 2441 2452
2644 2638 2640 2639 2635 2632 2627 2623 2621 2616 2616 2615 2613 2613 2609 2603 2601 2604 2608 2610 2613 2619 2622 2625 2627 2625 2620 2607 2603 2611 2627 2637 2643 2644 2639 2634 2628 2621 2619 2615 2613 2609 2602 2592 2579 2561 2544 2544 2568 2577 2582 2586 2589 2595 2601 2603 2605 2610 2613 2615 2618 2620 2622 2618 2616 2615 2613 2612 2613 2617 2620 2610 2592 2564 2528 2491 2469 2470 2482 2492 2499 2501 2496 2508
2652 2648 2646 2643 2635 2630 2624 2619 2611 2608 2607 2605 2607 2611 2612 2604 2595 2587 2587 2589 2591 2599 2610 2620 2624 2621 2618 2610 2596 2598 2611 2624 2631 2631 2628 2627 2622 2615 2608 2603 2599 2593 2584 2570 2553 2544 2543 2543 2558 2566 2573 2584 2596 2601 2605 2606 2606 2610 2615 2616 2617 2622 2625 2621 2621 2618 2613 2609 2609 2606 2608 2591 2573 2547 2518 2502 2500 2504 2527 2552 2561 2555 2541 2552
2661 2653 2648 2644 2636 2631 2627 2617 2609 2605 2601 2598 2597 2597 2601 2596 2587 2585 2583 2581 2579 2583 2591 2607 2619 2619 2618 2611 2602 2587 2589 2598 2606 2609 2612 2613 2610 2603 2598 2593 2587 2576 2560 2546 2546 2549 2557 2555 2560 2565 2571 2578 2587 2595 2599 2603 2606 2610 2615 2619 2621 2623 2626 2623 2624 2622 2622 2622 2618 2618 2608 2583 2568 2554 2546 2543 2546 2552 2564 2580 2604 2599 2579 2571
2658 2651 2645 2640 2633 2629 2622 2612 2608 2603 2597 2596 2594 2591 2591 2590 2590 2593 2584 2583 2582 2578 2575 2583 2596 2602 2605 2598 2591 2586 2581 2577 2582 2594 2599 2601 2601 2597 2588 2581 2573 2557 2547 2545 2552 2565 2573 2575 2579 2579 2580 2579 2586 2592 2595 2600 2604 2610 2615 2620 2622 2624 2620 2615 2619 2628 2637 2646 2648 2638 2625 2610 2602 2592 2593 2595 2587 2591 2605 2618 2627 2622 2597 2572
2656 2650 2645 2644 2640 2634 2627 2618 2608 2601 2597 2597 2599 2599 2610 2618 2614 2606 2598 2592 2589 2585 2579 2576 2575 2576 2575 2574 2570 2569 2572 2569 2566 2571 2573 2578 2586 2587 2579 2566 2554 2547 2549 2562 2573 2590 2600 2599 2596 2592 2589 2591 2592 2597 2600 2603 2608 2615 2618 2617 2618 2618 2608 2600 2611 2627 2641 2650 2653 2645 2637 2631 2623 2612 2613 2621 2627 2633 2634 2637 2632 2630 2605 2564
2642 2641 2642 2645 2643 2637 2625 2612 2603 2601 2606 2616 2620 2620 2629 2635 2632 2622 2612 2605 2598 2594 2588 2583 2581 2582 2577 2577 2572 2568 2564 2563 2561 2561 2558 2556 2559 2562 2557 2552 2548 2554 2574 2588 2592 2602 2612 2612 2611 2609 2607 2605 2605 2603 2603 2604 2605 2606 2604 2606 2610 2609 2598 2586 2595 2612 2621 2631 2636 2638 2638 2631 2616 2602 2606 2623 2635 2640 2619 2601 2593 2597 2595 2559
2627 2628 2631 2634 2633 2629 2618 2605 2604 2609 2621 2632 2637 2640 2642 2644 2642 2632 2624 2619 2612 2606 2601 2599 2599 2611 2611 2601 2594 2585 2575 2568 2563 2563 2561 2554 2554 2552 2553 2560 2572 2585 2599 2605 2602 2604 2610 2615 2618 2618 2618 2615 2610 2607 2606 2601 2594 2592 2594 2597 2597 2593 2582 2573 2578 2590 2603 2622 2627 2625 2626 2626 2610 2591 2595 2616 2624 2634 2607 2564 2543 2544 2551 2536
2626 2625 2630 2633 2628 2619 2610 2608 2616 2627 2632 2637 2643 2648 2648 2649 2647 2639 2631 2625 2620 2614 2613 2610 2609 2617 2623 2613 2601 2591 2583 2578 2572 2573 2574 2567 2570 2578 2582 2591 2601 2609 2619 2621 2617 2614 2616 2619 2617 2614 2612 2610 2609 2610 2608 2607 2600 2581 2579 2589 2593 2586 2569 2557 2563 2575 2594 2609 2609 2608 2616 2610 2590 2577 2582 2595 2612 2630 2604 2546 2511 2498 2497 2488
2619 2616 2617 2617 2611 2607 2612 2621 2634 2642 2643 2646 2654 2660 2662 2658 2653 2647 2637 2631 2625 2621 2618 2616 2612 2614 2621 2615 2604 2595 2587 2583 2585 2586 2582 2578 2590 2605 2617 2626 2634 2631 2632 2630 2627 2623 2617 2613 2611 2606 2603 2601 2602 2602 2600 2603 2599 2582 2564 2573 2578 2573 2557 2542 2546 2558 2578 2585 2584 2596 2597 2582 2569 2562 2558 2581 2613 2631 2606 2554 2513 2476 2460 2445
2616 2616 2617 2615 2612 2615 2623 2637 2651 2659 2657 2658 2663 2665 2665 2663 2662 2661 2653 2647 2637 2633 2629 2625 2623 2620 2619 2613 2606 2596 2593 2599 2603 2601 2594 2593 2602 2612 2627 2642 2651 2651 2646 2639 2632 2626 2618 2609 2603 2598 2594 2592 2589 2589 2583 2583 2580 2566 2552 2552 2557 2556 2550 2535 2528 2544 2558 2562 2572 2589 2584 2567 2551 2541 2544 2571 2599 2613 2603 2559 2526 2492 2466 2438
2620 2617 2618 2621 2622 2626 2638 2656 2668 2673 2672 2674 2677 2678 2680 2681 2679 2677 2673 2669 2664 2657 2650 2643 2637 2631 2623 2619 2621 2610 2606 2611 2610 2605 2601 2610 2621 2629 2635 2648 2658 2660 2659 2651 2639 2629 2622 2612 2604 2596 2590 2585 2580 2575 2566 2560 2553 2540 2533 2532 2537 2536 2537 2525 2518 2528 2535 2551 2570 2580 2568 2553 2533 2516 2525 2549 2570 2582 2583 2567 2552 2525 2502 2476
2622 2622 2630 2637 2636 2632 2647 2667 2680 2687 2690 2693 2700 2705 2705 2706 2706 2704 2698 2693 2689 2683 2671 2659 2649 2641 2634 2631 2626 2618 2619 2622 2617 2611 2616 2629 2641 2648 2651 2659 2663 2660 2656 2650 2642 2630 2619 2610 2604 2598 2591 2589 2586 2574 2565 2558 2551 2542 2527 2518 2516 2519 2518 2509 2502 2513 2525 2544 2561 2562 2546 2529 2510 2491 2503 2527 2550 2559 2553 2548 2544 2498 2468 2460
2626 2634 2656 2662 2656 2647 2644 2659 2672 2678 2685 2696 2705 2713 2721 2725 2728 2725 2719 2713 2705 2691 2681 2670 2665 2654 2645 2634 2625 2624 2626 2628 2622 2619 2626 2637 2651 2660 2667 2669 2667 2662 2657 2649 2640 2631 2621 2613 2615 2612 2608 2601 2589 2579 2571 2563 2550 2535 2530 2528 2516 2506 2500 2491 2487 2491 2504 2521 2536 2534 2517 2497 2479 2479 2499 2529 2539 2528 2506 2503 2501 2465 2426 2407
