docs/source/tutorials/river_flow_dynamics/DEM-kootenai_37x50_1x1.asc
NCOLS 50
NROWS 37
XLLCORNER 556440
YLLCORNER 5394932
CELLSIZE 1
NODATA_value -9999
[rows 0 to 20 of 37, columns 0 to 45 of 50]
543.340026855468977 543.299987792969 543.27001953125 543.260009765625 543.309997558594 543.320007324219 543.340026855469 543.359985351562 543.380004882812 543.400024414062 543.409973144531 543.429992675781 543.440002441406 543.390014648438 543.320007324219 543.340026855469 543.349975585938 543.380004882812 543.450012207031 543.549987792969 543.549987792969 543.559997558594 543.52001953125 543.539978027344 543.539978027344 543.549987792969 543.609985351562 543.659973144531 543.719970703125 543.789978027344 543.719970703125 543.72998046875 543.700012207031 543.799987792969 543.739990234375 543.700012207031 543.530029296875 543.409973144531 543.030029296875 542.330017089844 541.929992675781 541.380004882812 540.679992675781 540.320007324219 540.059997558594 539.830017089844
543.359985351562 543.359985351562 543.330017089844 543.280029296875 543.299987792969 543.309997558594 543.309997558594 543.320007324219 543.330017089844 543.340026855469 543.349975585938 543.369995117188 543.340026855469 543.309997558594 543.280029296875 543.320007324219 543.369995117188 543.390014648438 543.429992675781 543.52001953125 543.559997558594 543.570007324219 543.52001953125 543.510009765625 543.510009765625 543.570007324219 543.609985351562 543.710021972656 543.75 543.789978027344 543.710021972656 543.659973144531 543.690002441406 543.690002441406 543.5 543.510009765625 543.030029296875 542.419982910156 541.840026855469 541.450012207031 540.840026855469 540.330017089844 540.150024414062 539.830017089844 539.609985351562 539.419982910156
543.380004882812 543.349975585938 543.330017089844 543.340026855469 543.330017089844 543.330017089844 543.280029296875 543.289978027344 543.289978027344 543.289978027344 543.299987792969 543.320007324219 543.299987792969 543.280029296875 543.289978027344 543.320007324219 543.340026855469 543.359985351562 543.429992675781 543.530029296875 543.549987792969 543.539978027344 543.5 543.549987792969 543.609985351562 543.570007324219 543.619995117188 543.75 543.760009765625 543.75 543.690002441406 543.609985351562 543.489990234375 543.22998046875 542.820007324219 542.580017089844 542.059997558594 541.340026855469 540.719970703125 540.400024414062 540.140014648438 539.909973144531 539.580017089844 539.359985351562 539.210021972656 539.070007324219
543.409973144531 543.390014648438 543.330017089844 543.320007324219 543.309997558594 543.349975585938 543.260009765625 543.260009765625 543.260009765625 543.27001953125 543.289978027344 543.330017089844 543.320007324219 543.289978027344 543.280029296875 543.299987792969 543.320007324219 543.359985351562 543.390014648438 543.409973144531 543.429992675781 543.469970703125 543.549987792969 543.599975585938 543.650024414062 543.549987792969 543.640014648438 543.77001953125 543.809997558594 543.780029296875 543.659973144531 543.429992675781 542.940002441406 542.440002441406 542.010009765625 541.47998046875 540.900024414062 540.380004882812 540.099975585938 539.820007324219 539.590026855469 539.340026855469 539.260009765625 539.059997558594 538.909973144531 538.809997558594
543.349975585938 543.330017089844 543.280029296875 543.299987792969 543.260009765625 543.219970703125 543.22998046875 543.219970703125 543.25 543.280029296875 543.25 543.219970703125 543.27001953125 543.25 543.260009765625 543.25 543.299987792969 543.330017089844 543.320007324219 543.369995117188 543.460021972656 543.549987792969 543.570007324219 543.669982910156 543.659973144531 543.580017089844 543.630004882812 543.690002441406 543.719970703125 543.719970703125 543.669982910156 543.210021972656 542.349975585938 541.429992675781 540.940002441406 540.559997558594 540.119995117188 539.809997558594 539.590026855469 539.359985351562 539.140014648438 539.049987792969 538.950012207031 538.809997558594 538.609985351562 538.559997558594
543.359985351562 543.330017089844 543.299987792969 543.299987792969 543.299987792969 543.239990234375 543.219970703125 543.260009765625 543.219970703125 543.159973144531 543.140014648438 543.190002441406 543.25 543.219970703125 543.25 543.260009765625 543.280029296875 543.280029296875 543.390014648438 543.440002441406 543.530029296875 543.599975585938 543.619995117188 543.640014648438 543.669982910156 543.609985351562 543.570007324219 543.609985351562 543.489990234375 543.489990234375 543.239990234375 542.47998046875 541.52001953125 540.530029296875 540.190002441406 539.789978027344 539.5 539.340026855469 539.169982910156 539 538.940002441406 538.739990234375 538.619995117188 538.440002441406 538.419982910156 538.359985351562
543.27001953125 543.25 543.239990234375 543.22998046875 543.22998046875 543.239990234375 543.210021972656 543.140014648438 543.109985351562 543.080017089844 543.099975585938 543.169982910156 543.239990234375 543.260009765625 543.280029296875 543.280029296875 543.309997558594 543.340026855469 543.419982910156 543.510009765625 543.489990234375 543.590026855469 543.630004882812 543.640014648438 543.630004882812 543.619995117188 543.549987792969 543.380004882812 543.190002441406 542.97998046875 542.25 541.489990234375 540.599975585938 539.940002441406 539.700012207031 539.320007324219 539.140014648438 539.030029296875 538.890014648438 538.710021972656 538.539978027344 538.330017089844 538.340026855469 538.340026855469 538.289978027344 538.289978027344
543.200012207031 543.159973144531 543.169982910156 543.200012207031 543.25 543.27001953125 543.27001953125 543.219970703125 543.169982910156 543.090026855469 543.080017089844 543.099975585938 543.150024414062 543.219970703125 543.150024414062 543.119995117188 543.299987792969 543.299987792969 543.469970703125 543.52001953125 543.47998046875 543.469970703125 543.47998046875 543.570007324219 543.570007324219 543.330017089844 543.179992675781 542.840026855469 541.830017089844 541.47998046875 541.260009765625 540.489990234375 539.72998046875 539.489990234375 539.200012207031 539 538.869995117188 538.77001953125 538.640014648438 538.469970703125 538.320007324219 538.260009765625 538.239990234375 538.239990234375 538.239990234375 538.260009765625
543.25 543.25 543.200012207031 543.239990234375 543.260009765625 543.25 543.289978027344 543.239990234375 543.179992675781 543.109985351562 543.02001953125 543.030029296875 542.989990234375 542.960021972656 542.900024414062 543.030029296875 543.239990234375 543.340026855469 543.440002441406 543.530029296875 543.489990234375 543.369995117188 543.450012207031 543.330017089844 543.200012207031 542.940002441406 542.489990234375 541.760009765625 540.940002441406 539.880004882812 539.989990234375 539.530029296875 539.309997558594 539.090026855469 538.859985351562 538.739990234375 538.580017089844 538.489990234375 538.340026855469 538.280029296875 538.239990234375 538.239990234375 538.219970703125 538.260009765625 538.25 538.289978027344
543.330017089844 543.25 543.25 543.260009765625 543.239990234375 543.239990234375 543.25 543.200012207031 543.080017089844 542.929992675781 542.900024414062 542.760009765625 542.650024414062 542.650024414062 542.619995117188 542.890014648438 543.140014648438 543.219970703125 543.299987792969 543.380004882812 543.419982910156 543.25 543.239990234375 543.140014648438 542.739990234375 542.159973144531 541.409973144531 540.669982910156 539.940002441406 539.330017089844 539.140014648438 538.97998046875 538.909973144531 538.809997558594 538.630004882812 538.460021972656 538.340026855469 538.299987792969 538.25 538.239990234375 538.219970703125 538.280029296875 538.27001953125 538.349975585938 538.369995117188 538.390014648438
543.320007324219 543.22998046875 543.239990234375 543.219970703125 543.27001953125 543.260009765625 543.239990234375 543.099975585938 542.969970703125 542.840026855469 542.609985351562 542.429992675781 542.380004882812 542.330017089844 542.450012207031 542.590026855469 542.859985351562 542.849975585938 542.969970703125 543.080017089844 542.989990234375 542.369995117188 542.320007324219 542.010009765625 541.489990234375 541.150024414062 540.580017089844 539.830017089844 539.150024414062 539.02001953125 538.919982910156 538.760009765625 538.650024414062 538.460021972656 538.369995117188 538.289978027344 538.219970703125 538.239990234375 538.25 538.239990234375 538.289978027344 538.289978027344 538.340026855469 538.390014648438 538.419982910156 538.429992675781
543.25 543.22998046875 543.22998046875 543.239990234375 543.239990234375 543.210021972656 543.119995117188 543.010009765625 542.840026855469 542.580017089844 542.390014648438 542.210021972656 542.150024414062 542.080017089844 542.119995117188 542.169982910156 542.299987792969 542.469970703125 542.549987792969 542.619995117188 541.890014648438 541.260009765625 541.02001953125 540.780029296875 540.25 539.960021972656 539.630004882812 539.010009765625 538.840026855469 538.799987792969 538.590026855469 538.450012207031 538.390014648438 538.340026855469 538.289978027344 538.219970703125 538.25 538.280029296875 538.260009765625 538.299987792969 538.340026855469 538.369995117188 538.429992675781 538.429992675781 538.460021972656 538.5
543.210021972656 543.210021972656 543.239990234375 543.179992675781 543.159973144531 543.109985351562 542.969970703125 542.859985351562 542.679992675781 542.440002441406 542.150024414062 541.900024414062 541.789978027344 541.780029296875 541.609985351562 541.580017089844 541.619995117188 541.570007324219 541.640014648438 541.299987792969 540.640014648438 540.130004882812 539.760009765625 539.489990234375 539.039978027344 538.859985351562 538.690002441406 538.609985351562 538.469970703125 538.330017089844 538.289978027344 538.289978027344 538.25 538.25 538.25 538.299987792969 538.289978027344 538.299987792969 538.27001953125 538.320007324219 538.390014648438 538.390014648438 538.400024414062 538.450012207031 538.5 538.530029296875
543.22998046875 543.219970703125 543.210021972656 543.119995117188 543.049987792969 542.849975585938 542.72998046875 542.630004882812 542.419982910156 542.22998046875 541.849975585938 541.559997558594 541.510009765625 541.369995117188 541.130004882812 541.099975585938 540.919982910156 540.75 540.409973144531 539.960021972656 539.570007324219 539.299987792969 539.059997558594 538.809997558594 538.619995117188 538.450012207031 538.320007324219 538.27001953125 538.219970703125 538.239990234375 538.200012207031 538.210021972656 538.22998046875 538.239990234375 538.27001953125 538.27001953125 538.299987792969 538.320007324219 538.369995117188 538.419982910156 538.409973144531 538.429992675781 538.429992675781 538.489990234375 538.580017089844 538.590026855469
543.210021972656 543.179992675781 543.130004882812 542.989990234375 542.760009765625 542.599975585938 542.47998046875 542.349975585938 542.159973144531 541.900024414062 541.570007324219 541.369995117188 541.27001953125 541.039978027344 540.679992675781 540.429992675781 540.150024414062 539.890014648438 539.659973144531 539.27001953125 538.919982910156 538.780029296875 538.580017089844 538.380004882812 538.239990234375 538.179992675781 538.099975585938 538.070007324219 538.099975585938 538.140014648438 538.200012207031 538.22998046875 538.25 538.289978027344 538.320007324219 538.330017089844 538.359985351562 538.429992675781 538.419982910156 538.460021972656 538.47998046875 538.510009765625 538.559997558594 538.570007324219 538.609985351562 538.690002441406
543.099975585938 542.969970703125 542.780029296875 542.619995117188 542.440002441406 542.309997558594 542.200012207031 542.030029296875 541.809997558594 541.590026855469 541.340026855469 541.070007324219 541.080017089844 540.77001953125 540.369995117188 540.02001953125 539.719970703125 539.400024414062 539.169982910156 538.880004882812 538.650024414062 538.409973144531 538.260009765625 538.109985351562 538.030029296875 537.900024414062 537.919982910156 538.02001953125 538.109985351562 538.190002441406 538.200012207031 538.260009765625 538.320007324219 538.369995117188 538.380004882812 538.390014648438 538.400024414062 538.419982910156 538.489990234375 538.559997558594 538.549987792969 538.580017089844 538.630004882812 538.619995117188 538.669982910156 538.75
542.859985351562 542.650024414062 542.429992675781 542.25 542.260009765625 541.97998046875 541.830017089844 541.609985351562 541.349975585938 541.059997558594 540.75 540.830017089844 540.72998046875 540.469970703125 540.070007324219 539.650024414062 539.419982910156 539.219970703125 538.900024414062 538.659973144531 538.289978027344 538.099975585938 537.960021972656 537.900024414062 537.840026855469 537.840026855469 537.950012207031 538.059997558594 538.169982910156 538.25 538.309997558594 538.390014648438 538.429992675781 538.469970703125 538.429992675781 538.460021972656 538.5 538.530029296875 538.52001953125 538.559997558594 538.52001953125 538.640014648438 538.640014648438 538.690002441406 538.739990234375 538.789978027344
542.590026855469 542.359985351562 542.059997558594 541.929992675781 541.72998046875 541.559997558594 541.330017089844 541.109985351562 540.619995117188 540.369995117188 540.299987792969 540.419982910156 540.150024414062 539.799987792969 539.440002441406 539.22998046875 538.960021972656 538.619995117188 538.330017089844 538.049987792969 537.929992675781 537.809997558594 537.72998046875 537.739990234375 537.809997558594 537.900024414062 538.049987792969 538.190002441406 538.260009765625 538.349975585938 538.390014648438 538.409973144531 538.47998046875 538.469970703125 538.429992675781 538.419982910156 538.52001953125 538.570007324219 538.590026855469 538.510009765625 538.539978027344 538.690002441406 538.669982910156 538.690002441406 538.830017089844 538.830017089844
542.289978027344 542.02001953125 541.780029296875 541.450012207031 541.159973144531 540.940002441406 540.530029296875 540.179992675781 540.010009765625 539.919982910156 539.940002441406 539.830017089844 539.47998046875 539.239990234375 538.859985351562 538.580017089844 538.200012207031 538.030029296875 537.849975585938 537.780029296875 537.659973144531 537.599975585938 537.690002441406 537.739990234375 537.890014648438 538.030029296875 538.169982910156 538.299987792969 538.359985351562 538.409973144531 538.489990234375 538.559997558594 538.52001953125 538.530029296875 538.429992675781 538.349975585938 538.450012207031 538.549987792969 538.590026855469 538.539978027344 538.640014648438 538.719970703125 538.690002441406 538.760009765625 538.820007324219 538.840026855469
541.909973144531 541.630004882812 541.450012207031 540.940002441406 540.570007324219 540.260009765625 539.929992675781 539.780029296875 539.650024414062 539.690002441406 539.510009765625 539.150024414062 538.830017089844 538.549987792969 538.280029296875 538.059997558594 537.890014648438 537.760009765625 537.659973144531 537.599975585938 537.52001953125 537.549987792969 537.659973144531 537.830017089844 538.02001953125 538.190002441406 538.289978027344 538.390014648438 538.450012207031 538.530029296875 538.570007324219 538.590026855469 538.580017089844 538.5 538.5 538.429992675781 538.5 538.549987792969 538.52001953125 538.609985351562 538.690002441406 538.72998046875 538.789978027344 538.840026855469 538.809997558594 538.869995117188
541.469970703125 541.440002441406 541.030029296875 540.530029296875 540.179992675781 539.890014648438 539.650024414062 539.489990234375 539.380004882812 539.200012207031 538.969970703125 538.570007324219 538.25 538.049987792969 538.010009765625 537.830017089844 537.739990234375 537.570007324219 537.469970703125 537.429992675781 537.450012207031 537.52001953125 537.710021972656 538 538.159973144531 538.289978027344 538.390014648438 538.460021972656 538.510009765625 538.559997558594 538.580017089844 538.580017089844 538.590026855469 538.539978027344 538.510009765625 538.559997558594 538.539978027344 538.580017089844 538.630004882812 538.75 538.780029296875 538.820007324219 538.849975585938 538.890014648438 538.900024414062 538.97998046875
