docs/source/teaching/surface_water_hydrology_exercises/overland_flow_notebooks/Square_TestBasin.asc
nrows 200
cellsize 30.0
xllcorner 0.0
ncols 200
yllcorner 0.0
[rows 119 to 135 of 200, columns 111 to 147 of 200]
8.133155040185749840e+01 7.131046317095611187e+01 5.131046317095583476e+01 3.716832754722418741e+01 5.524382664992632641e+01 4.924382664992602798e+01 5.199710713661465178e+01 6.986236821889283988e+01 7.107557165448952219e+01 8.693343603075879855e+01 9.810624063461804667e+01 7.810624063461776245e+01 6.396410501088661960e+01 5.579913920160895913e+01 4.947458388127189011e+01 4.392758191901932463e+01 3.892758191901908305e+01 3.407686941829218341e+01 4.562387480208526824e+01 5.976601042581691559e+01 7.976601042581719980e+01 7.182186183309949001e+01 5.182186183309921290e+01 3.767972620936756556e+01 2.613272082557447717e+01 3.767972620936756556e+01 5.182186183309921290e+01 7.182186183309949001e+01 6.184692171748404377e+01 4.184692171748304901e+01 2.770478609375139811e+01 4.184692171748304901e+01 6.184692171748404377e+01 7.945786432982856695e+01 7.046597442389429489e+01 5.046597442389401778e+01 6.134233349828264892e+01
8.236552272363570637e+01 7.797712983762311012e+01 5.797712983762283301e+01 4.383499421389118567e+01 6.383499421389218043e+01 6.079083203371911281e+01 6.094137904661425154e+01 8.094137904661452865e+01 9.107557165448980641e+01 8.985635858612602078e+01 8.667798613416795206e+01 8.196394092625790506e+01 7.779365264511619671e+01 7.579913920160923624e+01 6.947458388127216722e+01 6.392758191902031939e+01 5.138006996844007546e+01 3.138006996843908425e+01 4.292707535223217263e+01 5.706921097596381998e+01 7.706921097596409709e+01 7.061581645478838709e+01 5.061581645478811708e+01 3.647368083105646974e+01 2.492667544726338491e+01 3.906881107099503225e+01 5.906881107099602701e+01 6.785046606233558464e+01 6.064740142967587389e+01 4.064740142967487913e+01 2.650526580594322823e+01 4.064740142967487913e+01 6.064740142967587389e+01 5.945786432982829695e+01 6.230100861461735207e+01 4.230100861461635731e+01 6.230100861461735207e+01
6.236552272363542215e+01 8.236552272363570637e+01 7.277926612389106253e+01 5.277926612389078542e+01 6.692140174762192828e+01 7.493296765745026278e+01 7.248838443040692425e+01 9.248838443040719426e+01 8.985635858612602078e+01 6.985635858612573657e+01 6.667798613416766784e+01 6.196394092625762795e+01 5.779365264511592670e+01 5.987187229129281008e+01 5.627976625075714168e+01 5.284979454790678943e+01 4.879808107096838654e+01 2.879808107096739178e+01 4.034508645476047661e+01 5.448722207849212396e+01 7.448722207849240817e+01 7.577618478688037840e+01 5.787571109845220718e+01 3.787571109845121242e+01 2.373357547471956153e+01 4.373357547472055273e+01 5.603973142116679895e+01 4.785046606233530753e+01 5.656730465568555388e+01 4.531638920938865311e+01 2.531638920938766546e+01 4.531638920938865311e+01 5.763854208986992234e+01 4.531572870609664960e+01 5.563434194795035381e+01 3.563434194794936616e+01 5.563434194795035381e+01
5.081851733984233732e+01 6.788958515170794783e+01 7.788958515170844521e+01 7.277926612389106253e+01 8.692140174762221250e+01 9.493296765745054699e+01 9.248838443040719426e+01 9.245148882606449092e+01 7.245148882606420671e+01 5.830935320233306385e+01 5.253585051043652498e+01 4.782180530252598061e+01 4.365151702138427936e+01 3.987187229129182242e+01 3.627976625075614692e+01 3.284979454790580178e+01 2.956181480179849785e+01 2.631738637918314438e+01 4.045952200291478817e+01 6.045952200291578293e+01 7.526405819229687211e+01 5.577618478688009418e+01 5.669101334293397798e+01 3.669101334293298322e+01 2.254887771920133943e+01 4.163395820820796445e+01 3.603973142116580419e+01 3.370833043860366018e+01 3.656730465568455912e+01 4.268912787869857794e+01 2.413376441740946277e+01 4.322419052413423657e+01 3.763854208986892758e+01 3.376872332230356477e+01 4.404124234394401327e+01 2.986083925605282374e+01 4.582267723479012744e+01
4.081851733984184705e+01 4.788958515170767072e+01 5.788958515170816810e+01 7.788958515170844521e+01 9.436828606790189156e+01 9.592257538753003132e+01 1.074695807713226827e+02 9.802132439540338282e+01 7.802132439540309861e+01 6.647431901161043299e+01 6.408285589422960982e+01 6.196394092625762795e+01 5.779365264511592670e+01 5.987187229129281008e+01 5.627976625075714168e+01 5.284979454790678943e+01 4.437481465446954587e+01 2.437481465446855466e+01 3.851695027820020556e+01 5.851695027820120032e+01 5.526405819229659500e+01 4.163404916314844684e+01 5.448542124551826049e+01 4.137036641722471586e+01 2.137036641722372465e+01 2.163395820820697324e+01 2.189759579743416040e+01 2.216132505481057891e+01 2.242516903195290823e+01 2.268912787869758674e+01 2.295320174520751522e+01 2.322419052413324181e+01 2.349640646613727668e+01 2.376872332230307450e+01 2.404124234394301851e+01 2.431383729380035774e+01 4.431383729380134895e+01
5.496065296357349439e+01 6.203172077543931806e+01 7.788958515170844521e+01 9.436828606790189156e+01 7.436828606790160734e+01 7.592257538752974710e+01 8.746958077132241272e+01 1.074695807713226827e+02 9.802132439540338282e+01 8.061645463534156875e+01 7.822499151796074557e+01 8.196394092625790506e+01 7.779365264511619671e+01 7.815703048350280824e+01 5.815703048350253823e+01 4.401489485977089089e+01 3.246788947597780606e+01 2.246788947597731223e+01 4.246788947597830344e+01 5.346120962301973378e+01 4.112192256856494765e+01 3.008704377935536201e+01 3.448542124551726573e+01 4.059959058056342229e+01 2.111317290371664868e+01 4.111317290371763988e+01 4.189759579743515161e+01 4.216132505481157011e+01 3.656730465568455912e+01 3.423613326249067512e+01 4.295320174520850998e+01 2.614149035409122490e+01 4.349640646613826789e+01 3.531572870609615933e+01 4.404124234394401327e+01 2.458681283901667314e+01 2.486075973955617613e+01
7.496065296357377861e+01 8.203172077543959517e+01 8.404338628619026963e+01 8.282128068410921173e+01 6.282128068410893462e+01 6.697830347753047420e+01 8.112043910126160995e+01 1.011204391012618942e+02 1.063796247473518690e+02 1.006164546353418530e+02 9.822499151796102979e+01 9.340931482100884864e+01 7.340931482100856442e+01 5.926717919727742867e+01 4.772017381348434384e+01 3.772017381348385356e+01 2.877590190348425381e+01 2.061093609420673545e+01 3.906331450473995659e+01 3.346120962301873902e+01 2.957491718477186637e+01 2.008704377935504226e+01 2.034328562178561839e+01 2.059959058056242753e+01 2.085602191207702205e+01 2.439155581800986994e+01 3.853369144174151728e+01 5.853369144174251204e+01 5.656730465568555388e+01 4.837826888622232246e+01 4.909032947719025231e+01 2.909032947718926110e+01 4.909032947719025231e+01 4.945786432982780667e+01 4.787479258512491498e+01 2.787479258512392022e+01 4.486075973955716734e+01
9.039252795625088766e+01 7.884552257245823625e+01 6.404338628618999962e+01 7.387700877410961198e+01 5.387700877410933487e+01 5.990723566566490632e+01 7.404937128939604918e+01 9.404937128939633340e+01 8.637962474735158480e+01 1.037844945074133989e+02 9.916526501185845177e+01 7.916526501185816755e+01 6.502312938812703180e+01 5.347612400433435909e+01 4.347612400433386171e+01 3.453185209433426195e+01 2.636688628505660148e+01 1.880759682487181550e+01 1.906331450473896183e+01 1.931907399928709523e+01 1.957491718477154663e+01 1.983090702729612076e+01 3.983090702729710841e+01 3.059959058056274728e+01 4.085602191207801326e+01 2.810546258155102350e+01 4.810546258155201116e+01 6.114064553905998167e+01 7.268765092285235596e+01 6.837826888622259958e+01 5.214030088384249240e+01 3.214030088384150474e+01 5.214030088384249240e+01 6.945786432982808378e+01 5.125540960403908031e+01 3.125540960403809265e+01 5.125540960403908031e+01
7.039252795625061765e+01 5.884552257245795204e+01 4.990125066245835228e+01 6.916296356619906760e+01 4.916296356619879049e+01 6.916296356619906760e+01 8.268153266550092440e+01 9.223748912362071906e+01 7.223748912362044905e+01 8.378449450741311466e+01 1.037844945074133989e+02 9.135295285198930060e+01 7.135295285198901638e+01 5.721081722825788063e+01 4.566381184446479580e+01 3.566381184446429842e+01 2.671953993446469866e+01 1.855457412518718030e+01 3.855457412518817506e+01 3.931907399928808644e+01 3.371705280850319042e+01 2.877517893729556420e+01 4.877517893729655185e+01 4.214659596435583211e+01 4.350146975994173459e+01 3.195446437614864976e+01 3.642660033114844964e+01 4.114064553905899402e+01 5.268765092285207885e+01 7.268765092285235596e+01 5.530257854401103401e+01 3.530257854401003925e+01 5.530257854401103401e+01 6.893307913370293249e+01 4.893307913370264828e+01 3.479094350997100094e+01 5.479094350997198859e+01
6.851932385811676340e+01 5.437718823438561344e+01 4.283018285059252861e+01 6.283018285059352337e+01 4.479860576147872564e+01 6.445691413713045392e+01 6.268153266550065439e+01 7.301153299676909114e+01 6.467819966343580518e+01 8.467819966343608939e+01 1.021536686205006106e+02 9.110009198327722402e+01 7.110009198327693980e+01 5.695795635954578984e+01 4.541095097575270501e+01 3.541095097575220763e+01 2.646667906575260432e+01 1.830171325647508596e+01 3.244384888020673685e+01 5.244384888020773161e+01 5.371705280850418518e+01 4.032218432108864903e+01 6.032218432108964379e+01 5.628873158808747945e+01 5.764360538367338194e+01 4.350146975994173459e+01 5.642660033114943730e+01 4.668764750131155949e+01 6.668764750131182950e+01 7.273269391384926053e+01 5.273269391384899052e+01 3.859055829011734318e+01 5.859055829011833083e+01 7.271272386379538943e+01 5.271272386379510522e+01 3.857058824006345787e+01 5.857058824006444553e+01
7.142531651207188759e+01 5.142531651207161048e+01 3.728318088833996313e+01 5.495579330746507907e+01 4.053459143436630541e+01 4.445691413713017681e+01 4.853939704176900705e+01 5.301153299676880692e+01 5.801153299676905561e+01 6.801153299676919062e+01 8.215366862050032637e+01 8.757598787783032890e+01 7.602898249403773434e+01 7.373817508449133129e+01 5.373817508449105418e+01 3.959603946075940684e+01 2.804903407696631845e+01 1.804903407696599871e+01 3.804903407696698991e+01 5.078769779323946665e+01 5.834698725342438053e+01 6.032218432108964379e+01 7.729125916342376001e+01 7.628873158808775656e+01 7.764360538367365905e+01 5.764360538367338194e+01 7.271787439286740096e+01 5.271787439286713095e+01 7.271787439286740096e+01 7.621424703296338521e+01 5.621424703296311520e+01 4.207211140923146786e+01 6.207211140923245551e+01 6.868329803625813668e+01 4.868329803625785956e+01 4.265307114470228811e+01 5.081803695397994858e+01
6.642531651207164600e+01 4.642531651207136889e+01 3.228318088833972155e+01 3.495579330746409141e+01 3.767744857722330920e+01 5.767744857722430396e+01 6.853939704176929126e+01 6.715366862049995689e+01 7.215366862050019847e+01 8.801153299676946062e+01 7.497480370223809132e+01 6.757598787783004468e+01 5.602898249403745723e+01 5.432755741012189077e+01 4.800300208978481464e+01 4.245600012753234864e+01 3.729202233258896371e+01 1.779647580623463554e+01 2.412103112657159443e+01 3.078769779323847189e+01 3.834698725342338577e+01 4.729125916342298552e+01 5.729125916342348290e+01 7.143339478715462576e+01 9.143339478715489577e+01 7.764360538367365905e+01 7.978894220473323173e+01 5.978894220473295462e+01 7.978894220473323173e+01 7.992815379650460272e+01 5.992815379650433272e+01 4.578601817277268538e+01 6.578601817277296959e+01 7.534996470292513493e+01 5.534996470292485782e+01 5.081803695397994858e+01 5.976230886397954833e+01
5.566292081910584244e+01 4.152078519537419510e+01 2.997377981158111027e+01 4.997377981158209792e+01 4.922445396101639403e+01 6.336658958474804137e+01 8.336658958474831138e+01 8.715366862050024110e+01 9.215366862050046848e+01 7.237967346229953591e+01 5.497480370223782131e+01 5.343385225409889472e+01 4.188684687030580989e+01 3.432755741012089601e+01 2.800300208978382344e+01 2.245600012753135744e+01 1.729202233258797250e+01 1.754413875153313995e+01 2.386869407187009884e+01 3.093976188373579816e+01 3.910472769301345863e+01 4.910472769301394891e+01 6.324686331674559625e+01 8.324686331674587336e+01 8.602447475229158158e+01 9.358376421247649546e+01 8.873321411473250464e+01 6.873321411473223463e+01 8.873321411473250464e+01 8.392815379650480168e+01 6.392815379650452456e+01 4.978601817277287722e+01 6.978601817277315433e+01 8.290925416311004881e+01 6.290925416310977170e+01 5.976230886397954833e+01 6.976230886397968334e+01
4.928471721787482807e+01 3.773771183408174323e+01 2.773771183408124941e+01 3.668198374408084561e+01 4.668198374408134299e+01 5.822898912787442782e+01 7.237112475160557779e+01 9.237112475160586200e+01 7.237967346229953591e+01 5.237967346229925880e+01 4.083266807850617397e+01 6.083266807850716162e+01 6.188684687030680465e+01 5.432755741012189077e+01 4.800300208978481464e+01 3.704024576069373609e+01 1.704024576069274488e+01 3.704024576069373609e+01 4.386869407187109005e+01 5.093976188373678582e+01 5.910472769301444629e+01 6.910472769301422602e+01 7.887333058786181539e+01 8.230330229071216763e+01 6.602447475229129736e+01 7.358376421247621124e+01 8.944162858874548760e+01 8.287534973846337039e+01 1.028753497384636546e+02 8.829251160122436204e+01 6.829251160122407782e+01 5.415037597749293496e+01 7.415037597749321208e+01 9.185352607310932171e+01 7.185352607310905171e+01 6.976230886397968334e+01 8.130931424777234895e+01
5.131866773482699529e+01 3.717653211109534794e+01 2.562952672730226311e+01 3.562952672730275339e+01 4.717653211109583822e+01 6.131866773482748556e+01 8.131866773482775557e+01 7.896251962584626938e+01 5.896251962584599227e+01 4.482038400211434492e+01 3.327337861832126009e+01 5.327337861832224775e+01 7.047355646523136841e+01 7.072349789207268600e+01 5.093066464299656815e+01 3.093066464299558049e+01 1.678852901926417829e+01 3.093066464299558049e+01 5.093066464299656815e+01 5.835419644915481996e+01 6.118262357390110395e+01 6.416404754390019605e+01 5.887333058786153828e+01 6.230330229071188342e+01 5.188233912856015451e+01 5.944162858874506838e+01 6.944162858874520339e+01 8.358376421247635335e+01 1.035837642124766376e+02 9.314322410195126167e+01 7.314322410195097746e+01 5.900108847821983460e+01 7.314322410195097746e+01 9.314322410195126167e+01 8.340053145690171732e+01 8.130931424777234895e+01 9.545144987150348470e+01
4.515622702199135574e+01 3.360922163819827091e+01 2.360922163819777708e+01 4.360922163819876829e+01 5.400284249870940556e+01 6.156213195889431944e+01 7.156213195889409917e+01 7.318901693394973051e+01 5.318901693394945340e+01 3.904688131021780606e+01 2.749987592642471768e+01 4.749987592642570888e+01 5.047355646523109129e+01 5.072349789207240889e+01 4.967668795364158285e+01 3.653691190056635918e+01 1.653691190056537152e+01 3.653691190056635918e+01 4.151526137557012675e+01 3.835419644915383230e+01 4.118262357390010919e+01 4.416404754389991894e+01 4.473119496412989093e+01 4.816116666698023607e+01 4.555778380822308549e+01 5.555778380822358287e+01 6.710478919201625558e+01 8.124692481574740555e+01 1.012469248157476898e+02 9.891672679384760158e+01 7.891672679384731737e+01 6.477459117011616740e+01 7.891672679384731737e+01 9.891672679384760158e+01 9.754266708063286728e+01 9.545144987150348470e+01 1.154514498715037689e+02
4.319506567060928148e+01 3.164806028681619665e+01 2.164806028681587691e+01 2.767828717837134178e+01 3.400284249870841080e+01 4.156213195889332468e+01 5.156213195889382206e+01 7.156213195889409917e+01 5.679129904943054186e+01 3.679129904942955420e+01 2.264916342569790686e+01 4.264916342569889451e+01 3.633142084149944395e+01 3.658136226834076155e+01 2.967668795364059520e+01 3.578474787159046144e+01 1.628535449875804275e+01 1.888913271837460073e+01 2.151526137556913199e+01 2.421206082542218496e+01 2.704048795016846185e+01 3.002191192016827515e+01 3.318418958033680610e+01 3.661416128318715124e+01 4.039380601327960818e+01 4.933807792327920794e+01 5.933807792327970532e+01 7.088508330707237803e+01 8.502721893080351379e+01 1.050272189308037980e+02 9.233388063030108128e+01 7.233388063030081128e+01 8.233388063030093917e+01 1.023338806303012234e+02 1.175426670806331515e+02 1.154514498715037689e+02 1.078867874649972833e+02
