docs/source/teaching/surface_water_hydrology_exercises/overland_flow_notebooks/Square_TestBasin.asc
nrows 200
cellsize 30.0
xllcorner 0.0
ncols 200
yllcorner 0.0
[rows 17 to 33 of 200, columns 148 to 184 of 200]
1.236482577936532437e+02 1.095061221699220937e+02 1.236482577936532437e+02 1.436482577936549490e+02 1.300914378763577020e+02 1.319646419744910588e+02 1.435116473582845344e+02 1.635116473582862398e+02 1.565392465965937845e+02 1.365392465965920792e+02 1.223971109728599487e+02 1.108501055890672831e+02 1.127265320094820282e+02 1.208914978187593903e+02 1.298357697287592885e+02 1.413827751125527641e+02 1.613827751125544694e+02 1.457025776058951294e+02 1.257025776058934241e+02 1.115604419821622741e+02 1.315604419821639794e+02 1.408328169668017722e+02 1.444249230073372985e+02 1.485074059119762637e+02 1.528717637166964778e+02 1.520138993404273435e+02 1.580441262319831139e+02 1.720669564175306050e+02 1.836139618013240806e+02 1.826366530615568990e+02 1.626366530615551937e+02 1.640365226810605748e+02 1.440365226810588695e+02 1.640365226810605748e+02 1.630470016733636669e+02 1.430470016733619616e+02 1.289048660496298169e+02
1.147285722333779177e+02 1.031815668495852520e+02 1.231815668495855220e+02 1.359493022526272625e+02 1.159493022526255714e+02 1.230203700644911464e+02 1.371625056882232911e+02 1.571625056882249964e+02 1.511940217583452295e+02 1.311940217583435242e+02 1.170518861346113937e+02 1.055048807508187281e+02 1.081382173320707381e+02 1.196852227158634037e+02 1.338273583395955484e+02 1.538273583395972537e+02 1.591031075669647521e+02 1.391031075669630468e+02 1.290406788287691029e+02 1.090406788287673976e+02 1.190406788287675397e+02 1.305876842125610153e+02 1.447298198362931601e+02 1.647298198362948654e+02 1.680237039240098511e+02 1.720138993404290488e+02 1.780441262319848192e+02 1.846358285537457391e+02 1.867787886852881911e+02 1.667787886852864858e+02 1.526366530615543411e+02 1.450773636013691714e+02 1.380062957895030991e+02 1.580062957895048044e+02 1.585748657183636965e+02 1.385748657183619912e+02 1.244327300946298607e+02
1.121597246783730952e+02 9.801758905464195948e+01 1.170831885768241705e+02 1.210055112795879211e+02 1.101757995607292457e+02 1.217228049445219114e+02 1.358649405682540419e+02 1.558649405682557472e+02 1.464799765504338609e+02 1.264799765504321556e+02 1.123378409267010198e+02 1.007908355429083542e+02 1.039679290509291860e+02 1.155149344347218516e+02 1.296570700584539964e+02 1.496570700584557017e+02 1.449609719432326074e+02 1.249609719432309021e+02 1.266329617670522509e+02 1.066329617670519809e+02 1.166329617670521088e+02 1.281799671508455845e+02 1.423221027745777292e+02 1.623221027745794345e+02 1.480237039240081458e+02 1.680237039240098511e+02 1.766838213495980199e+02 1.646358285537440338e+02 1.830888231699531161e+02 1.793310789923102107e+02 1.593310789923085053e+02 1.451889433685763606e+02 1.336419379847828850e+02 1.536419379847845903e+02 1.544923828137250155e+02 1.344923828137233102e+02 1.203502471899911797e+02
1.074456794704627214e+02 9.330354384673158563e+01 9.708318857682390046e+01 1.010055112795876369e+02 1.051757995607291889e+02 1.141200714707284618e+02 1.256670768545211274e+02 1.456670768545228327e+02 1.422159622233216112e+02 1.222159622233199059e+02 1.080738265995887559e+02 9.652682121579609031e+01 1.001189272563316308e+02 1.116659326401242964e+02 1.258080682638554322e+02 1.458080682638571375e+02 1.349609719432324653e+02 1.149609719432307742e+02 1.243235606902937320e+02 1.043235606902934478e+02 1.158705660740861134e+02 1.300127016978182439e+02 1.500127016978199492e+02 1.552578770323576975e+02 1.364766985402146702e+02 1.564766985402163755e+02 1.566838213495963146e+02 1.504936929300118891e+02 1.630888231699514108e+02 1.754087562895462042e+02 1.554087562895444989e+02 1.412666206658123542e+02 1.297196152820188786e+02 1.425865784462051806e+02 1.507127380836327006e+02 1.307127380836309953e+02 1.165706024598988648e+02
1.045885366133198318e+02 9.044640098958869601e+01 1.104464009895889660e+02 1.210055112795879211e+02 1.251757995607294731e+02 1.341200714707301529e+02 1.456670768545228327e+02 1.495668975091926143e+02 1.295668975091909090e+02 1.154247618854587785e+02 1.038777565016661129e+02 9.387775650166597075e+01 1.054247618854586364e+02 1.195668975091897721e+02 1.395668975091914774e+02 1.409381417576862532e+02 1.209381417576845479e+02 1.067960061339534121e+02 1.220874927127939031e+02 1.020874927127936331e+02 1.162296283365247689e+02 1.362296283365264742e+02 1.405873964107918823e+02 1.352578770323559922e+02 1.275324266302147720e+02 1.475324266302164631e+02 1.425416857258641699e+02 1.389466875462184134e+02 1.489466875462192661e+02 1.689466875462209714e+02 1.602102671890513363e+02 1.402102671890496310e+02 1.260681315653174863e+02 1.225865784462034895e+02 1.425865784462051806e+02 1.330350685539677897e+02 1.130350685539660844e+02
1.018413253343460383e+02 8.769918971061488833e+01 9.664346162061416123e+01 1.066434616206142891e+02 1.181904670044069547e+02 1.323326026281390853e+02 1.523326026281407906e+02 1.470862028174074112e+02 1.270862028174057059e+02 1.129440671936745701e+02 1.013970618098819045e+02 9.139706180988177664e+01 1.029440671936744423e+02 1.170862028174055922e+02 1.370862028174072975e+02 1.342714750910195107e+02 1.142714750910178054e+02 1.001293394672866555e+02 1.160461452848476540e+02 9.990531381043368242e+01 1.199053138104339666e+02 1.234638368170595584e+02 1.205873964107901770e+02 1.211157414086238475e+02 1.199731371700301281e+02 1.368243920609299948e+02 1.309946803420706942e+02 1.318756197343523411e+02 1.460177553580844858e+02 1.660177553580861911e+02 1.691370895705022974e+02 1.549949539467701527e+02 1.392532451128718094e+02 1.192532451128701183e+02 1.392532451128718094e+02 1.296050968511175654e+02 1.096050968511158601e+02
9.928058773568807283e+01 8.513845211195693707e+01 9.408272402195620998e+01 1.040827240219563521e+02 1.156297294057490177e+02 1.297718650294811482e+02 1.497718650294828535e+02 1.447453798734847794e+02 1.247453798734830741e+02 1.106032442497519384e+02 9.905623886595927274e+01 8.905623886595914485e+01 1.006032442497518105e+02 1.147453798734829604e+02 1.347453798734846657e+02 1.284979723991231708e+02 1.084979723991214655e+02 9.435583677539032976e+01 9.604614528484738400e+01 9.774865834636489126e+01 1.005770854711111184e+02 1.034638368170592742e+02 1.064452607870590271e+02 1.095687360248311819e+02 1.129020693581645531e+02 1.168243920609282895e+02 1.209946803420698416e+02 1.258453928427965565e+02 1.373923982265900463e+02 1.573923982265917516e+02 1.491370895705005921e+02 1.349949539467684474e+02 1.249949539467676090e+02 1.160506820367683360e+02 1.360506820367700413e+02 1.253902221706991895e+02 1.081908832887427536e+02
9.687287067397267037e+01 8.273073505024152041e+01 9.427774043403418602e+01 1.084198760577653218e+02 1.284198760577670271e+02 1.427591643929549434e+02 1.491083060630165562e+02 1.425231576512625509e+02 1.225231576512608456e+02 1.083810220275297098e+02 9.683401664373704421e+01 8.683401664373690210e+01 9.838102202752956771e+01 1.125231576512607035e+02 1.325231576512624088e+02 1.268915337413167492e+02 1.068915337413164650e+02 9.274939811758531505e+01 1.127493981175855993e+02 1.177486583463651755e+02 1.205770854711113884e+02 1.234638368170595584e+02 1.264452607870593113e+02 1.295687360248328730e+02 1.329020693581662442e+02 1.368243920609299948e+02 1.409946803420715469e+02 1.399875284665286870e+02 1.573923982265917516e+02 1.661266930512871625e+02 1.579617272420092320e+02 1.472439785374031942e+02 1.272439785374014889e+02 1.131018429136703531e+02 1.253902221706991895e+02 1.053902221706989053e+02 1.067836881992821532e+02
9.456346959721412304e+01 8.042133397348298729e+01 9.456346959721412304e+01 1.145634695972144073e+02 1.296578696895340101e+02 1.227591643929532381e+02 1.291083060630148509e+02 1.491083060630165562e+02 1.304031618912496810e+02 1.104031618912479757e+02 9.626102626751682578e+01 8.471402088372416017e+01 9.885615650745529592e+01 1.188561565074555801e+02 1.283097429766471862e+02 1.296430763099805290e+02 1.111632949461492785e+02 9.116329494614900852e+01 1.053054305698801443e+02 1.253054305698804285e+02 1.312766027174868668e+02 1.346572197364009753e+02 1.383087034531021402e+02 1.423087034531021970e+02 1.467808394081018264e+02 1.519448172030461137e+02 1.560163536297742155e+02 1.599875284665303923e+02 1.661266930512871625e+02 1.461266930512854572e+02 1.379617272420075267e+02 1.377893647267217432e+02 1.302447000565291546e+02 1.102447000565274635e+02 1.240067932429670066e+02 1.040067932429667366e+02 1.129510651529660095e+02
9.232740161971432258e+01 7.818526599598317262e+01 9.232740161971432258e+01 1.123274016197146068e+02 1.096578696895323048e+02 1.086170287692220882e+02 1.175613006792213611e+02 1.375613006792230522e+02 1.283512051870793300e+02 1.083512051870776247e+02 9.420906956334648896e+01 8.266206417955382335e+01 1.026620641795541076e+02 1.154468342029335304e+02 1.083097429766454809e+02 1.096430763099788237e+02 1.066693987381952127e+02 8.959677404617308127e+01 1.095967740461733513e+02 1.139721894335858963e+02 1.112766027174851615e+02 1.146572197363992700e+02 1.183087034531004349e+02 1.223087034531004917e+02 1.267808394081001211e+02 1.319448172030444084e+02 1.360163536297725102e+02 1.560163536297742155e+02 1.461266930512854572e+02 1.319845574275533124e+02 1.238195916182753820e+02 1.177893647267200379e+02 1.124441398884714829e+02 1.074441398884714118e+02 1.050364228267559952e+02 1.026459656080871810e+02 1.167881012318183309e+02
9.015809704152772497e+01 7.601596141779658922e+01 9.015809704152772497e+01 1.101580970415280092e+02 9.551573406580116909e+01 1.015459609573565274e+02 1.156880965810876774e+02 1.356880965810893827e+02 1.263512051870779089e+02 1.063512051870776247e+02 9.220906956334647475e+01 8.066206417955380914e+01 1.000000424330955013e+02 9.544683420293324616e+01 9.416760735291433093e+01 9.550094068624767374e+01 8.666939873819494267e+01 8.803977615785001376e+01 9.095707598780794001e+01 9.397218943358561205e+01 9.713446709375402577e+01 1.005150841126681343e+02 1.041665678293692849e+02 1.081665678293693418e+02 1.126387037843689711e+02 1.178026815793122637e+02 1.244693482459790204e+02 1.386114838697111509e+02 1.586114838697128562e+02 1.519845574275550177e+02 1.379617272420075267e+02 1.377893647267217432e+02 1.324441398884731882e+02 1.274441398884716818e+02 1.214694950198521610e+02 1.014694950198518768e+02 1.214694950198521610e+02
8.804991193474879196e+01 7.390777631101764200e+01 9.390777631101792622e+01 1.101705092275528841e+02 9.017050922755261411e+01 1.017175146113452797e+02 1.158596502350764297e+02 1.358596502350781350e+02 1.243900438356960478e+02 1.043900438356957636e+02 9.024790821196461366e+01 7.870090282817194804e+01 8.000004243309521712e+01 8.130469857920211041e+01 8.262060196912166532e+01 8.395393530245500813e+01 8.530541005925398679e+01 9.944754568298512254e+01 1.050992116115390900e+02 1.081143250573167620e+02 1.112766027174851615e+02 1.146572197363992700e+02 1.183087034531004349e+02 1.223087034531004917e+02 1.267808394081001211e+02 1.293496869631057393e+02 1.360163536297725102e+02 1.560163536297742155e+02 1.669659934475970431e+02 1.554189880638035675e+02 1.579617272420092320e+02 1.559882245554171902e+02 1.359882245554154849e+02 1.218460889316833544e+02 1.102990835478906888e+02 1.002990835478905609e+02 1.179876951662226361e+02
8.598706944223118853e+01 7.184493381850003857e+01 9.184493381850032279e+01 9.731818022302928739e+01 8.558219455014132393e+01 9.972433017387245968e+01 1.197243301738727439e+02 1.254518264751979757e+02 1.263365743856056156e+02 1.117662746477870428e+02 9.176627464778675858e+01 7.762413902405560862e+01 9.762413902405589283e+01 1.013046985792023804e+02 9.676273759285280107e+01 9.809607092618614388e+01 1.053054100592542568e+02 1.194475456829854068e+02 1.250992116115393742e+02 1.281143250573184673e+02 1.312766027174868668e+02 1.346572197364009753e+02 1.383087034531021402e+02 1.423087034531021970e+02 1.467808394081018264e+02 1.434918225868378840e+02 1.560163536297742155e+02 1.669659934475970431e+02 1.469659934475953378e+02 1.354189880638018622e+02 1.554189880638035675e+02 1.548277068490458817e+02 1.348277068490441764e+02 1.206855712253120458e+02 1.091385658415193802e+02 9.913856584151923812e+01 9.798769516622235187e+01
8.982462872939586873e+01 6.982462872939559873e+01 7.353853549293668834e+01 7.731818022302900317e+01 8.131818022302906002e+01 1.013181802230293442e+02 1.145722274809307635e+02 1.054518264751976915e+02 1.063365743856053314e+02 1.106956991926426497e+02 9.069569919264236546e+01 7.655356356891121550e+01 9.069569919264236546e+01 1.106956991926426497e+02 1.167627375928530853e+02 1.180960709261864281e+02 1.217640264664583185e+02 1.250973597997916897e+02 1.285789129189070934e+02 1.322928196824481972e+02 1.362928196824482541e+02 1.406571774871681555e+02 1.455078899878948562e+02 1.510548919501482317e+02 1.577215586168149741e+02 1.634918225868395893e+02 1.729431632620512573e+02 1.529431632620495520e+02 1.388010276383174073e+02 1.272540222545239317e+02 1.472540222545256370e+02 1.615474518295582129e+02 1.415474518295565076e+02 1.274053162058243771e+02 1.158583108220317115e+02 1.058583108220315836e+02 9.691403891203231069e+01
8.806372691674459929e+01 6.806372691674432929e+01 8.806372691674459929e+01 9.731818022302928739e+01 1.013181802230293442e+02 1.021540084134000494e+02 9.457222748093047926e+01 9.130969085146655573e+01 9.219443876187419562e+01 1.056967874250658497e+02 9.549057556200602903e+01 7.549057556200574481e+01 8.963271118573689478e+01 1.096327111857371790e+02 1.138917946424949434e+02 1.161710061716877078e+02 1.017640264664580343e+02 1.050973597997914055e+02 1.085789129189053881e+02 1.122928196824464919e+02 1.162928196824465488e+02 1.206571774871664502e+02 1.255078899878931509e+02 1.310548919501465264e+02 1.377215586168132688e+02 1.535794229930836821e+02 1.669129363704959133e+02 1.469129363704942079e+02 1.327708007467620632e+02 1.212237953629685876e+02 1.353659309867007323e+02 1.553659309867024376e+02 1.515401919126534835e+02 1.315401919126517782e+02 1.173980562889196477e+02 1.058510509051269821e+02 9.585105090512684001e+01
8.382899324174175604e+01 6.632295035718733800e+01 8.543691934781932673e+01 8.628972221324178804e+01 8.714800436408754081e+01 8.215400841339976523e+01 8.043009185719934351e+01 7.976268546767389012e+01 8.064743337808153001e+01 8.569678742506556546e+01 9.246562683868324939e+01 7.443354271684235357e+01 9.443354271684262358e+01 9.752743679654153652e+01 9.389179464249465923e+01 9.617100617168742360e+01 8.762189084272688433e+01 9.095522417606025556e+01 9.443677729517425234e+01 9.815068405871534196e+01 1.021506840587153988e+02 1.065150418634353002e+02 1.113657543641620151e+02 1.169127563264143816e+02 1.235794229930811383e+02 1.335794229930819768e+02 1.535794229930836821e+02 1.505152184859757085e+02 1.305152184859740032e+02 1.163730828622418727e+02 1.305152184859740032e+02 1.505152184859757085e+02 1.504890152501982072e+02 1.304890152501965019e+02 1.163468796264643714e+02 1.047998742426717058e+02 9.479987424267156371e+01
6.382899324174148603e+01 6.458873041813907889e+01 6.543691934781905672e+01 6.628972221324150382e+01 6.714800436408725659e+01 6.801187278966861527e+01 6.888308647340667790e+01 6.976268546767376222e+01 7.064743337808138790e+01 7.155465180133441550e+01 7.246562683868297938e+01 7.337945016345288707e+01 7.544229265597049050e+01 7.752743679654126652e+01 7.974965901876350927e+01 8.202887054795628785e+01 8.441932776662510207e+01 1.044193277666253721e+02 1.144367772951745224e+02 1.181506840587156262e+02 1.221506840587156830e+02 1.265150418634355844e+02 1.313657543641637062e+02 1.369127563264160869e+02 1.377215586168132688e+02 1.535794229930836821e+02 1.577982095426561102e+02 1.377982095426544049e+02 1.236560739189222744e+02 1.121090685351296088e+02 1.262512041588607588e+02 1.462512041588624641e+02 1.494520635554677597e+02 1.294520635554660544e+02 1.153099279317339239e+02 1.037629225479412582e+02 9.376292254794113035e+01
