docs/source/teaching/surface_water_hydrology_exercises/overland_flow_notebooks/Square_TestBasin.asc
nrows 200
cellsize 30.0
xllcorner 0.0
ncols 200
yllcorner 0.0
[rows 102 to 118 of 200, columns 0 to 36 of 200]
-9.999000000000000000e+03 1.285453200215500544e+02 1.144031843978179097e+02 1.171667532553346120e+02 9.716675325533432783e+01 8.302461763160319208e+01 1.030246176316034621e+02 1.060985512701762730e+02 1.043238382513440285e+02 1.125896183122959258e+02 1.159691868614364978e+02 9.596918686143621358e+01 8.182705123770506361e+01 7.028004585391239800e+01 8.459273433990847479e+01 6.489549446758651641e+01 8.489549446758678641e+01 1.017225391057199602e+02 9.890242403875117816e+01 8.806879381516313288e+01 8.278010149990998912e+01 8.257649526021566544e+01 7.257649526021552333e+01 6.550542744834996256e+01 7.217209411501671923e+01 8.111636602501599214e+01 9.525850164874714210e+01 1.105927795732084462e+02 1.061633214900878954e+02 9.461631610629524403e+01 8.858608921473989994e+01 7.738300000022219649e+01 7.907057609534962239e+01 6.962060567854481974e+01 6.641804260244292379e+01 6.350074277248539545e+01 6.080394332263229273e+01
-9.999000000000000000e+03 1.485453200215517597e+02 1.344031843978196150e+02 1.205000865886679833e+02 1.005000865886676991e+02 8.635795096493656331e+01 1.063579509649368333e+02 1.260985512701765572e+02 1.243238382513443128e+02 1.289843003072157046e+02 1.089843003072139993e+02 9.484216468348286355e+01 8.329515929969019794e+01 7.329515929969007004e+01 8.801896970535895548e+01 6.801896970535867126e+01 8.216110532908982123e+01 1.021611053290901054e+02 1.189024240387514624e+02 9.961579919895579849e+01 9.278010149991013122e+01 9.412350064400833105e+01 8.412350064400818894e+01 7.550542744835010467e+01 8.371909949880938484e+01 9.525850164874714210e+01 1.152585016487474263e+02 1.061633214900878954e+02 8.616332149008762542e+01 7.461631610629495981e+01 6.858608921473961573e+01 6.324086437649105363e+01 5.907057609534935239e+01 5.547847005481367688e+01 5.227590697871178094e+01 4.935860714875374811e+01 4.666180769890064539e+01
-9.999000000000000000e+03 1.455826258783949925e+02 1.255826258783932872e+02 1.114404902546621514e+02 9.989348487086948580e+01 8.989348487086934369e+01 1.040356204946004937e+02 1.240356204946007779e+02 1.411311352933167598e+02 1.211311352933150545e+02 1.069889996695839187e+02 9.544199428579125311e+01 8.544199428579112521e+01 7.649772237579185230e+01 9.130694945146612440e+01 7.130694945146585439e+01 8.285395483525852001e+01 9.699609045898966997e+01 1.169960904589899542e+02 1.137579348226869342e+02 1.043271068837027968e+02 1.082656362677394668e+02 9.826563626773932469e+01 8.705243283214277028e+01 9.786123512254053480e+01 1.152585016487474263e+02 1.315304375510266937e+02 1.143282872993652575e+02 9.432828729936498746e+01 8.278128191557232185e+01 8.858608921473989994e+01 7.140583018576842278e+01 6.723554190462671443e+01 6.442274196481295689e+01 6.122017888871138069e+01 5.830287905875334786e+01 6.666180769890092961e+01
-9.999000000000000000e+03 1.445826258783949640e+02 1.245826258783932587e+02 1.104404902546621230e+02 9.889348487086945738e+01 9.389348487086940054e+01 1.080356204946005505e+02 1.280356204946036485e+02 1.394480612325237985e+02 1.194480612325220932e+02 1.053059256087909574e+02 9.375892022499829181e+01 8.375892022499816392e+01 7.997927549490584909e+01 9.484248335739891900e+01 7.484248335739863478e+01 8.638948874119130039e+01 1.005316243649224361e+02 1.205316243649227204e+02 1.337579348226886395e+02 1.184692425074339326e+02 1.282656362677411721e+02 1.182656362677396089e+02 1.011945684558739060e+02 1.178612351225408190e+02 1.309247612019339897e+02 1.115304375510250026e+02 1.315304375510266937e+02 1.143282872993652575e+02 9.692341753930347181e+01 1.003501020957679657e+02 8.035010209576769569e+01 7.617981381462598733e+01 7.442274196481309900e+01 7.122017888871151570e+01 6.830287905875348997e+01 7.495025627978563421e+01
-9.999000000000000000e+03 1.503561285702922987e+02 1.303561285702905934e+02 1.162139929465584487e+02 1.046669875627657831e+02 1.020584506801467626e+02 1.162005863038779125e+02 1.362005863038796178e+02 1.366611104433291928e+02 1.284961446340518307e+02 1.221715893137135538e+02 1.079292085061399860e+02 8.792920850613971595e+01 8.997927549490597698e+01 9.869148515199645999e+01 7.869148515199618998e+01 8.869148515199631788e+01 1.002384905357889835e+02 1.143806261595201192e+02 1.343806261595218245e+02 1.384692425074356379e+02 1.428139837881076346e+02 1.312669784043149832e+02 1.211945684558741902e+02 1.309247612019339897e+02 1.109247612019322844e+02 9.998343216723233695e+01 1.199834321672326212e+02 1.281350576018334380e+02 1.169234175393037560e+02 1.118971074795606455e+02 9.189710747956036130e+01 8.617981381462612944e+01 8.596974734860576461e+01 8.276718427250418131e+01 7.984988444254615558e+01 8.127481160012270323e+01
-9.999000000000000000e+03 1.499030211839112781e+02 1.299030211839095728e+02 1.199030211839087201e+02 1.117380553746313581e+02 1.136054560639394282e+02 1.336054560639411193e+02 1.308032460670596322e+02 1.166611104433274875e+02 1.084961446340501254e+02 1.021715893137132838e+02 9.700761151876999122e+01 9.229356631085961737e+01 1.015262808786986426e+02 9.305584295671621931e+01 8.305584295671609141e+01 8.882934564861241711e+01 9.590041346047797788e+01 1.048446853704772508e+02 1.248446853704775208e+02 1.428139837881076346e+02 1.228139837881059435e+02 1.112669784043132779e+02 1.312669784043149832e+02 1.193777558181398888e+02 9.937775581813961878e+01 9.103916025723306404e+01 1.082194192862045270e+02 1.081350576018317327e+02 1.210639897899664277e+02 1.300082616999671075e+02 1.118971074795606455e+02 9.772681919841879505e+01 1.001118829723369004e+02 9.690931989623533127e+01 9.399202006627729133e+01 8.883410106030734710e+01
-9.999000000000000000e+03 1.640451568076434228e+02 1.440451568076417175e+02 1.399030211839104254e+02 1.317380553746330634e+02 1.336054560639411193e+02 1.450955434771003638e+02 1.508032460670613375e+02 1.308032460670596322e+02 1.226382802577812754e+02 1.137185946975059494e+02 1.111497471425011270e+02 1.064357019345907531e+02 1.156684165024297783e+02 1.046028483405088849e+02 9.305584295671621931e+01 1.003763510324050827e+02 1.100425490842091278e+02 1.163916907542699164e+02 1.363916907542716217e+02 1.372441482187687711e+02 1.172441482187670658e+02 1.031020125950359159e+02 1.231020125950362001e+02 1.104334839081406301e+02 9.043348390814034587e+01 8.287419444795570200e+01 8.821941928620425699e+01 9.399292197810058269e+01 1.010639897899661435e+02 1.100082616999654164e+02 1.241503973236965521e+02 1.118689548221499308e+02 1.201118829723371846e+02 1.169093198962356155e+02 1.139920200662775756e+02 9.883410106030748921e+01
-9.999000000000000000e+03 1.689092745669155704e+02 1.573622691831220948e+02 1.491973033738441643e+02 1.425306367071769387e+02 1.365004098156215662e+02 1.250955434770986585e+02 1.404645209682977054e+02 1.508032460670613375e+02 1.426382802577829807e+02 1.278607303212370994e+02 1.311497471425028323e+02 1.264357019345910373e+02 1.356684165024314837e+02 1.187449839642400207e+02 1.046028483405088849e+02 1.145184866561362185e+02 1.300425490842108331e+02 1.363916907542716217e+02 1.398866984155177136e+02 1.283396930317250337e+02 1.167774572746993442e+02 9.677745727469907422e+01 1.167774572746993442e+02 1.132366853415948071e+02 9.323668534159452292e+01 7.909454971786338717e+01 9.909454971786365718e+01 1.139929219781008669e+02 1.210639897899664277e+02 1.300082616999671075e+02 1.441503973236982574e+02 1.318689548221516361e+02 1.342603368907797972e+02 1.242603368907782340e+02 1.167010474305936043e+02 1.103764921102567484e+02
-9.999000000000000000e+03 1.489092745669138651e+02 1.373622691831203895e+02 1.291973033738424590e+02 1.225306367071752334e+02 1.165004098156198751e+02 1.109534078533675086e+02 1.204645209682960001e+02 1.352666572545658141e+02 1.468136626383584940e+02 1.478607303212388047e+02 1.427191130351550044e+02 1.227191130351532991e+02 1.427191130351550044e+02 1.387449839642417260e+02 1.187449839642400207e+02 1.345184866561379238e+02 1.411767060254706223e+02 1.398866984155177136e+02 1.198866984155160083e+02 1.083396930317233426e+02 9.939542112172406974e+01 9.123045531244670769e+01 1.112304553124469919e+02 1.097011514356620410e+02 8.970115143566175675e+01 7.555901581193060679e+01 8.970115143566175675e+01 1.097011514356620410e+02 1.143982871548541596e+02 1.233425590648534467e+02 1.348895644486475192e+02 1.342603368907797972e+02 1.142603368907780919e+02 1.042603368907779640e+02 9.670104743059332009e+01 9.037649211025647844e+01
-9.999000000000000000e+03 1.689092745669155704e+02 1.573622691831220948e+02 1.491973033738441643e+02 1.400955434771002786e+02 1.200955434770985732e+02 1.059534078533674375e+02 1.063223853445648501e+02 1.152666572545641230e+02 1.268136626383567886e+02 1.468136626383584940e+02 1.311721076513623245e+02 1.111721076513606334e+02 1.253142432750917692e+02 1.453142432750934745e+02 1.387449839642417260e+02 1.411767060254706223e+02 1.211767060254689170e+02 1.411767060254706223e+02 1.318187433078059598e+02 1.210082331314582405e+02 1.010082331314579562e+02 8.686609750772680627e+01 1.068660975077270905e+02 1.064131716895548436e+02 8.641317168955455941e+01 7.227103606582342366e+01 8.641317168955455941e+01 1.064131716895548436e+02 9.439828715485388955e+01 1.033425590648531625e+02 1.148895644486458281e+02 1.348895644486475192e+02 1.342603368907797972e+02 1.242603368907782340e+02 1.167010474305936043e+02 1.103764921102567484e+02
-9.999000000000000000e+03 1.672343364716117264e+02 1.472343364716100211e+02 1.493078368042475859e+02 1.293078368042458806e+02 1.213650931759564173e+02 1.013650931759561473e+02 9.925131753269928936e+01 1.133934531564304393e+02 1.333934531564321446e+02 1.432717323071461522e+02 1.236128181911762738e+02 1.036128181911759896e+02 1.177549538149071395e+02 1.377549538149088448e+02 1.456099261016044579e+02 1.311767060254704802e+02 1.111767060254687891e+02 1.247438738790114883e+02 1.118187433078042545e+02 1.170082331314581836e+02 9.700823313145789939e+01 8.286609750772674943e+01 9.543496906093355392e+01 1.033271046903129786e+02 8.332710469031269440e+01 6.918496906658154444e+01 8.332710469031269440e+01 1.033271046903129786e+02 8.683899769466924567e+01 9.838600307846191129e+01 1.125281387021930470e+02 1.325281387021947523e+02 1.294215265105241315e+02 1.094215265105224262e+02 1.123504586986569791e+02 1.122399265327458977e+02
-9.999000000000000000e+03 1.530922008478795817e+02 1.330922008478778764e+02 1.351657011805154411e+02 1.151657011805137358e+02 1.051657011805136079e+02 9.700073537123624590e+01 9.322109064114393107e+01 1.073632262648750668e+02 1.273632262648753510e+02 1.232717323071444468e+02 1.091295966834133111e+02 9.758259129962064549e+01 1.117247269233517954e+02 1.317247269233535008e+02 1.256099261016027526e+02 1.225235185678726282e+02 1.030117402161914271e+02 1.047438738790112041e+02 9.767660768407310456e+01 1.122669323166094557e+02 9.908645277763471881e+01 7.908645277763443460e+01 7.543496906093328391e+01 9.543496906093355392e+01 8.626766923662390241e+01 6.626766923662361819e+01 8.626766923662390241e+01 1.008087708031141858e+02 8.080877080311390159e+01 9.235577618690656720e+01 1.064979118106377030e+02 1.264979118106379872e+02 1.152793908867915604e+02 9.527939088679127622e+01 9.235045869865669488e+01 9.266132111267347682e+01
-9.999000000000000000e+03 1.430922008478787291e+02 1.230922008478770238e+02 1.362248001585706163e+02 1.312248001585705595e+02 1.251657011805138779e+02 1.101350236419023361e+02 9.013502364190205185e+01 1.042771592656332018e+02 1.242771592656334860e+02 1.268740144226253506e+02 1.068740144226250663e+02 9.273187879889393059e+01 1.127318787988942006e+02 1.314677904778733080e+02 1.114677904778716169e+02 1.025235185678723440e+02 9.545245075600678319e+01 9.060173825528006830e+01 8.612960230028043895e+01 9.226693231660917149e+01 9.441088992933720192e+01 9.195341594181957134e+01 7.195341594181928713e+01 9.195341594181957134e+01 8.343924211187766105e+01 6.343924211187739104e+01 8.343924211187766105e+01 8.750261955466820041e+01 7.580877080311384475e+01 9.580877080311412897e+01 1.037916191534258417e+02 1.119565849627032037e+02 1.052793908867914183e+02 8.527939088679113411e+01 7.820832307492555913e+01 7.266132111267319260e+01
-9.999000000000000000e+03 1.349272350386013670e+02 1.149272350385996617e+02 1.162248001585689110e+02 1.112248001585688542e+02 1.126105285798383591e+02 1.071861845188043389e+02 8.718618451880406894e+01 1.013283201425352047e+02 1.213283201425354889e+02 1.225096566179054491e+02 1.025096566179051649e+02 8.836752099417402917e+01 1.025096566179051649e+02 1.225096566179054491e+02 1.314677904778733080e+02 1.225235185678726282e+02 1.154524507560070674e+02 1.020471193956420279e+02 8.204711939564175793e+01 7.812479669287802153e+01 7.441088992933693191e+01 8.862008260848620012e+01 6.862008260848591590e+01 8.862008260848620012e+01 8.069203083290375389e+01 6.069203083290347678e+01 6.407264785181770606e+01 6.750261955466793040e+01 7.109472559520347090e+01 7.712495248675881498e+01 8.379161915342557165e+01 9.195658496270293369e+01 1.119565849627032037e+02 9.942152651052228407e+01 9.235045869865669488e+01 8.680345673640434256e+01
-9.999000000000000000e+03 1.278561672267343567e+02 1.078561672267340867e+02 1.020826645348377610e+02 9.708266453483770420e+01 9.261052857983807485e+01 8.844024029869652281e+01 8.435775739405784179e+01 9.849989301778899176e+01 1.184998930177892760e+02 1.185873339151417269e+02 9.858733391514144273e+01 8.444519829141029277e+01 9.858733391514144273e+01 1.185873339151417269e+02 1.261923491598019496e+02 1.146453437760092697e+02 1.070860543158246401e+02 1.010558274242692676e+02 9.589184962932597500e+01 9.081878388880167563e+01 7.081878388880139141e+01 8.475524187221603256e+01 6.541751953238413364e+01 8.031267014750136468e+01 7.839701757705897478e+01 5.858384572612445851e+01 7.858384572612473562e+01 8.750261955466820041e+01 9.109472559520375512e+01 9.712495248675909920e+01 1.037916191534258417e+02 1.035035903464955993e+02 1.235035903464958835e+02 1.194215265105225683e+02 1.123504586986569791e+02 1.068034567364046268e+02
-9.999000000000000000e+03 1.419983028504669278e+02 1.219983028504652225e+02 1.220826645348380453e+02 1.170826645348379884e+02 1.126105285798383591e+02 1.020785458648653332e+02 8.207854586486506321e+01 9.622068148859619896e+01 1.162206814885964832e+02 1.149952278746061722e+02 9.499522787460588802e+01 8.085309225087475227e+01 9.499522787460588802e+01 1.149952278746061722e+02 1.061923491598016653e+02 9.464534377600899973e+01 8.708605431582435585e+01 8.105582742426899756e+01 7.589184962932570500e+01 7.141971367432607565e+01 6.733723076968739463e+01 6.475524187221574834e+01 6.225524187221571282e+01 6.031267014750109468e+01 5.839701757705869767e+01 5.649870158555361144e+01 6.544297349555289145e+01 7.544297349555301935e+01 8.698997887934568496e+01 1.011321145030768207e+02 1.211321145030771049e+02 1.235035903464958835e+02 1.394903680324572122e+02 1.194903680324555069e+02 1.213254022231782869e+02 1.146587355565115161e+02
-9.999000000000000000e+03 1.526547023694460847e+02 1.326547023694443794e+02 1.185125667457122489e+02 1.069655613619195833e+02 9.696556136191945541e+01 8.802128945192018250e+01 7.985632364264282046e+01 9.399845926637397042e+01 1.139984592663742546e+02 1.116618945412728010e+02 9.166189454127251679e+01 7.751975891754138104e+01 9.166189454127251679e+01 1.116618945412728010e+02 1.261923491598019496e+02 1.087874793997401355e+02 1.012281899395555058e+02 9.519796304800013331e+01 8.743885501311837061e+01 8.296671905811874126e+01 8.147936639341853038e+01 7.889737749594689831e+01 8.225524187221598993e+01 8.031267014750136468e+01 7.511527265782167717e+01 5.511527265782140006e+01 7.511527265782167717e+01 8.425086965152675589e+01 9.028109654308212839e+01 9.735216435494768916e+01 1.062964362649469479e+02 1.204385718886780978e+02 1.253482324087246411e+02 1.053482324087243569e+02 1.013254022231780027e+02 9.465873555651123183e+01
