docs/source/teaching/surface_water_hydrology_exercises/overland_flow_notebooks/Square_TestBasin.asc
nrows 200
cellsize 30.0
xllcorner 0.0
ncols 200
yllcorner 0.0
[rows 68 to 84 of 200, columns 148 to 184 of 200]
9.629858158991696371e+01 1.124181079020499965e+02 9.241810790204972648e+01 1.065602435257808622e+02 1.265602435257811464e+02 1.082824368981835050e+02 8.828243689818322082e+01 7.414030127445208507e+01 6.259329589065941235e+01 5.259329589065892208e+01 7.259329589065919208e+01 7.396889089342442958e+01 7.443705548220897583e+01 7.490586271314748501e+01 7.537518596761144352e+01 7.584489735991249404e+01 8.031703331491229392e+01 8.503107852282266776e+01 9.019505631776596033e+01 9.596855900966227182e+01 1.026352256763290427e+02 1.108001914856064047e+02 1.223471968693990561e+02 1.374974785166243123e+02 1.247903882034791820e+02 1.047903882034788978e+02 1.131360684995774193e+02 1.141688640585660721e+02 1.152114361288514601e+02 1.162640677077988300e+02 1.173270557147043007e+02 1.184181451658842548e+02 1.195207808587242084e+02 1.206423251669083072e+02 1.177758849493736193e+02 1.036337493256424835e+02 1.056238237060624812e+02
8.475157620612429810e+01 9.823312932523845120e+01 8.725413010710643391e+01 1.072541301071067039e+02 1.265455532301112953e+02 1.078425310279689029e+02 8.784253102796861867e+01 7.370039540423748292e+01 6.215339002044481020e+01 5.215339002044431993e+01 7.215339002044458994e+01 8.454484719293660078e+01 8.410913699198630411e+01 8.690969716004244106e+01 8.979644850599072470e+01 9.281156195176851043e+01 9.597383961193705204e+01 9.930717294527042327e+01 1.028427068512031894e+02 1.066223515812955043e+02 1.107048344859341853e+02 1.151769704409338146e+02 1.201769704409338999e+02 1.174974785166226070e+02 1.335097625930162906e+02 1.247903882034791820e+02 1.331360684995791246e+02 1.341688640585677774e+02 1.352114361288531654e+02 1.362640677078005353e+02 1.373270557147060060e+02 1.384181451658859601e+02 1.395207808587259137e+02 1.406423251669100125e+02 1.377758849493753246e+02 1.177758849493736193e+02 1.197659593297936169e+02
7.475157620612417020e+01 7.823312932523816698e+01 8.240341760637971902e+01 9.240341760637986113e+01 1.065455532301110111e+02 9.662847160856799178e+01 8.508146622477531196e+01 7.991748842983203360e+01 7.171412123364930835e+01 5.171412123364903834e+01 7.083873228940242939e+01 6.454484719293633077e+01 6.410913699198601989e+01 6.690969716004217105e+01 6.979644850599044048e+01 7.281156195176822621e+01 7.597383961193676782e+01 7.930717294527013905e+01 8.284270685120290523e+01 8.662235158129522006e+01 9.070483448593390108e+01 9.517697044093353043e+01 1.001769704409336157e+02 1.033553428928914570e+02 1.135097625930145853e+02 1.293676269692852827e+02 1.435097625930164327e+02 1.311611063833209982e+02 1.325095061082474786e+02 1.338896372269321944e+02 1.353038507893053009e+02 1.367548032895253414e+02 1.382455152745252178e+02 1.397794452522199720e+02 1.413605840823041717e+02 1.377758849493753246e+02 1.397659593297953222e+02
9.032295416189600701e+01 8.530419713710372775e+01 1.024034176063800032e+02 1.124034176063801453e+02 9.662847160856799178e+01 7.662847160856770756e+01 6.508146622477504195e+01 5.991748842983175649e+01 5.544535247483195661e+01 5.127506419369025537e+01 5.083873228940215228e+01 5.040271156920518791e+01 4.996700136825486993e+01 5.276756153631102819e+01 5.565431288225929762e+01 5.866942632803708335e+01 6.183170398820561786e+01 6.516503732153898909e+01 6.870057122747176948e+01 7.248021595756408431e+01 7.656269886220276533e+01 8.103483481720239467e+01 8.603483481720246573e+01 9.180833750909879143e+01 9.936762696928343530e+01 1.093676269692835774e+02 1.235097625930147274e+02 1.111611063833192929e+02 1.125095061082457732e+02 1.138896372269304891e+02 1.153038507893035955e+02 1.167548032895236361e+02 1.182455152745235125e+02 1.197794452522182667e+02 1.213605840823024664e+02 1.340547760133430018e+02 1.357272600333571972e+02
9.548693195683929957e+01 9.286348659728837163e+01 1.128634865972886416e+02 1.031074466290278053e+02 8.896531100529665537e+01 7.896531100529652747e+01 7.140602154511188360e+01 7.146449381362442921e+01 6.958748809856309947e+01 6.541719981742139112e+01 7.083873228940242939e+01 6.953676946453761332e+01 4.953676946453733621e+01 6.953676946453761332e+01 7.565431288225957474e+01 7.866942632803736046e+01 8.183170398820590208e+01 8.516503732153927331e+01 8.870057122747203948e+01 9.248021595756435431e+01 9.656269886220303533e+01 1.010348348172026647e+02 1.060348348172027499e+02 1.118083375090990614e+02 1.083103075644025068e+02 1.095933081626017440e+02 1.108951972724099733e+02 9.701897075958815719e+01 9.836737048451463750e+01 9.974750160319935333e+01 1.011617151655724598e+02 1.026126676657925003e+02 1.041033796507923768e+02 1.056373096284871309e+02 1.072184484585713307e+02 1.140547760133412964e+02 1.157272600333554919e+02
1.010339339190916803e+02 1.018077585072876445e+02 1.218077585072879288e+02 1.231074466290280895e+02 1.089653110052969396e+02 9.310744662902766322e+01 8.554815716884303356e+01 8.560662943735556496e+01 8.958748809856336948e+01 8.541719981742167533e+01 8.324897150787688815e+01 6.324897150787661815e+01 4.910683588414497081e+01 6.324897150787661815e+01 8.324897150787688815e+01 8.584706064241117929e+01 8.701348432945081868e+01 8.818995491768617967e+01 8.937883151424176731e+01 9.057835180204995140e+01 9.178880686738762051e+01 9.301278699011186291e+01 9.424839111654236490e+01 9.549839111654242174e+01 8.831030756440222262e+01 8.959330816260145980e+01 9.089519727240968905e+01 8.547196537579549158e+01 8.682036510072197188e+01 8.820049621940668771e+01 8.961470978177979418e+01 9.106566228199983470e+01 9.255637426699971115e+01 9.409030424469446530e+01 9.567144307477866505e+01 9.991264038961016070e+01 1.015851244096243562e+02
1.070641608106470244e+02 1.133547638910803101e+02 1.333547638910820012e+02 1.270099117103566755e+02 1.203432450436899330e+02 1.131074466290279474e+02 1.055481571688433178e+02 1.056066294373558492e+02 1.065867225798931770e+02 9.436653914073556848e+01 7.436653914073528426e+01 6.022440351700414851e+01 4.867739813321106368e+01 6.867739813321134079e+01 7.054829515474747836e+01 6.584706064241089507e+01 6.701348432945054867e+01 6.818995491768589545e+01 6.937883151424148309e+01 7.057835180204966719e+01 7.178880686738733630e+01 7.301278699011159290e+01 7.424839111654208068e+01 7.549839111654213752e+01 7.416817194067107266e+01 7.545117253887030984e+01 7.675306164867855330e+01 7.547196537579534947e+01 7.682036510072184399e+01 7.820049621940655982e+01 7.961470978177966629e+01 8.106566228199970681e+01 8.255637426699958326e+01 8.409030424469433740e+01 8.567144307477853715e+01 8.836563500581749508e+01 9.003811902583169058e+01
1.141352286225125852e+02 1.333547638910820012e+02 1.218120479966248126e+02 1.070099117103563913e+02 1.003432450436896488e+02 1.177342619350686164e+02 1.165867225798933191e+02 1.024445869561621691e+02 8.658672257989289278e+01 9.393759550773188494e+01 7.393759550773160072e+01 5.979545988400045786e+01 4.824845450020737303e+01 4.939742447945027948e+01 5.054829515474720836e+01 5.170492501867974511e+01 5.287134870571940581e+01 5.404781929395475260e+01 5.523669589051033313e+01 5.643621617831852433e+01 5.764667124365618633e+01 5.887065136638045004e+01 6.010625549281093782e+01 6.135625549281099467e+01 6.262116655687840705e+01 6.390416715507763712e+01 6.520605626488588769e+01 6.652769346579607657e+01 6.787609319072257108e+01 6.925622430940728691e+01 7.067043787178039338e+01 7.212139037200043390e+01 7.361210235700031035e+01 7.514603233469506449e+01 7.672717116477926425e+01 7.836563500581736719e+01 8.003811902583156268e+01
1.230795005325118439e+02 1.218120479966248126e+02 1.018120479966245284e+02 9.286777608662525552e+01 8.620110941995849885e+01 9.773426193506833215e+01 9.658672257989303489e+01 8.244458695616188493e+01 7.244458695616174282e+01 9.244458695616202704e+01 8.198906140469986781e+01 6.198906140469959070e+01 4.784692578096794335e+01 6.784692578096822047e+01 7.054829515474747836e+01 6.584706064241089507e+01 6.701348432945054867e+01 6.559482467774742531e+01 6.937883151424148309e+01 7.057835180204966719e+01 6.919367662744885195e+01 7.301278699011159290e+01 7.165326087660361054e+01 7.290326087660366738e+01 7.416817194067107266e+01 7.545117253887030984e+01 7.675306164867855330e+01 7.807469884958874218e+01 7.787609319072271319e+01 7.925622430940742902e+01 8.067043787178053549e+01 8.212139037200057601e+01 8.361210235700045246e+01 8.514603233469520660e+01 8.567144307477853715e+01 9.836563500581763719e+01 8.520209682077485525e+01
1.206250670214559477e+02 1.102650426128321328e+02 9.026504261283186281e+01 8.132077070283258990e+01 7.465410403616583324e+01 8.359212631133718219e+01 1.035921263113374664e+02 8.537351914429646627e+01 6.537351914429618205e+01 8.537351914429646627e+01 8.078649190667323410e+01 6.664435628294158676e+01 4.744572035382540776e+01 6.158785597755705510e+01 8.158785597755732510e+01 8.584706064241117929e+01 8.701348432945081868e+01 7.973696030147857527e+01 8.937883151424176731e+01 9.057835180204995140e+01 8.333581225117998770e+01 9.301278699011186291e+01 8.579539650033476050e+01 8.704539650033481735e+01 8.831030756440222262e+01 8.959330816260145980e+01 9.089519727240968905e+01 9.221683447331989214e+01 8.942309857451537880e+01 9.080322969320009463e+01 9.221744325557320110e+01 9.366839575579324162e+01 9.515910774079311807e+01 9.669303771848787221e+01 9.567144307477866505e+01 1.105473216590236802e+02 9.054732165902341023e+01
1.006250670214556635e+02 1.047137038329433949e+02 1.032492376976449009e+02 8.324923769764461667e+01 6.910710207391346671e+01 7.359212631133704008e+01 8.806428661713377437e+01 7.934329225274112218e+01 5.934329225274083797e+01 7.934329225274112218e+01 6.078649190667295699e+01 4.664435628294130964e+01 4.704475688394308008e+01 5.520972269322074055e+01 6.520972269322086845e+01 7.935185831695201841e+01 9.935185831695230263e+01 9.973696030147885949e+01 1.072454497916542664e+02 1.098945145057843717e+02 1.033358122511802719e+02 1.115343630201091685e+02 1.057953965003350447e+02 1.070453965003351016e+02 1.083103075644025068e+02 1.095933081626017440e+02 1.108951972724099733e+02 1.122168344733201764e+02 1.035652341982465146e+02 1.049453653169312304e+02 1.063595788793043369e+02 1.078105313795243774e+02 1.093012433645242538e+02 1.108351733422190080e+02 1.072184484585713307e+02 1.165775485505790527e+02 9.657754855057876853e+01
8.648293139772452776e+01 8.471370383294311068e+01 8.657156820921218809e+01 8.279192347911987326e+01 6.410710207391339566e+01 6.464785440133776717e+01 6.806428661713349015e+01 7.144145630161834504e+01 5.399806741449209113e+01 7.399806741449236824e+01 6.624427625893356719e+01 4.624427625893329008e+01 6.624427625893356719e+01 7.520972269322101056e+01 8.520972269322115267e+01 8.841250206018045787e+01 9.075332500410317493e+01 9.317868125446662475e+01 8.724544979165398217e+01 8.989451450578408753e+01 1.011480692900477720e+02 9.153436302010889847e+01 1.115343630201091685e+02 1.109530069120874884e+02 1.148753296148512106e+02 1.193474655698508400e+02 1.245114433647941325e+02 1.308359986851324095e+02 1.235652341982467988e+02 1.249453653169315146e+02 1.263595788793046211e+02 1.278105313795246616e+02 1.293012433645259591e+02 1.308351733422207133e+02 1.213605840823024664e+02 1.236486163624446135e+02 1.036486163624443293e+02
7.493592601393186214e+01 7.057156820921196072e+01 6.657156820921190388e+01 6.279192347911958905e+01 5.925638957318668076e+01 5.648288859206039803e+01 5.392215099340235440e+01 5.144145630161806793e+01 4.899806741449184244e+01 6.465923304806321426e+01 6.505191867884957446e+01 4.584443616299722635e+01 6.584443616299751056e+01 6.978359014593766574e+01 7.200581236816000796e+01 6.841250206018017366e+01 7.075332500410289072e+01 7.317868125446634053e+01 7.310331416792283221e+01 7.575237888205295178e+01 8.114806929004748781e+01 7.998735763631623286e+01 9.327533738242354389e+01 9.095300691208720423e+01 9.487532961485092642e+01 9.934746556985055577e+01 1.045114433647938483e+02 1.108359986851307042e+02 1.256381349713990971e+02 1.397802705951316682e+02 1.431496780341110480e+02 1.231496780341093427e+02 1.431496780341110480e+02 1.483777652178589790e+02 1.413605840823041717e+02 1.336486163624461767e+02 1.136486163624444714e+02
9.493592601393214636e+01 9.057156820921224494e+01 8.657156820921218809e+01 7.693405910285073901e+01 7.339852519691783073e+01 7.062502421579154088e+01 7.392215099340262441e+01 6.681588851213209068e+01 4.681588851213181357e+01 4.465923304806294425e+01 4.505191867884929025e+01 4.544475577950849754e+01 4.760141124357736686e+01 4.978359014593739573e+01 5.200581236815972375e+01 5.427036643644902369e+01 5.661118938037174786e+01 5.903654563073519768e+01 6.155630878413016660e+01 6.420537349826028617e+01 6.700593366631633785e+01 6.998735763631609075e+01 7.327533738242327388e+01 7.681087128835605427e+01 8.073319399111979067e+01 8.520532994611942001e+01 9.036930774106271258e+01 9.669386306139955423e+01 1.056381349713988271e+02 1.197802705951299629e+02 1.316026726503183681e+02 1.116026726503166770e+02 1.282054027025714618e+02 1.283777652178572737e+02 1.417949190543114639e+02 1.517949190543123166e+02 1.336486163624461767e+02
1.107560532381507130e+02 1.007560532381505709e+02 9.259108742887320886e+01 9.693405910285102323e+01 9.339852519691811494e+01 9.062502421579182510e+01 8.996218442467844056e+01 6.996218442467815635e+01 5.582004880094702060e+01 4.427304341715393576e+01 6.427304341715421288e+01 6.544475577950876755e+01 6.760141124357764397e+01 6.978359014593766574e+01 7.200581236816000796e+01 6.841250206018017366e+01 7.075332500410289072e+01 7.317868125446634053e+01 7.569844440786130235e+01 7.834750912199143613e+01 7.855293905010900346e+01 8.153436302010875636e+01 8.482234276621593949e+01 8.835787667214871988e+01 9.228019937491245628e+01 9.934746556985055577e+01 1.045114433647938483e+02 1.108359986851307042e+02 1.256381349713990971e+02 1.323803500966181730e+02 1.226584007403176884e+02 1.026584007403174041e+02 1.082054027025697707e+02 1.142356295941251290e+02 1.217949190543097728e+02 1.317949190543106113e+02 1.517949190543123166e+02
9.075605323815042880e+01 8.075605323815028669e+01 7.259108742887292465e+01 8.186853590030648320e+01 7.843856419745613096e+01 7.519413577484073130e+01 7.210806877559873840e+01 6.915922965250065602e+01 6.388721326657226740e+01 4.388721326657127975e+01 6.311951597096631161e+01 6.846474080921433369e+01 7.423824350111087256e+01 8.090491016777787081e+01 8.906987597705523285e+01 8.841250206018045787e+01 9.075332500410317493e+01 9.317868125446662475e+01 9.569844440786158657e+01 9.834750912199172035e+01 9.269507467384013921e+01 9.567649864383989211e+01 9.896447838994708945e+01 1.025000122958798556e+02 1.064223349986436062e+02 1.193474655698508400e+02 1.245114433647941325e+02 1.308359986851324095e+02 1.297852198566796744e+02 1.123803500966164677e+02 1.100732486636082399e+02 9.818626478531777479e+01 1.181862647853180590e+02 1.342356295941268343e+02 1.417949190543114639e+02 1.517949190543123166e+02 1.444824134197955061e+02
8.706702500080014318e+01 7.552001961700747756e+01 6.552001961700734967e+01 6.186853590030619898e+01 5.843856419745585384e+01 5.519413577484044708e+01 5.210806877559846129e+01 4.915922965250037890e+01 4.630208679535738270e+01 4.350152662730122444e+01 4.311951597096531685e+01 4.846474080921406369e+01 5.423824350111060255e+01 6.090491016777759370e+01 6.906987597705496285e+01 8.061688136084762846e+01 1.006168813608479127e+02 1.046583286254480072e+02 1.102053305877003595e+02 1.165298859080372154e+02 1.126950746738404234e+02 1.156764986438401763e+02 1.189644783899473737e+02 1.225000122958801398e+02 1.264223349986438905e+02 1.183212919099625822e+02 1.298682972937566831e+02 1.297852198566796744e+02 1.097852198566779833e+02 9.823821447288531772e+01 9.007324866360795568e+01 9.392225045820551088e+01 1.039222504582056388e+02 1.154692558419983044e+02 1.296113914657304349e+02 1.496113914657321402e+02 1.494043940805510147e+02
