notebooks/tutorials/mass_wasting_runout/pre_runout_DEM.asc
ncols         80
nrows         122
xllcorner     361015.59563119
yllcorner     70223.434086869
cellsize      10
NODATA_value  -9999
[rows 28 to 55 of 122, columns 0 to 62 of 80]
402.6267 404.4538 410.5631 416.8479 422.682 427.0033 430.5435 433.9956 437.5644 440.5591 442.899 444.9655 446.9193 448.0817 449.1476 449.8798 450.762 453.1924 456.2049 459.2082 462.6021 464.7984 465.3597 464.508 463.9097 467.4393 473.3403 477.6117 478.7142 479.0469 479.9143 479.2085 482.8698 486.9722 488.4713 492.8447 498.6306 503.6771 510.5605 514.6036 514.4117 513.4185 512.6015 511.7706 510.9533 509.5322 507.9849 506.0408 503.9981 503.1693 502.6597 501.9696 500.6637 499.1014 501.4332 505.515 509.5565 513.6431 518.239 523.1794 527.4756 531.7112 536.8616
401.7299 406.7119 413.4762 418.2658 421.7518 424.7203 427.9664 431.4147 434.7181 437.6464 439.9333 441.842 443.6148 445.0339 446.1008 446.5983 446.8429 448.295 450.8864 453.7037 457.1692 460.0212 460.7723 459.8024 459.6845 463.8707 469.4759 472.6382 472.9211 472.3794 471.7292 472.846 477.0402 480.4141 483.7109 489.3802 493.5656 497.5442 504.3717 510.3705 510.5255 509.886 509.3734 508.8519 508.1727 507.1244 505.9969 504.1631 502.7515 501.9772 501.5178 500.459 498.6215 498.9603 502.709 507.3734 511.9172 515.5092 518.8203 522.7642 526.6971 531.2428 536.4293
402.0425 408.8084 413.6298 416.8312 419.3719 422.0593 425.3379 428.7699 431.9604 434.7167 436.8599 438.5857 440.1271 441.5234 442.4146 443.2889 443.6516 444.1566 445.8523 448.2873 451.0857 454.4979 455.7062 455.1257 455.6162 460.3279 465.0835 467.5106 467.2719 465.7526 465.2892 466.5683 470.0931 473.862 479.9401 484.6539 487.948 492.2181 499.0876 506.2219 507.0033 506.4464 505.8592 505.4236 504.9437 504.3008 503.5052 502.3662 501.1157 500.4857 500.0992 498.7591 497.5732 500.3179 504.8306 509.9462 514.2321 517.3428 519.964 522.9875 526.48 530.639 535.3705
402.214 408.2225 411.6509 414.2875 416.7353 419.5651 422.6495 425.8535 429.1097 431.7271 433.96 435.5765 437.1902 438.3168 439.558 441.0275 441.4042 441.4467 441.8142 443.2508 445.212 447.9531 450.0798 450.0218 451.6492 455.6133 459.3212 461.7385 461.7825 459.6647 459.2219 460.8563 464.4634 469.5762 475.6253 478.7445 482.4861 487.5157 494.426 501.9731 503.0609 502.9109 502.5859 502.3075 501.9708 501.2415 500.4583 499.6649 499.0008 498.532 498.1334 496.214 498.2381 502.3653 507.2955 511.959 515.3415 518.2636 520.8882 523.391 526.1127 529.7374 534.149
400.8583 405.6573 408.738 411.5242 414.0685 416.8579 419.8964 422.9677 425.8405 428.4864 430.6999 432.6444 434.285 435.7287 437.552 439.4291 439.8795 439.6727 439.2314 439.2212 439.8726 441.4364 443.5338 445.0538 447.3979 448.9101 452.0349 455.722 456.4879 454.2115 453.3546 455.2165 459.0391 463.9541 469.7571 473.1936 477.7478 483.8386 491.99 497.97 499.2396 499.2838 499.2974 499.1495 498.8645 498.2355 497.3134 496.645 496.1112 495.5831 494.8962 495.6664 499.8586 504.9066 509.3478 512.5145 515.2104 517.9698 520.5756 522.938 525.2448 528.3204 532.6969
398.4255 402.478 405.5864 408.5914 411.3215 414.0595 416.9502 419.6235 422.283 424.8908 427.1762 429.2092 431.2732 433.433 435.7314 437.6663 438.4037 437.9893 437.3462 436.7956 436.29 436.2517 437.1622 438.7941 440.5476 441.3381 444.7118 449.1913 450.8994 449.2969 447.4045 448.7312 452.7706 457.5822 463.1053 467.9648 473.9886 480.8453 488.0361 493.2245 495.2879 495.9177 496.132 495.9944 495.9107 495.2943 494.5313 493.8126 492.9174 491.42 493.0479 496.3215 501.0088 505.8481 509.4338 512.0014 514.5763 516.9404 519.1885 521.312 523.7968 527.0844 531.136
396.1603 398.5363 402.373 405.5766 408.4885 411.0321 413.5786 415.9992 418.6184 421.1879 423.5067 425.6746 428.3271 431.1837 433.6846 435.3234 436.1364 436.2657 435.8609 435.5469 434.7211 433.0797 432.2513 432.6422 433.726 435.682 438.0677 441.8209 443.8528 442.6956 441.3842 443.0956 447.4853 452.5705 457.6387 462.8091 469.4713 475.9656 481.6641 487.1227 490.6831 492.3931 493.348 493.7264 493.7712 493.0098 491.9483 490.8038 488.8636 490.5434 494.7883 497.6083 501.2479 504.9656 508.2106 510.7454 513.116 515.1971 517.2048 519.4054 522.1816 525.4562 529.415
392.6626 395.5416 398.9482 402.3863 405.3117 407.7357 410.117 412.2435 414.7025 417.1002 419.6535 421.9046 425.3001 428.7996 431.2407 432.7455 433.9781 434.6275 434.4937 433.3274 431.3792 429.666 429.0636 429.0456 430.2338 431.2553 428.6819 432.2063 435.0803 434.7969 435.3046 438.0575 442.9201 447.8011 452.2108 456.9801 463.283 468.5145 472.4535 478.079 484.5127 488.6914 490.5224 491.4673 491.6849 490.9612 489.7987 488.319 486.8708 490.939 493.9778 496.2343 499.5826 503.0394 505.9897 507.8865 509.5306 511.8365 514.3149 517.015 519.9857 523.4083 527.3136
388.3724 392.5212 395.2447 399.218 402.1538 404.3035 406.361 408.3319 410.427 412.8162 415.4901 418.2624 421.9167 425.821 428.6141 430.3697 431.8313 432.8547 430.4698 424.1351 423.1968 424.8063 426.8963 425.8008 428.2204 428.516 424.0569 420.6853 422.305 422.6415 428.5452 433.6243 438.4013 442.3475 446.4771 451.441 456.7137 461.0611 465.7579 470.9697 477.0104 484.7597 487.7666 489.0949 489.4572 488.8946 488.1213 486.5942 484.7247 487.9815 491.1577 493.4055 496.8834 500.1865 501.7965 501.7765 502.7787 505.2921 509.0987 512.5118 516.2548 520.4376 524.7299
384.3649 388.4473 392.6373 395.4692 398.9467 400.9202 402.3732 403.9042 405.8236 408.2701 410.7076 413.7496 417.3896 421.6154 425.1019 427.6414 429.5992 430.4764 426.1711 419.0571 416.5101 419.2271 422.7564 421.1893 423.4377 423.3658 421.9034 414.5092 412.6197 415.4912 423.5485 429.7083 433.5672 436.5051 440.4921 445.4752 450.112 453.5983 457.826 464.0769 471.0691 479.035 484.4628 486.6796 487.2637 487.0226 486.5361 485.1975 482.6368 484.143 487.607 490.3591 493.8102 496.1297 495.4829 494.436 495.5099 498.1313 502.3352 506.8716 511.456 516.2391 520.9996
380.7437 384.7082 389.2246 392.3373 394.1381 396.9327 398.0164 398.8925 400.3615 402.7818 405.5573 408.7624 412.5627 417.2397 421.2505 423.2885 425.379 425.7272 422.1748 416.9997 412.2783 413.8809 416.1895 414.4687 415.9231 414.5854 415.2385 411.7664 408.0676 411.6018 419.0574 424.6987 427.6628 430.6987 434.267 438.7515 442.96 446.8613 450.6554 456.3203 463.5677 471.9559 479.9428 483.9359 485.1035 484.9334 484.398 483.1254 480.1173 480.7572 484.5704 487.6479 490.3414 491.0518 489.3226 488.0471 489.2091 491.6124 495.5544 500.6455 506.1962 511.6601 517.2463
377.1798 381.2271 385.3669 389.4056 391.3651 391.7402 392.7408 393.6872 394.9567 397.1141 400.2833 403.73 407.5965 411.7792 416.613 419.7232 421.253 421.7041 420.0066 415.4749 409.9711 408.4672 409.11 409.0825 409.6135 408.4515 407.235 407.7845 404.7475 408.2616 414.4146 417.4149 421.507 425.0188 428.7728 432.9659 437.0342 441.114 445.4352 451.6378 457.9907 465.8437 475.5237 480.9003 482.4465 482.5298 481.8231 480.2841 476.6332 478.0266 482.1526 485.2881 486.7732 486.0187 484.6838 484.2011 485.0149 486.6015 489.6487 494.6718 500.8742 506.3659 512.1309
373.9968 377.9052 381.8119 385.1697 387.7627 389.1359 388.9464 388.6718 390.1343 392.1333 395.304 399.189 403.1302 406.9555 411.6254 415.7111 417.5872 418.3083 417.7673 415.539 409.0239 404.7863 403.1958 403.3874 403.1777 402.5746 400.5828 401.3778 401.7999 404.0041 409.2703 412.2073 416.1787 420.0368 423.8984 428.0795 432.0877 435.7889 440.6113 446.6002 452.9607 461.1978 471.7763 477.7323 479.6787 479.9163 479.3376 477.4682 473.6826 475.7697 480.4882 483.0334 483.3798 481.8922 481.3802 481.8091 482.1411 482.6266 485.0164 489.2617 494.774 500.1311 506.0044
370.7798 374.593 378.2426 381.5134 383.7404 384.3195 384.4045 385.4627 386.0875 387.6905 391.0932 395.1226 399.0334 402.5353 406.6268 410.678 413.3743 414.7293 415.1993 415.0803 409.4414 403.9661 399.5032 398.0402 397.5151 396.5337 394.5121 395.3892 396.2792 399.1442 404.267 408.0842 411.8158 415.6367 419.4734 423.4243 427.0525 431.1111 436.6592 442.5285 449.3803 458.5106 468.516 474.6438 476.6355 477.0594 476.4279 474.3011 470.9575 473.2803 478.6211 480.4908 479.9197 478.749 479.6887 480.8759 480.9529 480.4209 481.4872 484.6097 489.1212 494.2397 501.0831
367.4025 371.1839 374.729 377.9486 380.1544 380.8188 380.122 380.6345 382.5679 384.1953 386.6036 391.0807 394.7674 397.8476 401.3005 405.2349 408.495 410.0959 411.4471 412.3048 407.8376 402.4802 398.4395 394.1781 392.516 390.702 388.9599 388.2616 388.8849 393.8031 398.9797 403.935 407.7694 411.7138 415.4783 418.9459 422.4407 426.8271 432.4103 438.7052 446.5234 456.0721 466.1353 470.8834 473.0665 474.0183 473.5153 471.1999 468.7777 469.7078 475.6153 477.4058 476.3839 476.8646 479.4959 481.7548 482.0264 480.6483 480.8344 482.5111 485.094 490.1039 496.9212
364.6159 367.9937 371.4674 374.5693 376.9268 377.9476 377.0729 377.2878 378.5053 380.6848 382.6831 385.7419 389.9125 392.8105 395.9102 399.5746 403.2935 405.6731 407.7711 409.1406 405.9766 402.7303 398.084 393.9331 390.4227 388.0635 386.4016 385.1287 384.7645 388.9033 393.7962 399.9875 404.4339 408.1567 411.4251 414.4455 417.9056 422.3674 428.2154 435.0399 442.3492 451.1815 460.4714 465.6807 469.2025 470.8895 470.5478 468.7925 466.167 465.766 470.9675 472.7718 472.8333 475.3147 478.9677 481.116 481.5886 480.3026 480.7687 481.6574 482.9271 487.23 494.1187
361.7524 364.8284 368.1153 371.1129 373.4372 374.4671 373.9614 373.8408 374.5105 375.8937 378.6964 380.9465 384.1589 387.9751 391.3425 395.3396 399.1191 401.3554 403.5786 404.1698 403.577 403.4938 400.1671 395.8713 391.8917 388.5034 385.5111 384.3926 383.5986 385.5532 389.2798 395.9276 401.4026 404.5405 407.1665 409.8923 413.5178 418.4752 424.6271 431.3466 438.5314 446.9875 455.2244 460.9133 465.1518 467.0452 467.4113 466.4587 463.8729 462.9142 466.3812 467.977 469.4263 472.9849 476.6689 479.0849 480.7473 480.4604 480.9807 481.0205 480.8934 484.2924 490.3044
358.8245 361.5757 364.5706 367.5974 369.9842 371.3387 370.9612 370.5303 370.1573 370.9352 373.2414 377.2637 379.6386 383.3072 387.2767 391.7232 395.6247 397.5891 398.8277 400.032 400.2843 400.5736 398.7045 395.5016 391.2216 388.4448 386.2675 384.0894 382.5758 383.6761 387.2879 393.1984 398.1873 400.6367 402.6591 405.5155 409.7414 415.1714 421.4888 427.9865 434.9653 443.3672 450.561 456.6466 460.753 462.5656 463.5361 463.3972 461.0248 460.1794 463.0829 464.1971 466.6086 470.4608 474.1323 477.1417 479.6644 480.255 479.8323 479.2285 478.4239 480.4555 486.0803
355.3018 358.1103 360.9248 363.8525 366.6149 368.2838 367.8279 366.5179 365.8819 366.262 368.3799 372.0597 376.6987 378.9955 383.6536 387.6845 391.2699 393.3606 394.9208 396.0168 396.4238 396.8862 395.265 391.4482 386.8546 383.9436 384.466 384.1104 380.4698 381.7405 385.4459 391.1313 394.0992 395.866 397.9785 401.4244 406.3093 412.1768 418.5654 425.1077 432.1629 439.6896 446.1401 451.7439 455.3477 457.4174 458.8195 459.6384 457.6806 457.0987 459.9501 461.6286 464.3904 468.2255 471.9804 475.0781 477.3661 477.9261 477.7248 476.8586 475.1273 476.3213 481.5678
351.691 354.465 357.2532 360.2467 363.2238 365.5026 364.8548 363.6025 362.9061 362.8204 364.2077 367.5699 372.2651 376.4771 379.1691 383.7394 386.8997 389.2018 390.8912 392.0987 392.9243 393.7333 391.9887 386.8637 382.2707 379.9682 380.5823 381.5889 377.8376 378.4018 382.81 387.7809 388.5985 389.1507 392.314 396.6159 402.4174 408.9763 415.9587 422.9144 429.787 436.4866 441.6718 445.8086 449.61 451.9048 453.5505 454.8213 453.7905 453.6437 457.1946 460.1983 463.1609 466.8179 470.3428 473.2958 474.6128 475.1351 475.2563 474.5595 472.2092 471.8304 476.4894
348.1208 350.6963 353.7281 356.7361 359.8845 362.5939 362.4276 361.6184 360.879 360.6251 361.5008 364.2545 368.3686 373.1927 375.9749 379.1387 382.9169 385.1121 386.8517 388.4613 389.464 389.9184 389.1388 383.7064 379.5038 378.089 377.9262 377.0977 374.2066 374.2092 379.5362 383.2456 383.4076 383.1574 385.8252 391.1099 398.3029 405.6938 413.2825 420.4738 426.4865 432.0127 436.3718 439.8816 443.5407 445.9632 446.8958 449.206 449.0211 450.8045 455.6559 459.5394 462.592 465.7082 468.9324 471.0044 472.0638 472.2637 472.3847 471.9976 469.94 468.5433 471.8502
344.6541 347.3586 350.2618 353.4685 356.5554 359.4222 360.2011 359.1585 358.1996 358.1903 359.4097 361.4134 364.744 368.7418 373.2562 375.2133 378.358 381.1231 382.9022 384.8284 386.1656 386.2553 385.312 381.7756 376.3886 375.5575 375.0966 373.2339 369.5231 369.9983 375.6758 379.0624 378.701 378.0052 382.4505 388.85 396.5034 403.6294 410.4344 416.2769 421.8033 426.1218 429.406 433.5361 437.6213 439.6324 439.3507 440.8957 443.4095 448.0565 453.8304 458.3156 461.3167 463.9578 466.5471 468.5218 469.2103 469.0374 468.8225 468.4992 467.5786 466.3732 467.9462
341.7884 344.3144 347.1921 350.3262 353.5141 356.583 357.7814 356.712 355.826 356.2539 357.4932 358.959 361.3704 364.4476 368.593 372.7603 373.8425 375.6017 378.2409 380.1351 382.5762 383.2549 382.7595 380.7293 375.1182 373.4547 372.3364 370.6783 367.3829 364.8871 371.0409 374.588 372.6685 374.7704 382.11 388.813 395.1627 400.5573 405.7944 410.5692 415.867 419.1021 421.8934 426.8275 431.4536 432.308 431.3878 432.3037 436.8311 442.7412 448.5224 454.7286 458.6706 461.2488 463.9121 466.3782 466.5518 465.7484 465.1956 465.0649 464.9127 464.9157 465.0321
339.2384 341.8764 344.6327 347.6917 350.7032 353.6698 355.34 354.4144 353.5831 354.4566 355.9194 357.2142 358.9096 361.2898 364.9787 368.9166 371.9939 372.5759 372.587 374.0573 377.6565 379.5948 380.3864 379.8469 375.9159 370.5661 369.8942 368.1964 366.1496 361.5739 364.5325 368.6938 367.066 371.336 378.409 384.6527 389.9977 394.6315 398.5782 402.5396 408.121 411.4357 415.3949 421.4078 425.2264 424.813 423.6405 423.8107 428.8331 436.5813 443.4976 450.3885 456.0238 459.147 461.9498 464.006 463.5824 462.4913 461.8157 461.813 462.2986 462.8798 463.2344
337.0398 339.4558 342.1612 344.8255 347.6994 350.5518 352.3802 351.9578 351.4896 352.5474 354.1616 355.4504 356.9387 359.2309 362.1351 365.0521 367.3846 369.2411 370.6924 370.6977 373.2272 376.5109 377.845 377.9839 375.8464 369.333 367.3057 366.0842 362.8492 358.14 358.7364 362.6465 361.8661 366.0261 371.3142 376.653 382.7719 387.5515 390.7488 393.6958 399.0981 403.6937 409.2848 416.2216 419.0302 418.3593 416.1998 416.1738 423.2326 431.4636 439.3619 446.1036 452.3045 457.3173 459.8782 460.7039 459.9208 458.8441 458.365 458.6248 459.3916 460.3553 461.1438
334.778 336.9493 339.4642 342.2058 344.9962 347.8182 349.5213 349.4239 349.2718 350.2111 351.8612 353.0945 354.5689 356.9508 359.2896 361.3648 363.1842 364.6006 366.1047 368.886 370.2563 374.0019 375.8755 375.7684 374.3739 370.4085 365.9254 364.0361 360.942 356.8534 354.3686 357.689 356.9776 360.3741 363.6803 367.7191 373.5858 377.6507 381.0706 385.5929 391.0282 395.9493 402.5382 409.7615 412.9078 412.133 408.7077 411.6425 418.789 426.9517 435.0705 440.4529 446.4937 452.5002 455.1823 455.5647 455.028 454.3297 454.3959 455.1699 456.4153 458.2542 458.8289
332.1864 334.3829 336.9603 339.752 342.4134 345.1214 346.983 347.2011 346.9925 348.1743 349.7464 350.8873 352.1721 354.4224 356.4144 357.9632 359.3039 360.5917 361.9726 365.6115 368.46 371.3606 373.4355 373.3427 372.1518 369.9306 365.4646 362.0638 359.3531 355.9106 349.9625 349.9424 351.7701 353.9809 355.5768 358.4435 362.5813 366.4318 370.7448 376.6707 383.3015 389.1205 396.8298 403.0432 406.5294 405.0289 402.499 408.7014 415.7059 423.0042 429.3828 434.2463 440.196 446.53 449.5685 450.0381 449.5056 449.2734 449.8861 451.3074 453.7935 456.7428 457.8166
329.3033 331.815 334.4641 337.4049 340.2314 342.7996 344.4279 345.0499 345.0112 346.317 347.9169 348.9232 349.9496 351.8252 353.3197 354.3793 355.4088 356.5847 358.8116 362.9501 366.9117 368.1553 370.8464 371.0789 369.7109 368.2266 364.7028 360.6015 357.9022 355.8325 348.7412 345.3925 345.8462 349.8956 351.2744 352.3771 354.079 356.8323 360.4955 367.2241 376.2077 383.3538 391.1284 396.9442 400.053 397.3193 398.2381 404.8893 411.7649 417.417 422.3649 428.7407 435.1932 440.1387 443.619 444.4582 444.2614 444.4858 445.7074 447.6346 451.0216 454.7091 456.1931
