notebooks/tutorials/mass_wasting_runout/pre_runout_DEM.asc
ncols         80
nrows         122
xllcorner     361015.59563119
yllcorner     70223.434086869
cellsize      10
NODATA_value  -9999
[rows 84 to 111 of 122, columns 0 to 62 of 80]
275.6151 277.8372 280.3752 281.9541 282.8768 283.2072 283.6036 284.2582 284.85 285.3744 285.8217 286.038 286.5732 287.1884 288.1107 289.3164 290.2179 290.633 291.0505 291.4388 291.8281 292.1173 292.5407 292.9624 293.4962 293.8463 294.1324 293.9077 292.4782 289.7058 288.2005 288.4582 291.1856 295.6123 298.1683 293.0635 289.2628 287.0811 280.6524 276.4027 278.8723 280.9725 283.162 287.291 290.06 290.9916 290.5164 292.1357 293.9506 294.4796 296.4822 299.2018 301.1616 303.6538 307.997 314.659 320.7157 323.3937 323.1675 324.2396 326.1247 329.4496 334.5248
272.1142 275.4368 278.6467 280.8738 281.4358 281.5754 281.7002 281.7906 281.9916 282.4446 283.2815 284.0106 284.7309 285.4686 286.6225 287.7808 288.4169 288.7019 288.8275 289.1718 289.8206 290.486 290.7322 290.8772 291.0073 291.2981 291.3384 290.3557 288.2917 285.6378 283.9046 284.8748 289.0034 292.8202 295.4186 293.1261 288.3094 285.6173 279.1694 274.4024 276.2633 278.3784 279.8248 283.8486 287.291 288.9652 288.9515 288.7144 290.9615 291.9864 293.0623 294.4533 295.5279 299.0818 304.3897 310.9447 316.2434 317.519 316.8727 318.05 320.2024 323.94 328.6761
268.5351 272.5652 276.4981 279.3351 279.941 279.8743 279.7967 279.252 278.1118 277.8575 279.2496 280.8602 282.012 283.3224 284.9583 286.1691 286.5744 286.7507 286.9629 287.1735 288.2485 289.1314 289.0421 289.0281 288.6684 288.5948 288.0813 286.4997 284.0179 281.1741 280.176 283.2623 288.0583 290.9778 292.1118 291.7343 287.1456 284.313 279.2083 272.6727 273.4081 275.4306 276.9962 280.4625 284.0104 285.9364 286.257 285.7993 286.682 288.8824 289.6865 290.0145 290.0943 293.857 300.7149 306.1683 311.0746 311.2552 310.8741 312.2854 315.0494 319.2671 323.257
265.2323 269.9998 274.8507 278.1125 278.7381 278.1005 276.9777 275.2978 273.3539 272.4511 273.7518 276.164 278.3805 280.5262 282.6275 283.7666 284.2714 284.5234 284.6811 284.9689 285.7242 286.2739 286.318 286.3849 286.0358 285.3797 284.3002 282.4785 279.6962 276.79 277.07 282.1022 287.2065 289.6232 289.4983 289.1398 285.8071 282.2296 281.127 273.7581 270.6631 272.4356 275.3409 277.4783 279.5082 281.9157 282.9091 282.2444 282.3595 285.1719 285.2901 284.5956 285.0735 290.1447 296.9894 302.3895 305.6154 305.3583 305.1351 306.8384 310.3157 314.1563 317.0672
262.5921 267.6492 272.8942 276.894 277.1149 274.8928 272.1173 269.8721 268.1183 267.2357 268.7437 271.2194 273.7867 276.5694 278.8652 280.1738 280.298 280.8165 281.3483 281.958 281.9976 281.933 282.1912 282.302 282.1031 281.491 280.4073 278.1682 275.0437 272.6719 274.8665 280.4594 285.3928 287.7029 287.01 286.0944 285.3572 281.4681 279.6102 275.7349 268.2734 270.2716 273.4853 275.7589 276.6909 278.3954 278.8764 277.3127 278.9598 280.2438 280.0115 279.8008 282.3698 287.8411 293.2492 297.8771 299.8091 299.2211 298.6082 301.5302 304.9339 307.6951 310.537
260.6317 265.4247 270.623 274.5734 274.5524 271.2027 267.4146 264.9055 263.8108 263.806 264.7768 266.731 268.9642 271.416 274.0088 274.3828 273.6498 274.5861 276.5711 277.163 277.2407 277.3351 277.5457 277.7997 277.6448 277.4017 276.4311 273.7019 270.2367 268.6688 272.4333 278.1222 282.7226 284.7014 284.2073 282.8923 282.9069 281.6721 278.95 276.1952 267.3111 265.6917 270.7882 272.6474 273.5186 273.6547 271.9724 271.7099 275.0869 276.4049 275.5073 275.825 279.9666 284.3199 288.8591 293.0049 294.4483 293.499 292.8303 295.9738 299.004 301.4029 303.9438
258.8158 262.8412 267.3244 270.5945 270.8538 267.7311 264.1221 262.676 261.3925 261.1525 262.1502 263.3515 263.7843 265.8961 268.6283 267.7615 266.4963 268.2791 270.795 271.4884 272.0918 272.8379 273.597 273.866 273.6769 273.4737 272.1832 269.0139 265.8648 265.4133 269.9599 275.6039 279.854 281.3972 280.6068 278.7864 278.6763 279.3949 277.7678 274.7104 267.8761 262.052 266.5842 269.3427 269.7205 268.7963 266.455 266.5087 270.4289 271.6559 269.6475 271.9347 276.1854 280.8122 285.2024 288.6216 288.7766 286.9795 287.8716 290.174 292.6338 294.7933 297.4647
256.5554 259.1894 262.3401 265.0779 266.0513 263.9643 261.549 260.4423 259.1676 258.5623 259.9867 260.6612 259.6874 261.6199 263.5017 262.168 259.7876 263.946 265.4919 265.3779 267.0157 268.8697 269.9634 270.3559 269.8052 269.0128 267.6041 264.5291 261.8956 262.7424 267.9145 273.2785 276.835 278.1871 277.4685 274.8491 273.6423 274.924 275.6131 273.5663 269.4821 262.125 261.2834 265.2271 266.0403 264.3237 262.4957 261.4688 263.9197 266.2957 264.3561 268.1247 272.3793 277.0755 280.258 282.9211 282.9359 282.0983 283.6897 284.9071 285.9439 288.5379 291.2823
251.827 254.0898 256.4235 259.1084 260.5587 259.5037 258.2784 257.2711 255.4084 254.9158 256.6444 256.3572 254.534 257.4243 258.0204 255.8899 253.7247 258.7454 260.21 259.8321 262.1615 264.79 266.2523 267.1049 266.3708 264.6995 262.8485 259.8708 258.0615 260.1928 265.6317 270.7859 274.0211 275.1574 274.4795 271.5765 269.0948 269.892 271.3806 271.2754 269.2087 263.4103 257.9445 260.3873 262.4301 260.5918 257.7615 256.6734 258.0037 260.7782 260.3135 264.4394 268.7413 272.652 275.4616 277.546 276.9352 276.6584 278.6615 278.8038 279.925 281.4529 284.3808
243.9606 246.7495 249.4384 251.0578 253.0398 253.5571 253.9684 253.266 250.4218 250.0009 251.5829 249.9838 248.9132 251.8157 252.1956 249.0943 249.146 253.0713 254.4563 255.2127 257.4376 259.6497 261.9225 263.7454 263.455 261.1519 257.9349 255.0977 254.2235 257.5418 263.2687 268.0709 270.8741 272.0832 271.6212 268.6297 265.3326 265.3578 266.3613 266.1653 265.4132 263.1207 257.9843 255.3149 257.2889 256.6282 254.6595 252.4691 252.0966 255.094 256.8409 261.2507 264.8266 268.1969 270.2762 271.2059 271.0841 270.8585 272.6601 272.4099 273.373 275.6701 277.2305
236.5231 238.3836 241.0595 241.5451 244.4088 246.3913 248.2761 248.656 245.8791 244.2043 243.8099 241.5416 242.6875 245.4732 245.3038 242.8971 244.7487 247.7487 248.2478 249.356 251.3505 253.7034 256.8088 259.6353 259.6943 256.48 252.8813 249.5341 250.3853 254.6702 260.2264 264.4191 266.8087 268.192 268.0099 265.3888 261.9601 261.2989 261.8789 261.1839 260.0193 260.8653 258.1598 252.8455 250.0822 249.7044 251.02 249.9657 247.2491 248.8195 252.9583 256.6569 260.2445 262.345 264.6789 266.2427 266.2404 266.0367 267.2971 265.7176 265.3567 268.1619 271.0151
226.5366 229.0917 232.5999 233.2784 236.2876 239.914 242.0402 241.2794 238.9581 237.8939 238.5408 237.2 236.8223 237.7312 238.8016 236.9447 239.2246 241.0562 242.4764 243.4196 245.3443 247.6074 250.614 254.0418 254.8853 251.4982 246.1856 244.5877 246.963 251.8835 256.5218 260.1811 262.5038 263.8558 264.0778 261.9485 258.3181 256.679 257.6237 256.9612 254.6235 254.346 254.6553 251.7068 245.6996 242.8192 244.5288 246.2694 244.4168 244.4684 250.0858 253.0418 255.6639 257.3281 259.483 260.9669 261.343 261.6046 261.528 258.7124 258.3168 260.7034 263.9361
216.9627 218.9296 222.055 225.0138 230.261 234.363 234.165 231.1127 230.4889 232.4484 233.6892 232.3848 232.0354 231.0167 232.498 231.9966 232.8444 234.2156 235.769 237.3546 239.1844 240.6802 244.2896 248.2495 250.2447 247.8034 242.8663 240.9147 243.7299 248.6737 253.0589 255.8593 257.9209 259.1776 259.4452 258.1864 254.903 253.0001 254.1302 253.9264 251.7592 250.1868 248.8566 246.8289 242.5596 237.1517 236.7759 239.056 238.426 241.0046 246.8365 249.0598 251.1282 252.8254 253.9481 255.9724 257.035 256.7283 255.9605 252.984 251.8492 253.6859 256.4806
214.2786 215.4261 215.8364 216.7259 220.4296 225.2709 224.9912 222.3559 223.368 227.8412 228.1741 227.6927 226.8465 225.545 227.0533 226.8153 226.2056 227.8939 229.9092 230.7405 232.6764 235.1724 238.6183 242.2921 245.5813 243.5387 239.6212 237.8217 240.596 245.9727 250.0507 251.8875 253.3571 254.3498 254.6575 253.5439 250.7006 249.4621 251.2564 251.767 249.9932 247.5251 245.3592 242.0589 237.1441 233.2341 230.8768 232.0249 233.3104 239.0665 243.438 245.1227 246.3147 247.7822 249.3216 252.4037 253.1742 251.092 250.0502 247.4099 246.4073 247.928 250.2564
208.0563 210.6339 213.4593 215.0201 215.4445 216.0236 217.1735 217.3895 218.9735 220.4857 220.9153 221.3501 221.2473 220.1194 221.1401 221.2997 220.7222 221.9494 223.5683 224.2344 226.457 229.367 233.7006 237.9949 241.1928 239.985 236.5584 235.1239 237.9363 243.3068 247.0997 247.9886 248.6414 249.2649 249.4177 248.3955 246.3293 245.8912 247.986 248.7209 248.5205 246.0124 242.088 238.2179 232.3741 228.0579 226.9063 227.369 230.9386 237.8033 239.0995 241.3369 242.3654 243.8439 245.6994 248.2191 248.8679 245.6965 244.2058 242.3273 242.2307 244.0328 246.4597
201.1015 204.0494 206.8292 209.6157 212.3846 214.1597 214.8987 214.9548 215.0557 215.5506 215.7113 215.8546 215.8276 215.3745 215.3563 215.2977 215.0634 215.8274 216.9684 218.6752 221.2013 224.3315 228.0407 233.4742 237.1368 236.3706 233.3702 232.7323 236.157 241.1278 243.5126 243.3376 243.3083 243.86 244.1335 243.2589 241.9375 242.7573 245.6335 246.2213 246.1823 244.1292 239.883 234.0653 228.2635 224.1999 223.9222 224.8963 229.8435 234.7512 233.8913 236.9395 238.5336 239.7063 241.7594 243.2899 242.7385 240.6213 239.1873 238.3796 239.2485 241.8048 243.563
196.2664 198.7755 200.4446 202.5666 205.1272 207.3521 209.9175 211.771 213.0891 214.0461 214.3665 214.2253 214.0976 214.1889 214.0146 213.6617 213.6682 213.6803 213.7233 214.086 216.3063 219.7988 224.1834 228.5252 231.5336 231.5381 229.8289 230.2977 234.6033 238.3965 238.9554 237.9101 237.5654 238.0135 238.2313 238.136 238.0553 240.4351 244.0253 244.4082 244.4765 242.0085 237.1127 231.2375 224.5646 220.5434 221.1532 222.6818 228.3004 230.4079 229.7668 231.8711 233.3689 234.9377 236.9591 237.7048 236.9426 236.4632 235.9846 236.04 237.045 239.4133 240.737
193.4087 195.2061 195.9121 196.8524 198.9565 201.2875 203.1748 206.2263 207.7084 208.882 209.9393 210.1262 210.2394 210.2587 209.8369 208.1211 207.9122 209.1197 210.3541 212.3493 213.4816 214.5092 218.4763 223.5511 226.6913 227.4139 226.2814 228.0031 231.9706 234.396 234.0066 232.9781 232.9506 233.2601 233.733 234.0785 234.8619 238.3394 242.477 242.838 243.1387 241.2576 234.9981 227.9861 221.4568 217.0652 219.4825 223.9402 227.8564 226.2213 224.5664 226.6593 227.2861 229.0187 230.6273 230.8902 230.7252 232.3313 232.8946 233.0799 234.0305 236.0619 237.862
190.5844 191.8031 192.9446 194.4118 195.731 197.356 199.0567 201.1058 202.9945 204.2758 204.2972 205.0283 205.9841 205.487 203.9775 202.1667 201.642 202.0045 202.9763 206.5503 210.065 212.8032 213.5726 217.4243 221.7739 222.9387 223.2327 225.4184 228.7924 230.0735 229.7441 229.0822 229.1483 229.1887 229.6377 230.1206 231.9423 236.1526 240.8683 241.8129 242.0367 240.7797 234.5318 226.8464 218.1158 214.4479 219.0558 223.7517 224.1947 221.8276 219.748 221.2937 221.7281 222.7188 224.0067 224.6084 226.2907 228.5519 229.4767 229.6696 230.6105 232.4174 234.6368
189.0281 189.051 189.371 190.9983 192.3174 194.0417 195.3658 197.1497 198.7578 199.7006 199.025 199.5397 201.7502 200.5723 197.6069 196.491 196.9554 197.2363 198.3281 201.7681 205.7484 208.9662 212.3767 213.1981 215.9775 218.91 220.3096 222.8723 224.848 225.7245 225.4637 225.4007 225.4648 225.6852 226.0177 226.9629 229.5739 234.5838 239.4168 240.7081 240.3828 238.3213 233.2504 225.4928 216.9166 211.5172 215.8766 218.7812 218.2927 216.6429 214.8767 215.907 216.6622 217.2062 218.1612 220.045 222.843 225.7099 226.7807 226.4823 227.1663 228.5914 230.7551
189.2579 189.2534 189.0423 189.0376 189.3868 189.6882 190.7917 192.2832 193.9124 194.6608 194.1011 193.77 194.765 195.257 194.3439 194.8635 195.5518 196.0584 197.39 199.0465 201.9358 205.3385 208.5017 212.1097 212.9634 213.821 217.2432 219.8851 221.0749 221.3749 221.2814 221.4467 221.6375 222.0397 222.6961 224.3777 227.8549 232.9639 237.7356 239.051 237.7352 235.2494 231.3627 224.8133 216.4338 209.4559 212.4138 213.728 211.8427 210.2112 209.9317 211.3334 212.4735 212.9075 213.6801 215.4248 218.3976 221.8809 222.7402 222.3867 223.3539 223.7747 225.4059
190.6865 190.8593 190.6995 189.8779 189.3674 189.4151 189.5444 189.7383 190.0222 191.188 192.3279 193.2671 193.4731 193.8052 193.5466 193.587 193.47 193.9174 194.7125 197.0948 199.4031 202.6335 206.3701 209.0187 211.8932 212.6242 213.7095 216.4114 217.5059 217.7895 217.7795 218.3058 218.7619 219.332 220.4683 222.446 226.2053 231.0903 235.9096 236.8364 234.9596 231.5222 227.4738 222.5088 216.1632 209.431 207.4649 208.0359 207.7362 207.9224 209.1714 210.0492 210.3452 210.5747 210.8897 211.2845 212.1293 213.3178 215.0636 216.8249 218.3557 219.1888 221.7331
191.0614 191.4048 191.8473 192.1784 191.8585 191.0626 190.1396 189.9259 190.0305 190.1552 190.6203 192.2512 193.5971 193.7651 193.5208 193.4077 193.2107 193.2429 193.2124 193.998 196.5325 200.7935 203.8114 207.2346 209.2213 211.251 212.5305 213.1349 214.6127 214.9812 215.2749 215.8208 216.3538 217.693 218.9465 220.6463 224.2219 229.1953 233.7773 234.2414 231.5966 228.0018 224.1712 218.9557 213.9263 208.3078 204.9475 205.9359 208.0728 209.4059 208.7412 207.9398 207.6152 207.5519 207.9033 209.1893 210.6367 211.6896 212.332 213.132 214.5303 216.8279 219.1818
191.2887 191.637 191.5273 191.597 192.2288 192.4135 192.2741 191.3976 190.2908 190.0624 190.0952 190.2205 190.9316 192.2897 193.1682 193.867 193.7452 193.8813 193.9948 193.7983 194.0617 197.8256 202.0098 204.6096 206.7915 208.0783 210.897 212.343 212.685 213.4485 213.7177 214.5678 215.5728 216.7065 217.9468 219.6028 222.4481 227.1706 231.1512 231.2471 228.2054 225.7296 221.8106 216.4017 211.3243 206.4451 207.0483 208.9192 208.5817 206.0562 203.7469 203.7943 204.5775 204.6591 204.6838 205.6942 207.3822 209.2901 211.0988 212.2434 213.0426 214.4249 216.6911
191.5998 191.9381 192.0608 191.7713 191.6803 192.1776 192.6658 192.6167 192.278 191.1149 190.168 190.1055 190.1841 190.7471 191.3034 191.994 193.0436 193.9828 194.063 193.985 193.9843 194.7295 199.0533 202.3536 204.6146 206.184 207.8506 210.9167 211.877 212.4171 212.883 213.6277 214.7596 215.6548 216.5367 218.0021 220.3961 225.5264 229.8142 229.0639 225.5917 223.3584 219.5769 215.0151 208.894 208.5991 209.0033 206.6714 203.9051 202.794 202.5297 202.9115 203.31 203.2441 203.4526 204.5243 206.0203 207.1194 208.7627 210.3885 211.916 213.1752 214.0741
193.1851 191.7236 191.9794 192.0613 192.0211 191.8179 191.9306 192.1838 192.5167 192.721 192.2996 191.3554 190.6842 190.582 190.8768 191.1608 191.5476 192.4612 193.5793 194.0079 194.1021 194.4095 196.4104 200.6329 203.9643 205.2152 205.8654 208.3091 210.0533 211.4953 212.038 212.4934 213.0767 214.0781 215.2209 216.3277 218.709 223.1833 227.8369 226.8941 222.7537 219.3858 215.5264 211.3249 209.5573 208.1553 204.7255 201.9402 201.111 201.3005 201.2401 200.4393 200.7688 201.0537 202.1216 202.9091 204.5366 205.7545 206.8542 208.2263 210.4549 211.966 213.0635
194.1872 192.1314 191.8759 192.2876 192.5431 192.5546 192.4148 192.3727 192.4278 192.5055 192.7914 193.079 192.8725 191.8018 191.0945 191.194 191.4123 191.6021 191.8663 192.7131 193.9587 194.2975 195.2801 198.2718 202.6294 204.3676 204.7982 206.503 208.2753 209.5277 211.0679 211.8212 211.9435 212.6122 213.4703 214.7474 217.0594 220.8643 222.8161 220.5197 218.1973 214.2095 211.0815 210.0377 208.057 203.8435 201.2979 200.7645 199.7195 198.9776 198.039 197.8006 197.7691 197.8962 198.483 199.9424 201.2589 203.0531 204.1959 206.4768 207.4624 208.7574 209.6916
192.2597 192.2935 191.9077 192.3408 192.9068 192.9975 192.9991 193.1285 193.4523 192.9391 192.9606 192.9984 193.4617 193.1404 192.2625 191.5679 191.5954 191.6672 191.8226 191.9129 192.2156 193.5549 194.6485 196.8228 200.7484 203.7469 204.1582 204.8664 206.711 207.7729 208.7194 210.7725 211.6136 211.6371 211.8259 212.5496 213.902 214.6213 213.5972 212.4091 211.4232 210.3833 209.7928 208.0617 205.4602 204.0637 201.1378 199.4533 198.1019 197.7308 197.745 197.7638 197.8197 197.8153 197.7791 197.8333 197.8788 198.4746 200.3053 202.6743 204.3241 205.1356 206.3716
