notebooks/tutorials/mass_wasting_runout/pre_runout_DEM.asc
ncols         80
nrows         122
xllcorner     361015.59563119
yllcorner     70223.434086869
cellsize      10
NODATA_value  -9999
[rows 0 to 27 of 122, columns 0 to 62 of 80]
479.9628 483.2985 486.8237 489.1225 488.8954 487.3076 486.5923 487.4199 489.1837 493.4364 499.4862 507.5273 514.1489 519.4706 524.0156 528.2371 533.0765 538.0574 544.8242 552.892 561.4244 568.1665 573.871 578.8345 581.6272 582.3846 582.1506 581.0375 578.8264 576.5563 574.0062 571.2361 568.8469 566.8584 564.8173 562.6889 560.6689 558.8773 556.276 553.912 552.6062 551.4231 551.4166 551.538 551.8282 552.1262 551.5091 550.7969 549.7536 548.1777 546.6951 545.5262 544.3682 543.1169 541.39 539.1221 536.7441 534.9187 533.1987 531.0359 529.1487 527.2892 525.4595
477.9914 481.6911 485.5529 487.9347 487.7563 486.4839 484.8714 485.8088 488.7002 494.1163 500.7962 510.0783 518.0472 523.8083 528.6494 532.8778 536.5768 540.485 546.6574 553.2502 559.6769 565.5428 570.7354 575.4883 578.2769 579.5313 579.5701 578.6738 577.0029 574.9882 572.8774 570.6119 568.0302 565.926 563.6966 561.6426 559.6974 557.5598 555.1315 552.6768 551.4563 550.6677 550.5735 550.7629 550.8137 551.3663 550.8051 549.8814 548.6577 547.2162 545.5455 543.9102 542.8651 541.5599 539.8356 537.709 535.3803 533.5667 532.0872 530.3472 528.5237 526.8342 525.2245
475.941 479.8842 483.9155 486.1874 485.7678 484.7741 482.7025 484.1846 488.8625 494.6397 502.2123 509.6692 517.0529 522.7133 527.1104 530.8879 535.1154 539.3746 544.0993 549.6216 555.4493 561.5173 567.5475 572.5054 575.0297 576.4302 576.7891 576.3305 575.2117 573.5869 571.7254 569.5479 567.2593 564.9296 562.7906 560.8813 558.647 556.3376 553.9427 551.7673 550.2029 549.7442 549.0048 550.0695 550.0687 550.5549 550.0934 548.9976 547.8473 546.102 544.3214 542.6028 541.395 540.0491 538.293 536.2821 534.1457 532.156 530.424 528.8217 527.3461 526.0341 524.8551
473.9465 477.9695 481.5296 483.8612 483.5357 482.4435 481.0398 483.3188 488.843 494.633 502.248 509.009 514.6625 519.3297 523.0197 526.9028 531.0936 535.3229 539.7294 544.9373 551.0951 557.6862 564.3914 569.3217 571.6393 573.1934 573.9379 573.8671 573.2521 571.9681 570.3356 568.4297 566.3572 564.1351 562.1768 560.2231 558.0152 555.7024 553.2664 551.1868 549.6473 548.4679 547.4483 548.7548 549.4283 549.2375 549.2986 548.2257 546.6227 544.6023 542.7064 541.1419 539.6455 538.245 536.7531 534.8796 532.8193 530.9056 528.7935 526.7871 524.6324 523.2291 522.8026
472.1779 475.726 478.8885 481.0426 481.0151 479.6107 479.2923 482.9166 488.6009 494.8692 501.6004 507.1266 511.5898 515.0842 518.6132 522.4197 526.5732 530.9719 535.835 541.2965 547.5693 554.1052 560.6041 565.3392 568.1543 569.9542 570.9376 571.2074 570.801 569.9932 568.8091 567.2864 565.3824 563.8229 562.0104 560.0704 557.6544 555.4151 553.2592 551.1544 549.2651 547.8286 546.317 546.4124 548.0728 547.7928 548.1848 547.171 545.5602 543.5118 541.4921 539.6902 537.8088 536.3036 535.0283 533.4376 531.5325 529.6959 527.2395 524.9802 522.7809 521.1493 520.0347
470.368 473.2887 476.0724 478.3255 478.1929 476.6747 477.6797 482.7142 488.5905 494.7872 500.5474 504.9644 507.9942 510.6852 514.389 518.5599 522.9242 527.587 532.9475 538.4775 544.6802 550.8796 556.373 560.7012 564.2339 566.8447 568.0986 568.7778 568.7941 568.3047 567.3304 566.1196 564.8195 563.8087 561.9309 559.7863 557.7611 555.4912 553.3767 551.2719 549.3364 547.4857 545.5021 544.5151 546.4243 546.4139 546.0697 545.504 544.1052 542.1615 540.0884 538.2888 536.519 534.827 533.3619 532.2883 530.5884 528.8923 526.3954 524.1937 522.0373 519.8556 518.0156
468.1228 470.806 473.4187 475.5336 475.7426 474.2531 476.8812 482.8073 488.8696 494.0725 498.368 501.1617 503.5781 506.9644 511.6932 516.618 521.3062 525.5696 530.0414 535.7031 541.8739 547.1613 551.8388 555.9139 559.9683 563.6431 565.6864 566.7313 567.0107 566.7458 566.041 565.2889 564.4333 563.392 561.717 559.9865 557.8388 555.5651 553.4326 551.7685 549.637 547.4867 545.1302 542.933 542.9856 544.2395 544.1094 543.5635 542.6255 541.0442 539.2033 537.4532 535.7986 534.028 532.405 531.0365 529.8236 527.958 526.0657 524.0614 521.7443 519.4905 517.1259
465.6303 468.2573 470.7092 472.5335 472.7908 472.2942 476.8074 482.683 488.0135 491.9877 494.5851 496.744 500.2538 505.5417 511.6655 517.3392 521.8591 525.5038 528.653 533.2739 538.6699 543.157 547.4088 551.8535 556.1514 560.1447 563.2686 564.9972 565.6296 565.5642 565.1548 564.7183 564.1578 563.0067 561.5216 559.7637 557.8571 555.7259 553.3863 551.761 549.9689 547.7153 545.2645 542.1623 540.4066 541.6584 542.5852 541.5722 540.5109 539.0704 537.7242 535.948 534.4492 532.9122 531.6633 530.3466 528.7953 527.3195 525.5427 523.474 521.3714 519.3356 517.1959
462.9546 465.3367 467.4626 468.1096 469.316 471.9295 476.6214 481.487 485.5994 488.1781 490.1279 493.4534 498.8699 505.3332 511.9323 516.898 520.913 524.3022 527.6514 531.6224 535.534 539.5606 543.7707 548.0696 552.4255 556.6398 560.6566 563.1755 564.2283 564.5317 564.5914 564.4006 563.9904 562.9682 561.4261 559.7641 557.7801 555.782 553.4904 551.7435 549.8395 547.6565 545.0143 541.7648 538.7887 538.3331 540.0116 540.3438 538.8876 537.4972 535.9326 534.4421 532.7997 531.2437 529.8248 528.7137 527.6443 526.2714 524.6303 522.9536 520.9437 519.1611 517.2389
459.4116 460.3275 462.9395 465.2005 469.2773 472.3013 475.4884 478.5688 481.3057 483.6311 486.9161 492.1255 498.192 505.0866 510.2761 514.3578 517.7602 521.1052 524.5477 528.1849 532.0237 536.2557 540.5129 544.6674 548.8563 553.5009 558.1627 561.289 563.1509 563.7334 564.2076 564.3651 563.9181 563.0613 561.3666 559.5419 557.6752 555.5804 553.6382 551.4282 549.25 547.1328 544.7401 541.4742 537.7886 536.2678 536.7397 537.2322 536.8212 536.4252 535.046 533.2622 532.0966 531.085 528.9924 527.4729 526.1406 524.8326 523.8464 522.5713 520.7814 519.012 517.2079
455.0507 455.7331 460.3307 465.4214 468.7017 470.6194 472.3439 474.462 477.4398 481.5676 486.7302 491.8839 497.7397 503.201 507.0789 510.8081 514.2639 517.4994 521.0336 524.7183 528.8476 532.9391 537.235 541.2471 545.7301 550.8744 555.9196 559.8478 562.0587 563.1842 563.9553 564.1265 563.8145 562.9583 561.5129 559.9037 558.0371 555.6758 553.2508 550.9568 548.7275 546.2558 544.2911 541.7251 537.9761 535.261 534.0102 533.4623 533.6012 533.564 532.7747 531.5775 530.4552 529.3092 527.8027 526.9902 525.6997 523.6239 522.6019 521.7712 520.1943 518.6941 517.0087
450.4686 454.235 458.8327 462.4167 465.1646 467.0342 468.7819 472.0414 476.6964 481.6695 486.3063 490.9288 495.7796 499.8854 503.3794 506.9772 510.3857 513.7477 517.3668 521.2061 525.3836 529.3777 533.6494 538.0032 542.8929 548.3038 554.1588 558.5887 561.1704 562.5405 563.4438 563.7363 563.4324 562.6492 561.4164 559.7682 558.0194 555.5392 552.9513 550.461 548.1111 545.6797 543.6701 541.4904 538.4333 535.481 532.9929 531.0693 530.4985 530.6729 530.3319 530.0767 528.7444 527.2463 525.9398 524.6075 524.3358 522.5404 521.3066 520.3886 519.554 518.3047 516.9082
447.0177 451.1403 455.156 457.8988 460.4471 463.4555 467.1006 471.6941 476.3091 480.2527 484.2792 488.4229 492.3574 495.9193 499.291 503.0789 506.5349 509.9686 513.6243 517.6082 521.796 525.8546 530.0734 534.5806 540.0081 545.5879 551.7133 556.9321 559.9756 561.2921 562.2417 562.552 562.4719 561.8798 560.6911 559.0081 557.1152 554.8604 552.0944 549.9896 547.5837 545.1667 543.1647 541.3676 538.8353 536.2264 533.735 531.111 528.7213 527.4624 527.1975 526.8434 526.1636 525.0486 523.7341 522.3524 521.6215 520.3535 519.8221 519.0132 517.9988 516.9293 515.7122
443.8998 447.7761 451.238 453.5351 457.2592 462.002 465.9653 470.0538 473.8715 477.431 481.1346 484.7656 488.2813 491.7721 495.1786 499.0903 502.6025 506.3544 510.2951 514.2977 518.5095 522.4706 526.7444 531.667 537.0721 542.981 548.8105 554.2272 557.856 559.7208 560.8145 561.3122 561.2342 560.6665 559.5455 557.8809 555.8579 553.7003 551.3666 548.8553 546.7081 544.4224 542.5363 540.6884 538.5805 536.2605 534.0955 532.1515 529.749 527.3893 525.3347 523.9103 522.9868 521.845 520.312 519.3066 519.024 518.4598 518.0361 517.7632 516.7654 515.7473 514.6277
439.9514 444.0529 446.9576 449.9804 455.0472 459.7971 463.5596 466.9708 470.5535 473.9373 476.9304 480.1975 483.5809 487.1295 490.9401 495.3771 499.297 502.9288 506.9552 511.1529 515.2563 519.2532 523.7809 528.9633 534.6362 540.0814 545.2848 550.3512 554.8291 557.5006 558.9781 559.5906 559.5886 559.106 558.1211 556.5099 554.5847 552.4308 550.0612 547.8907 545.4382 543.4515 541.4173 539.7771 537.6847 535.7383 533.9576 531.8238 530.1183 528.3941 526.4539 524.0443 521.9935 520.3235 518.6063 516.9277 516.3578 516.2212 516.1817 516.2081 515.4299 514.8754 513.4854
435.8224 440.1268 443.3768 447.536 453.1363 457.2773 460.5345 463.7687 467.1552 469.9752 472.2377 475.2417 478.6465 482.5032 487.2609 492.0707 495.9722 499.7598 503.964 508.0733 512.0443 516.3016 521.178 526.6281 531.7324 535.8522 539.6639 543.4298 548.0525 553.4871 556.2087 557.1797 557.4656 557.1545 556.3415 554.9976 553.0076 550.9305 548.6267 546.2719 544.0107 541.9162 540.0405 538.2268 536.4889 534.7322 532.8792 531.2004 529.8346 528.2704 526.6317 524.8519 523.0297 521.0952 519.3455 517.1824 515.1671 514.1613 513.8149 514.1598 514.119 513.6197 513.0221
431.9973 436.8768 441.1101 446.7151 451.8604 454.6217 457.2648 460.3296 463.5284 465.9503 467.7046 470.3038 473.6628 477.9653 483.4729 488.8282 493.0987 497.1998 501.1739 505.1667 509.3397 513.9097 518.6838 523.5525 527.6285 530.8282 533.3249 535.2655 538.1605 545.7965 551.9975 554.0974 554.8917 554.9952 554.3966 553.1397 551.1827 549.0357 546.9851 544.9304 542.6068 540.3358 538.563 536.8202 535.2251 533.5055 531.6578 530.0063 528.7469 527.7578 526.4905 524.7685 523.3734 521.2114 519.4628 517.4629 515.1804 513.6254 512.5587 512.6335 512.9908 512.9607 512.519
429.0244 435.1018 440.8991 445.8751 449.447 451.5608 453.9582 456.8318 459.3779 461.5337 463.2177 465.0314 468.4925 473.9592 480.381 486.2172 490.7882 494.847 498.5286 502.1937 506.1982 510.8817 515.2529 519.6428 523.2326 525.6125 526.217 527.9255 530.8787 535.6249 545.1047 550.4802 552.199 552.5277 552.0386 550.9803 549.3636 547.3537 545.0975 542.951 540.5126 538.3531 536.6047 535.0054 533.4023 531.758 529.9039 528.3848 527.5116 526.6027 525.4482 523.8242 522.3309 520.343 518.3951 516.6721 514.9819 513.2053 511.8951 511.3546 511.7359 512.274 512.4644
428.3089 434.8394 440.2843 444.0369 446.4263 448.4884 450.4331 452.8804 455.1443 457.0722 458.9126 461.2838 465.2524 471.7237 478.1256 483.5483 487.7868 492.0188 495.8389 499.4962 503.204 507.5823 511.4145 515.141 518.1853 519.4103 518.8835 520.6855 524.2274 528.6603 534.6516 544.5801 549.1592 550.0681 549.6719 548.9695 547.3704 545.3412 543.0929 540.6375 538.1328 536.231 534.3658 532.9628 531.3291 529.6683 527.9231 526.4954 525.51 524.728 523.8066 522.2366 520.7399 518.7414 516.9205 515.361 514.1949 512.7638 511.096 510.1021 510.7328 511.9455 512.8962
430.0226 435.1352 439.0477 441.5584 443.3198 445.1098 446.8717 448.744 450.6555 452.5284 454.9676 458.9443 464.436 470.4638 476.1438 480.9966 485.0775 488.9966 492.9507 496.5433 500.0169 503.7774 507.1126 510.0358 511.9836 511.4876 511.9974 514.5508 518.2703 523.3539 528.8433 536.7158 544.8839 546.4606 547.2058 546.822 545.2568 543.1589 540.9416 538.4905 536.0486 534.0101 532.2509 530.6534 529.1127 527.3289 525.7664 524.2321 523.1834 522.321 521.4825 520.0225 518.3801 516.6588 515.1494 513.7311 513.1415 512.1603 510.2293 508.7606 509.6613 512.2063 513.9571
431.261 434.5215 436.9023 438.6587 440.1489 441.5134 442.8089 444.4401 446.0271 448.4792 453.0605 458.7323 464.5382 469.5143 474.0851 478.2165 482.2238 486.0908 489.9325 493.2472 496.4696 499.6613 502.5853 505.1666 505.995 505.0093 505.8889 508.8379 512.7936 518.0525 523.8287 532.5388 539.2327 541.2453 543.6506 544.3439 542.9851 541.2064 539.0583 536.4789 533.9764 531.8708 530.1039 528.218 526.5342 525.1645 523.49 522.1488 520.8137 520.0276 519.068 517.5573 515.8353 514.3079 512.8489 512.0385 511.2388 510.5092 508.9822 507.4698 509.0985 512.3262 515.6075
430.0299 432.2773 433.687 434.8809 436.1151 437.1422 438.3668 439.3221 441.9551 447.8672 454.2722 459.6669 464.149 467.8124 471.3207 475.1089 478.9275 482.7736 486.5571 489.7264 492.6519 495.5755 498.1906 500.4024 500.5375 499.4659 500.5895 503.3229 507.5062 512.994 519.2783 528.2079 532.2026 534.3818 539.0369 541.3367 540.5674 539.2578 537.2037 534.7122 532.0735 529.7715 527.8563 525.9946 524.126 522.5356 521.241 519.8398 518.5188 517.3156 515.9023 514.5971 513.041 511.5558 510.7328 509.767 508.8195 507.8037 506.9004 506.7897 509.5881 513.6414 517.5941
427.1179 428.3203 429.5957 430.8366 431.7511 432.4446 433.0238 435.8584 442.6752 449.7291 455.2462 459.4023 462.5556 465.3818 468.4043 471.806 475.3703 479.0316 482.7131 485.8087 488.5409 491.4311 493.7916 495.416 495.1588 494.3965 495.5414 498.3558 502.8836 508.9652 515.8953 519.0521 521.3154 526.1509 532.7203 537.1489 537.7622 536.8716 535.2281 532.7572 530.1547 527.7994 525.8077 523.9153 521.9585 520.6684 518.8265 517.3328 515.938 514.4424 512.9668 511.5381 509.9256 508.8801 508.2054 507.2516 505.9676 505.117 505.9448 508.1855 511.5997 515.6786 520.2335
423.5728 424.7655 426.0362 426.9556 427.0197 427.4202 431.0114 437.4648 444.1737 450.1207 454.5985 457.7472 460.2172 462.6949 465.2963 467.9754 470.8266 474.4163 478.2623 481.6978 484.4243 487.1714 489.2239 490.297 489.9643 489.1654 490.4678 493.9732 499.2443 506.1896 510.9491 511.7774 513.0074 518.0997 524.9236 531.8727 534.2034 534.0313 532.6039 530.5326 528.2618 526.1005 523.9285 521.8699 519.9973 518.1677 516.608 515.2316 513.3532 512.1761 510.5181 509.0354 507.8911 506.64 505.8328 504.9132 503.8949 504.9383 507.3187 510.6803 514.3944 518.6102 523.3716
419.6264 420.9276 422.2335 422.3817 422.0286 425.8005 433.2947 439.8153 445.0349 449.5217 452.8929 455.3998 457.5594 459.7771 461.4673 462.8724 465.4618 469.3462 473.6602 477.3971 480.2781 482.7653 484.3632 484.9664 484.5551 484.2849 486.3282 490.9135 496.8326 502.754 505.1668 504.8444 506.2379 510.7265 515.9015 524.9454 529.5978 530.6202 529.5894 527.985 526.1647 524.1653 521.9718 519.8395 517.9286 516.1965 514.5508 512.7599 511.0523 509.6806 508.5494 507.4931 506.4766 505.4998 504.2264 502.9634 503.5258 506.2348 509.7342 513.7977 517.9175 522.186 526.7762
414.6886 416.2443 417.4052 417.3692 419.9555 427.07 434.4122 440.0356 444.3335 447.7131 450.5306 452.8347 454.9519 456.5646 456.8499 458.128 461.0731 464.7802 469.2358 473.214 476.342 478.3885 479.6046 479.6267 478.8057 479.1005 482.1514 487.6217 493.6991 498.2099 498.995 497.6718 499.2252 503.6987 507.5455 512.056 520.106 526.1136 526.195 525.2808 523.8594 521.889 519.856 517.9694 516.1572 514.6389 512.9977 510.9733 509.1228 507.9542 506.9212 506.0486 505.2235 504.4967 502.8274 502.1436 504.5519 508.1646 512.5397 517.4116 522.0522 526.429 530.3788
407.9364 410.2015 411.3903 413.17 420.2339 427.8842 434.0881 438.6406 442.505 445.5152 448.0215 450.2702 452.4373 453.6937 453.6374 455.5718 458.3481 461.4163 465.1381 468.9037 472.0168 473.9633 474.8071 474.42 473.3839 474.7532 478.8301 484.4454 489.9055 492.8665 492.9595 491.1414 492.9933 497.6855 501.2889 504.1299 509.2351 517.7684 522.446 522.4742 521.2278 519.5702 517.855 516.1019 514.4991 512.995 511.1925 509.4384 507.4746 506.0954 505.0706 504.5085 504.0057 503.2277 501.3734 502.352 505.7983 510.256 515.4911 521.1888 526.0223 529.8856 533.9899
403.9153 404.781 407.9107 413.9899 421.0477 427.9717 432.6696 436.4785 440.2463 443.1601 445.5851 447.7311 449.7817 450.8307 451.1876 452.9857 455.1918 457.8504 461.1292 464.4062 467.4764 469.4078 470.0703 469.3858 468.4008 470.7461 476.0767 481.8413 484.8346 485.7716 485.9481 485.0212 487.6427 492.0249 494.4878 498.3389 504.1764 510.1768 516.5799 518.8632 518.1542 516.7233 515.4869 514.1887 512.7431 511.337 509.7741 507.7653 505.949 504.6528 503.7689 503.189 502.3838 500.8418 500.6984 503.7326 507.6623 512.1292 517.3694 523.2847 527.9129 531.5875 536.0746
