notebooks/tutorials/mass_wasting_runout/pre_runout_DEM.asc
ncols         80
nrows         122
xllcorner     361015.59563119
yllcorner     70223.434086869
cellsize      10
NODATA_value  -9999
[rows 56 to 83 of 122, columns 0 to 62 of 80]
326.6779 329.6256 332.529 335.5121 338.438 340.8881 342.2607 342.954 343.1893 344.5542 345.8963 346.7475 347.8069 348.8988 350.153 351.2512 352.0947 353.546 357.1588 361.2682 364.8421 365.9907 368.3105 369.0877 367.558 366.04 363.3126 358.8666 356.407 355.0606 350.4379 345.0809 348.3114 348.2582 347.5033 349.6431 351.2346 354.077 356.173 358.2018 363.4846 370.9006 380.4656 389.6747 393.2383 391.5329 393.658 399.5146 405.8684 410.4287 416.8425 424.5762 429.6207 434.2577 438.4239 439.4178 439.6425 440.3658 441.9021 444.4296 447.7365 451.0198 452.581
324.972 327.9667 330.9764 334.0526 337.136 339.5893 340.4955 340.7826 341.1668 343.0195 344.4405 345.1067 345.4225 346.1645 347.2321 348.3129 349.1981 351.1175 355.189 359.3349 362.2906 364.3057 365.8894 366.6581 365.6622 364.2972 361.8041 357.7546 354.7477 351.9646 347.1917 345.2861 346.377 339.1965 340.9564 343.6064 345.2012 347.7551 350.9218 354.4295 358.0176 361.1406 366.4304 377.2023 385.9659 386.05 386.8712 391.2737 395.569 401.4482 411.6394 419.8367 424.5666 429.7936 433.4435 434.5398 435.3541 436.3865 438.1802 440.8555 443.5109 445.9641 447.6823
323.7326 326.5636 329.5815 332.7225 336.0772 338.1025 338.3433 338.2757 339.2735 341.8905 343.4671 343.8486 343.2789 343.6829 344.5601 345.4947 346.5052 348.6188 352.2013 356.2007 359.4035 362.3178 362.9775 364.2893 363.8626 362.4364 359.5324 355.5424 353.2214 348.9252 344.3517 345.92 340.3833 335.1366 336.6641 340.3999 340.543 341.21 343.9851 347.4417 351.7063 357.0749 361.0627 363.9587 371.4122 375.694 377.37 381.6643 384.7487 391.6839 403.3377 415.8621 421.7646 426.7102 429.2565 430.5309 431.3098 432.0634 433.8597 436.2637 438.6034 440.3877 441.6703
322.4357 324.9034 327.7972 331.3881 334.6298 336.0189 336.2389 336.1443 337.7072 340.6536 342.403 342.0175 340.9514 341.2393 342.0565 343.079 344.2349 346.2928 349.6374 353.1305 356.272 359.2619 361.0652 360.9457 361.5779 360.1382 356.2276 353.4532 350.6336 346.754 343.6859 343.1627 335.8527 333.1323 332.5475 336.0972 335.8828 336.0742 337.6531 341.5409 346.3079 350.9839 355.6323 360.6378 363.7086 364.1778 365.0389 370.9511 379.3369 386.7295 396.5741 410.3234 419.1808 423.924 426.3251 428.0445 428.6251 428.6022 429.3849 431.0065 432.9135 434.5294 436.2171
320.3691 322.7089 325.4596 329.3173 332.5228 333.7551 333.994 334.1186 335.5128 338.0174 340.0303 339.2953 338.2612 338.7377 339.4989 340.5802 341.7634 343.822 346.8978 350.0359 352.9207 355.7599 358.4175 358.9286 357.975 356.6946 354.7101 352.2484 348.3843 345.0676 343.2078 338.0479 334.1082 330.6148 328.9537 332.2833 332.5672 332.6531 333.5779 336.3684 339.9739 343.9087 347.5462 356.1277 360.7471 361.5908 363.3271 365.4281 373.6709 383.3504 395.0712 409.5967 417.0704 421.5289 424.2114 426.1042 426.9172 426.4499 426.1188 426.8265 428.1993 429.8289 432.005
318.134 320.1313 322.7438 326.3216 329.4226 331.0143 331.503 331.4367 332.7181 334.6413 336.1187 335.9113 335.5347 336.11 336.8797 338.0013 339.4749 341.8155 344.1854 346.6934 349.4261 352.3252 355.1768 357.1239 357.4765 356.5758 354.2936 349.8884 346.7355 343.2268 341.3052 334.9047 332.1276 328.6026 326.2089 329.356 329.6516 329.8875 330.3408 331.3537 333.7582 337.0408 339.2634 343.7982 352.6692 353.4586 357.6642 363.5101 367.8521 382.3874 392.9299 404.7507 413.9495 418.5469 421.2008 423.2919 424.8537 425.2385 424.9524 424.765 425.3845 426.7973 429.2502
315.7314 317.2916 319.6405 322.9865 326.1805 327.8909 328.3337 328.4579 329.1776 330.7461 331.9067 332.5629 332.9846 333.7218 334.5836 335.7997 337.1399 339.1002 341.2348 343.3726 345.9201 348.9274 352.0016 354.596 356.2248 355.7121 353.2147 348.8942 345.0336 341.3135 339.273 334.3742 330.2111 326.7305 323.4981 326.7054 328.4465 327.983 328.1388 327.8647 328.9998 330.7704 331.9343 334.5854 341.1047 347.028 353.0594 360.9633 367.5718 376.3619 387.5414 400.4496 410.7314 413.8636 416.0547 418.1888 420.7423 423.2981 424.5479 424.4474 424.4131 425.0045 426.9456
313.2655 314.4974 316.6821 319.7827 322.7231 324.772 325.6981 325.3538 325.0641 326.3044 328.1227 329.7424 330.7351 331.4358 332.4037 333.3996 334.4387 335.9043 337.8119 340.0257 342.5928 345.6572 348.9126 352.1018 354.007 354.2018 351.963 348.0556 342.9657 339.5958 337.1765 333.3831 328.5994 325.2514 321.4193 323.0444 325.5586 325.6873 326.1479 325.5898 324.6152 324.9657 327.0103 331.2796 337.4364 342.842 351.0674 360.3657 367.6436 372.2685 385.0533 398.4171 404.7763 407.7906 410.1894 412.5309 415.8533 420.1407 422.8972 423.957 423.933 423.8634 424.7404
310.8028 311.8793 313.6998 316.1754 319.1266 321.5609 322.3094 321.6328 320.7437 322.3233 325.0991 327.2545 328.2471 328.9515 330.2809 330.7487 331.643 332.9837 334.7121 337.0284 339.8822 343.1066 346.6313 349.8797 352.1209 352.2892 349.979 347.1068 340.7371 338.2652 335.2628 331.887 327.6285 323.7741 320.1196 319.7813 322.5978 323.0753 323.5988 323.9691 322.1644 320.2877 323.0143 327.4354 332.9437 339.3275 347.3464 356.5732 366.0311 370.637 383.7114 393.2072 397.623 401.2944 404.7921 407.4783 411.2289 415.7987 419.9901 422.3313 423.01 422.7304 422.7526
307.3234 308.5811 310.3864 312.6584 315.5269 318.0186 317.9977 317.0234 316.7385 319.7498 322.8522 324.6136 325.1776 326.2572 327.8681 328.305 328.6172 329.9517 331.7077 334.2739 337.2645 340.8766 344.8575 348.1783 350.6212 350.2954 347.9659 345.1967 338.7604 336.5655 332.6853 329.442 325.8077 322.2032 318.4706 316.4815 319.0731 320.4556 320.8662 321.7062 320.3936 317.0011 319.1636 323.7222 329.4259 336.4594 345.0876 353.7192 363.6021 370.2791 374.0063 385.8633 390.2314 394.2827 399.0641 402.6375 406.0342 411.1306 415.938 419.7037 421.3086 421.1889 420.7087
305.9108 306.7342 307.7505 308.9969 310.2808 312.0691 312.7806 312.7696 313.9992 317.5864 320.6813 321.7266 322.0097 323.184 324.8274 325.5711 325.4714 326.6821 328.9339 331.606 334.8705 338.7952 342.8322 346.4777 349.133 348.5595 345.4423 341.6932 337.041 333.3102 329.1268 326.3317 323.8613 320.2947 317.1499 314.5845 314.6229 317.1332 317.3164 317.7855 316.7525 314.2236 316.3303 321.0401 326.7429 333.6169 341.9458 351.2934 359.953 367.3482 371.0477 374.4716 381.5499 387.5709 393.0887 396.6704 399.6442 405.386 411.8567 416.5398 418.8703 419.1121 418.4243
303.4063 303.9873 304.7579 306.2709 307.4373 308.6588 309.7236 311.2575 312.711 314.4941 316.9775 318.9382 319.0446 319.8264 321.3618 322.3934 323.0251 323.9466 326.2578 328.927 332.2761 336.3083 340.2091 343.9112 346.7377 346.2302 342.6299 337.676 335.621 330.0344 325.299 323.1939 321.4605 318.6188 316.4926 313.7223 313.0576 314.8074 315.2018 314.1005 312.3461 311.7622 315.4251 318.6637 323.0674 329.3425 338.3416 346.7887 353.3307 360.4832 366.7718 370.8222 373.1162 378.7354 386.8635 390.4573 393.9471 399.6668 406.8931 412.8138 415.8245 416.5005 415.9486
301.2518 301.6255 302.038 302.5369 303.1827 303.892 305.2931 308.1067 311.6861 313.399 314.2137 315.1017 316.071 316.7902 318.1392 319.5021 320.4644 321.3561 323.0936 325.924 329.3571 333.4536 337.239 340.3901 342.8584 343.3545 339.8088 334.9915 333.291 327.1989 322.0671 319.5388 318.4437 316.7823 315.532 313.9531 311.9371 313.7591 314.1388 311.7004 309.6881 312.0289 315.3536 316.4842 318.9863 324.8087 331.9989 340.7448 348.7302 353.0592 360.27 364.6487 370.0403 373.6726 377.4608 384.0434 387.778 394.6042 401.0671 407.2387 411.5591 413.4561 413.342
299.5974 299.8236 299.8564 300.0913 300.4217 301.1024 302.8115 305.9507 309.4958 311.6275 312.7542 313.2079 313.7016 314.9154 316.7225 318.0139 319.0734 320.0793 321.2627 323.3594 326.0416 329.8534 333.4207 336.6708 338.7646 339.4406 336.092 333.553 330.0596 325.0568 320.5076 317.084 315.5317 314.2708 313.7774 313.0721 310.5251 312.7909 312.8242 309.3449 307.265 311.2799 313.6398 313.883 315.3691 320.4838 327.5004 334.049 341.9774 344.7178 352.1475 358.2573 364.7107 372.0233 375.1381 376.7351 380.3181 388.3059 395.2184 401.7845 406.2928 409.4866 410.4467
298.136 297.9223 297.5915 297.5471 298.0938 299.0677 301.0506 304.3156 307.1366 308.5796 309.2744 309.4262 309.7989 310.9796 313.0803 315.4229 317.9497 319.556 320.7464 322.1224 323.6976 326.6597 330.381 332.9265 334.5293 334.325 332.3476 332.066 327.2351 323.2627 319.6375 315.5722 312.9203 311.5948 312.244 312.1393 308.6254 311.517 311.0148 306.6375 305.5724 310.1046 311.7438 312.0066 312.5283 316.29 321.7172 327.8267 334.5507 339.1417 344.8109 352.4864 360.0722 367.1413 371.96 374.4576 377.2361 380.4791 388.8694 397.0945 402.3331 405.5263 407.5229
296.2165 295.7093 295.219 295.2825 295.7511 297.0105 299.5402 302.3536 304.3245 305.6492 306.1075 306.1273 306.5453 308.3177 310.6187 312.7296 314.8712 316.6606 318.2701 320.6118 322.9793 324.6627 326.2315 328.2234 329.4564 330.1777 331.2275 330.4691 325.5421 321.4809 318.1097 314.0259 310.3826 308.6884 309.6433 310.2319 306.714 309.6998 309.3853 304.2326 303.5657 308.2684 309.8119 310.2141 310.0899 313.0412 316.6351 321.5279 327.2057 332.8104 338.5198 346.41 355.0074 361.6869 365.0255 367.5217 373.5034 378.821 382.809 391.9687 398.1006 401.9203 404.2021
293.9786 293.2195 292.5234 292.8077 293.9212 295.9156 298.2782 300.027 301.2432 302.1215 302.6323 303.1344 303.8935 305.9685 308.3483 310.5287 312.3229 314.1468 315.8904 317.7569 319.8994 322.866 325.588 327.3636 328.6655 329.8853 330.5961 328.7694 324.1979 319.9795 316.3439 312.3774 308.5724 306.1639 306.9182 308.2389 305.1187 307.8365 307.4104 302.6679 301.3642 305.2881 307.0032 307.4975 307.6771 309.1661 312.3591 315.7867 321.0439 326.2116 332.5237 341.4245 349.5827 355.623 357.9347 361.4933 367.8817 376.7421 381.5307 386.5143 393.9209 398.3557 400.7
290.9767 290.298 289.8162 290.9149 292.9358 294.9096 296.5277 297.4868 298.135 298.5499 299.1649 300.0203 301.4733 303.8378 306.6309 308.6622 310.3162 312.2014 313.9827 316.0466 318.137 320.3793 322.2957 324.166 325.4148 326.372 327.4307 325.8098 322.6805 318.6846 315.1365 311.3325 307.5629 304.129 303.5199 304.9488 302.7811 305.5651 305.6853 302.0415 299.5536 301.9902 303.4046 303.3935 304.2993 305.4012 308.5183 311.6017 315.3852 320.8827 327.0607 335.7184 343.6136 348.1097 351.07 356.7409 364.9126 373.6609 380.7844 383.8951 389.0241 394.8179 397.2815
287.8508 287.4863 287.7964 289.3039 291.3382 293.0258 294.0831 294.7703 294.9582 295.3089 296.0545 297.9574 300.1631 302.7324 305.1118 306.9375 308.3976 310.2448 312.1454 314.2894 316.2022 317.9205 319.6509 321.1766 322.3045 323.3215 323.8248 323.446 321.232 317.3721 314.4912 310.6397 306.9005 303.6106 301.9572 301.2501 299.7399 303.4299 303.3927 299.2311 296.9449 299.1151 300.2407 299.733 300.51 302.1068 304.6778 308.1009 311.6442 317.1916 323.7526 331.217 336.7517 341.4973 347.846 355.3809 363.8492 371.6402 378.0119 383.6072 386.0487 389.9034 393.6132
285.0106 285.1045 285.939 287.6445 289.4534 290.6093 291.4253 291.6629 292.0823 292.9242 295.0721 297.472 299.7321 301.5699 303.295 304.8565 306.2526 307.868 309.8387 311.8005 313.7123 315.3448 317.0632 318.7367 319.9868 320.8946 321.4453 321.322 319.7018 316.3717 313.7794 310.7639 306.4117 302.9922 300.3911 297.5103 298.7183 301.3552 300.7777 297.674 296.2411 297.7021 298.0163 296.8976 297.5497 299.042 300.9873 304.1794 307.8434 313.6812 320.6131 325.689 330.5097 338.2793 346.3058 354.9044 363.2464 370.3846 376.0462 380.625 385.0622 387.292 389.181
282.4646 283.3474 284.5404 286.0756 287.4942 288.4038 288.8394 289.2053 290.4059 292.4763 295.1022 297.0628 298.7035 300.022 301.3618 302.7162 304.0004 305.4231 307.2592 309.0049 310.8952 312.5048 314.2107 315.8193 317.1473 318.3492 319.0276 319.1932 318.0612 315.1482 313.0201 310.4335 306.0681 302.1766 299.3868 295.178 298.6058 299.7563 297.3823 295.6186 295.5419 297.4285 296.9553 295.5875 296.0343 297.2446 299.1549 302.0395 305.4705 310.2654 315.7923 322.2117 330.082 338.0105 346.0882 353.9823 361.2837 366.8099 371.9913 376.9087 380.8327 384.329 387.4988
280.2512 281.7465 283.1646 284.5986 285.7026 286.4008 286.9904 288.0554 290.0349 292.4126 294.6262 296.0203 297.191 298.389 299.4592 300.7445 301.8115 303.0674 304.7551 306.4389 307.8908 309.3102 311.073 312.7728 314.1415 315.4642 316.4466 316.9419 316.201 313.8727 311.7556 310.2534 306.59 302.0432 298.9875 293.7522 296.7076 298.1172 295.2922 294.1359 294.2875 296.4892 295.6079 295.112 295.4511 296.5362 298.4178 301.1619 304.4349 309.514 315.7498 322.8172 329.7345 336.7858 343.7941 350.6163 355.7293 360.5585 366.4922 371.6274 375.8787 379.0168 382.4216
278.2879 280.374 281.7897 282.9263 283.7876 284.6366 285.7302 287.6416 290.089 292.0254 293.5862 294.6339 295.6262 296.7123 297.649 298.8529 299.8674 301.1419 302.7042 303.9379 305.0977 306.3931 307.8453 309.5907 311.1736 312.61 313.9142 314.4916 313.9226 311.9711 310.1184 309.1563 306.9043 302.1309 299.0394 293.0003 295.0055 295.709 294.5109 292.7646 292.6712 294.7981 294.5214 294.8047 295.0572 296.0507 298.1947 300.7268 303.9729 309.705 315.7642 321.5155 327.9492 334.741 340.398 345.2754 349.2657 354.3074 360.2277 365.4388 369.6167 373.0692 376.6283
276.818 278.5227 280.2932 281.57 282.8763 284.3518 286.0463 287.9463 289.7556 291.1342 292.2712 293.2177 294.1223 295.1473 296.0615 297.1206 298.204 299.3306 300.5395 301.5916 302.7795 303.8656 305.1736 306.655 308.2143 309.7325 310.9949 311.8749 311.6482 309.9192 308.2487 307.4315 306.507 302.6131 299.1182 292.0423 291.6865 294.1548 293.5612 290.9292 290.9161 292.9841 294.1953 294.6289 294.4665 295.0489 297.0669 299.4215 303.5615 308.8046 314.6928 319.9444 324.7804 330.7646 335.4734 339.546 343.463 348.7323 354.2205 359.0584 362.6168 365.786 369.9286
277.3922 278.9616 280.3853 281.9955 283.7104 285.1287 286.4403 287.6731 288.9049 290.0815 291.0402 291.9344 292.5471 293.4468 294.5142 295.5718 296.601 297.6358 298.6407 299.5204 300.5591 301.71 302.8685 304.2228 305.5341 306.8034 307.6964 308.5556 308.7072 307.4601 306.3136 305.247 305.1891 302.2784 298.411 291.8904 287.3775 287.9754 292.1624 290.0031 287.551 292.8534 294.0251 294.1886 294.1426 294.3617 295.7266 297.6104 301.9727 306.6512 311.4985 316.9311 322.0653 325.5225 329.6429 333.5142 337.9611 343.2212 348.5681 351.8815 354.8167 358.3293 362.1701
278.1357 280.2557 281.3637 282.6225 283.9257 285.145 286.1725 287.1248 288.1628 289.0379 289.7293 290.4424 291.0605 291.9017 292.8526 293.8945 294.8346 295.8459 296.8321 297.64 298.5878 299.4867 300.4503 301.7022 302.7582 303.5039 304.1291 304.8967 305.156 303.9892 303.1453 302.4203 302.7614 302.2432 298.176 293.9766 287.8618 284.0915 288.7657 286.437 284.9546 290.9614 292.7949 293.7491 293.7944 294.0197 294.3242 296.2195 300.3713 303.658 307.8126 312.6528 316.7231 320.1819 323.5996 327.4985 332.0937 337.7634 342.1595 344.0099 346.7978 350.4286 354.1503
278.1306 280.127 281.4956 282.6703 283.6393 284.6129 285.5041 286.4709 287.3357 288.0872 288.7296 289.2321 289.6399 290.3192 291.2772 292.4314 293.2647 294.16 295.1848 296.037 296.799 297.2517 297.9275 298.8851 299.5225 299.9777 300.6039 301.3254 300.8908 299.2169 298.6653 298.3043 299.0888 302.1591 298.4803 294.0341 289.2937 282.7247 283.7993 281.9108 282.2245 287.3209 291.4218 291.794 293.1653 293.6902 293.4101 295.6064 298.8215 300.4286 303.9901 308.2353 311.1795 314.4615 317.536 321.7781 327.7203 333.0602 335.472 337.0821 340.0302 343.7188 346.8174
277.8304 279.5829 281.2234 282.4672 283.3174 284.0421 284.8208 285.6622 286.4158 286.9814 287.4392 287.7473 288.1348 288.7607 289.6874 290.888 291.7921 292.5843 293.4132 294.0723 294.3988 294.578 294.8952 295.6145 296.3047 296.7453 297.2734 297.5066 296.5099 294.2651 293.3777 293.321 294.9311 299.2067 299.124 293.2452 289.7842 285.5564 279.6927 278.1452 280.6613 283.6531 287.5253 289.7471 292.1953 292.4689 292.3898 294.4286 296.3707 297.3343 299.9813 303.5874 306.2126 308.6762 312.379 317.7564 323.7673 328.3588 329.3941 330.8041 333.1803 336.9493 340.88
