notebooks/tutorials/flow_direction_and_accumulation/SRTMGL3_40.09_-105.56_40.209999999999994_-105.44.tif
ncols        144
nrows        144
xllcorner    -105.560416666684
yllcorner    40.090416666671
cellsize     0.000833333333
NODATA_value 0
[rows 0 to 37 of 144, columns 0 to 83 of 144]
2588 2586 2578 2573 2572 2576 2575 2570 2571 2568 2569 2570 2569 2569 2573 2578 2592 2615 2639 2661 2679 2691 2701 2701 2691 2679 2665 2660 2652 2643 2632 2626 2621 2614 2600 2592 2586 2584 2585 2577 2570 2562 2553 2547 2545 2539 2538 2543 2544 2542 2545 2545 2546 2547 2552 2562 2570 2580 2586 2592 2599 2609 2621 2635 2644 2654 2657 2657 2654 2649 2646 2631 2618 2608 2597 2577 2549 2509 2482 2456 2432 2400 2395 2430
2585 2583 2584 2592 2598 2599 2591 2585 2584 2584 2586 2584 2591 2597 2604 2618 2636 2657 2678 2697 2710 2709 2700 2690 2676 2666 2658 2651 2641 2634 2631 2630 2629 2626 2613 2602 2592 2591 2589 2581 2573 2565 2557 2554 2550 2545 2540 2545 2551 2548 2544 2545 2546 2547 2552 2559 2569 2580 2583 2585 2586 2592 2597 2608 2621 2634 2643 2648 2653 2652 2646 2623 2608 2597 2591 2585 2548 2506 2455 2414 2391 2401 2426 2452
2591 2598 2609 2620 2621 2617 2607 2603 2605 2606 2617 2631 2640 2650 2657 2665 2680 2701 2713 2716 2710 2700 2688 2676 2658 2648 2642 2633 2624 2618 2617 2618 2621 2624 2623 2615 2606 2598 2591 2584 2577 2568 2562 2558 2555 2551 2544 2542 2549 2545 2539 2539 2542 2540 2542 2545 2551 2564 2576 2572 2567 2569 2575 2581 2592 2604 2610 2617 2627 2633 2625 2609 2589 2575 2577 2584 2551 2503 2453 2409 2405 2445 2473 2497
2628 2640 2644 2637 2630 2625 2626 2640 2654 2664 2675 2684 2696 2704 2710 2714 2721 2721 2712 2704 2694 2686 2678 2664 2647 2636 2631 2622 2616 2612 2607 2605 2604 2606 2608 2608 2610 2605 2597 2588 2578 2568 2562 2557 2555 2552 2546 2543 2542 2543 2539 2537 2536 2538 2532 2522 2524 2536 2549 2552 2546 2542 2548 2553 2560 2566 2576 2588 2601 2611 2606 2596 2572 2553 2538 2541 2528 2489 2437 2409 2435 2478 2506 2531
2689 2694 2692 2684 2678 2674 2679 2693 2708 2718 2731 2735 2746 2745 2740 2730 2722 2715 2701 2692 2681 2671 2661 2651 2640 2632 2625 2619 2615 2610 2604 2602 2599 2598 2595 2593 2593 2596 2596 2589 2572 2559 2554 2552 2548 2545 2539 2533 2527 2526 2528 2530 2527 2518 2513 2498 2491 2503 2518 2529 2516 2508 2518 2527 2535 2544 2559 2572 2582 2591 2582 2568 2543 2520 2493 2486 2480 2470 2432 2409 2440 2462 2490 2531
2725 2724 2730 2733 2730 2723 2731 2743 2758 2762 2763 2758 2751 2743 2734 2725 2716 2705 2687 2676 2665 2658 2651 2644 2639 2631 2627 2624 2621 2618 2613 2609 2601 2601 2598 2594 2588 2585 2583 2577 2561 2546 2539 2535 2531 2528 2525 2518 2514 2512 2509 2508 2504 2500 2500 2501 2500 2490 2492 2503 2495 2483 2491 2500 2517 2539 2554 2565 2570 2568 2545 2521 2493 2463 2439 2427 2425 2423 2419 2422 2441 2464 2503 2549
2746 2757 2765 2769 2768 2772 2779 2783 2783 2775 2762 2751 2740 2734 2728 2717 2705 2689 2672 2666 2662 2659 2654 2648 2642 2636 2637 2638 2639 2632 2626 2623 2617 2615 2611 2610 2604 2596 2590 2584 2568 2549 2536 2527 2526 2525 2522 2522 2524 2524 2528 2525 2523 2523 2525 2524 2511 2496 2486 2484 2481 2476 2475 2473 2490 2510 2520 2527 2530 2526 2504 2482 2449 2426 2426 2442 2455 2457 2469 2479 2477 2484 2517 2566
2780 2790 2792 2793 2793 2791 2792 2784 2774 2763 2751 2739 2725 2718 2710 2699 2689 2679 2670 2668 2665 2662 2659 2655 2651 2648 2647 2648 2646 2641 2633 2629 2624 2618 2612 2605 2597 2586 2577 2569 2556 2542 2541 2542 2539 2535 2535 2541 2541 2543 2547 2550 2548 2539 2529 2515 2504 2506 2503 2497 2502 2504 2493 2479 2467 2469 2475 2472 2480 2472 2454 2442 2428 2444 2473 2504 2525 2522 2526 2514 2497 2513 2550 2609
2812 2813 2802 2794 2790 2781 2774 2761 2747 2740 2727 2718 2711 2703 2697 2690 2685 2680 2676 2674 2672 2668 2663 2661 2656 2652 2651 2652 2646 2636 2623 2615 2602 2592 2578 2570 2565 2560 2555 2550 2545 2550 2559 2553 2543 2542 2547 2548 2550 2553 2552 2552 2553 2543 2530 2513 2515 2524 2522 2517 2519 2514 2502 2491 2484 2482 2472 2461 2451 2439 2437 2447 2467 2488 2516 2542 2570 2580 2565 2532 2518 2539 2582 2623
2796 2787 2777 2773 2766 2761 2750 2736 2727 2719 2710 2707 2701 2694 2687 2682 2680 2678 2677 2675 2670 2665 2662 2661 2659 2654 2651 2645 2631 2615 2598 2590 2577 2572 2577 2582 2578 2573 2568 2563 2556 2557 2554 2550 2547 2553 2553 2553 2549 2548 2546 2545 2546 2542 2527 2514 2527 2536 2527 2524 2523 2519 2515 2512 2509 2508 2499 2482 2460 2443 2462 2495 2515 2536 2559 2578 2594 2599 2586 2562 2540 2545 2580 2612
2808 2792 2779 2771 2764 2755 2744 2737 2729 2722 2714 2707 2707 2701 2704 2694 2682 2673 2668 2662 2654 2646 2641 2641 2643 2638 2634 2627 2615 2599 2586 2585 2580 2580 2594 2598 2589 2579 2572 2570 2565 2564 2565 2558 2557 2559 2557 2553 2548 2543 2538 2538 2535 2532 2524 2519 2531 2539 2540 2540 2538 2538 2535 2531 2528 2520 2510 2503 2481 2454 2473 2510 2543 2569 2588 2598 2597 2591 2585 2578 2561 2552 2577 2596
2839 2816 2793 2784 2777 2768 2761 2755 2747 2736 2729 2723 2720 2716 2715 2708 2699 2688 2676 2668 2665 2652 2640 2630 2624 2614 2612 2607 2599 2594 2596 2600 2592 2592 2601 2600 2590 2581 2581 2580 2578 2574 2570 2563 2564 2562 2557 2553 2550 2544 2539 2537 2531 2527 2529 2532 2534 2541 2551 2555 2552 2549 2539 2530 2522 2519 2511 2499 2474 2452 2482 2520 2544 2557 2566 2573 2577 2572 2571 2573 2568 2560 2563 2573
2865 2840 2815 2803 2792 2785 2781 2773 2765 2757 2750 2742 2739 2734 2729 2718 2707 2698 2690 2684 2678 2662 2647 2633 2622 2616 2612 2609 2609 2606 2610 2606 2599 2597 2599 2594 2591 2596 2605 2604 2593 2580 2570 2576 2581 2576 2570 2563 2560 2556 2550 2544 2536 2534 2539 2547 2549 2549 2555 2556 2550 2541 2530 2518 2512 2499 2492 2485 2466 2460 2488 2510 2524 2531 2540 2554 2560 2566 2575 2584 2589 2591 2577 2584
2882 2861 2835 2821 2812 2805 2800 2793 2789 2780 2772 2766 2758 2752 2746 2734 2724 2715 2706 2698 2690 2674 2659 2642 2632 2627 2620 2614 2615 2616 2614 2613 2609 2608 2606 2601 2600 2611 2614 2610 2595 2585 2586 2591 2593 2590 2585 2582 2573 2567 2560 2554 2549 2547 2550 2555 2555 2551 2546 2545 2542 2534 2523 2512 2504 2495 2484 2467 2454 2460 2482 2504 2526 2543 2558 2576 2583 2590 2598 2606 2613 2611 2602 2602
2902 2880 2858 2843 2834 2826 2820 2816 2811 2802 2793 2786 2783 2775 2763 2747 2733 2728 2722 2716 2703 2684 2665 2652 2641 2636 2630 2627 2626 2625 2622 2620 2622 2616 2612 2607 2602 2605 2607 2601 2592 2597 2609 2613 2611 2607 2604 2600 2591 2581 2576 2568 2563 2557 2555 2555 2550 2545 2537 2531 2532 2528 2524 2518 2511 2501 2484 2461 2456 2465 2484 2511 2539 2559 2571 2589 2599 2607 2617 2624 2625 2622 2617 2618
2926 2906 2890 2874 2863 2853 2843 2836 2830 2825 2817 2805 2795 2785 2767 2753 2743 2742 2738 2729 2714 2697 2677 2662 2651 2645 2639 2640 2636 2631 2634 2630 2628 2623 2616 2611 2606 2603 2600 2600 2607 2611 2619 2622 2624 2626 2627 2622 2612 2600 2590 2583 2574 2567 2564 2558 2549 2541 2534 2523 2516 2510 2509 2506 2499 2480 2461 2455 2464 2476 2509 2533 2555 2572 2591 2604 2612 2619 2624 2627 2630 2632 2631 2637
2963 2943 2928 2913 2899 2887 2880 2867 2858 2848 2836 2817 2804 2789 2773 2762 2757 2754 2749 2741 2726 2709 2690 2671 2665 2657 2652 2649 2646 2645 2644 2643 2638 2631 2626 2619 2615 2609 2606 2605 2607 2606 2607 2616 2623 2626 2625 2628 2622 2616 2610 2603 2600 2589 2581 2569 2559 2551 2548 2536 2527 2517 2500 2488 2473 2462 2461 2469 2467 2483 2513 2543 2573 2596 2610 2621 2631 2629 2631 2633 2639 2647 2648 2649
2997 2984 2975 2960 2944 2932 2918 2902 2887 2872 2853 2831 2812 2798 2786 2781 2776 2771 2761 2749 2735 2716 2701 2689 2680 2672 2663 2657 2657 2658 2654 2649 2644 2637 2630 2626 2618 2614 2609 2607 2601 2595 2593 2595 2599 2605 2608 2608 2610 2614 2615 2619 2619 2615 2598 2575 2558 2547 2547 2539 2531 2522 2497 2476 2467 2479 2476 2472 2484 2502 2520 2549 2578 2603 2622 2638 2642 2639 2638 2638 2641 2647 2654 2653
3030 3024 3015 3000 2983 2961 2945 2933 2910 2892 2868 2842 2821 2813 2801 2795 2792 2783 2767 2750 2739 2726 2715 2704 2696 2692 2681 2673 2668 2665 2663 2655 2652 2644 2636 2630 2625 2620 2612 2610 2604 2595 2591 2585 2582 2581 2582 2583 2586 2591 2593 2601 2605 2601 2594 2577 2560 2541 2532 2521 2514 2500 2480 2471 2488 2491 2480 2498 2525 2542 2547 2557 2579 2605 2628 2642 2643 2641 2638 2640 2648 2650 2652 2654
3055 3047 3036 3020 3004 2988 2964 2945 2921 2901 2882 2859 2837 2826 2819 2812 2801 2786 2770 2754 2741 2730 2722 2714 2705 2700 2690 2685 2679 2672 2670 2666 2659 2650 2645 2636 2627 2624 2619 2612 2604 2597 2591 2583 2576 2569 2560 2558 2555 2556 2555 2563 2569 2569 2570 2561 2550 2540 2535 2525 2505 2480 2479 2496 2507 2488 2493 2524 2555 2579 2590 2599 2608 2621 2633 2633 2629 2625 2622 2627 2637 2645 2647 2647
3072 3058 3048 3034 3021 3004 2980 2959 2937 2915 2889 2870 2854 2845 2833 2824 2809 2796 2781 2764 2749 2733 2723 2720 2710 2704 2699 2695 2688 2684 2675 2667 2658 2648 2640 2635 2628 2622 2614 2607 2602 2596 2587 2578 2576 2572 2571 2565 2556 2549 2541 2536 2536 2535 2533 2535 2533 2528 2528 2523 2500 2481 2496 2525 2521 2494 2496 2527 2557 2581 2600 2612 2620 2627 2627 2618 2606 2596 2596 2610 2628 2637 2638 2628
3092 3080 3068 3055 3040 3020 3001 2977 2953 2931 2908 2895 2875 2861 2846 2830 2815 2805 2791 2772 2756 2742 2734 2734 2728 2724 2713 2703 2696 2685 2675 2671 2668 2663 2657 2650 2644 2631 2620 2615 2611 2601 2594 2588 2583 2578 2572 2567 2563 2558 2555 2548 2540 2533 2524 2516 2510 2507 2507 2506 2492 2497 2529 2539 2532 2508 2493 2506 2533 2556 2576 2590 2600 2606 2608 2608 2599 2583 2582 2595 2610 2616 2615 2607
3122 3106 3089 3073 3058 3040 3022 3001 2980 2956 2933 2914 2886 2858 2838 2819 2806 2794 2785 2774 2761 2757 2762 2761 2754 2740 2722 2705 2695 2689 2696 2697 2690 2681 2677 2670 2653 2633 2620 2610 2606 2600 2589 2582 2575 2569 2563 2557 2550 2550 2545 2539 2536 2527 2523 2515 2504 2499 2495 2490 2490 2517 2543 2540 2534 2523 2504 2493 2515 2537 2552 2567 2575 2579 2582 2586 2584 2571 2570 2577 2588 2593 2598 2596
3153 3134 3116 3099 3081 3061 3039 3012 2984 2958 2927 2901 2870 2847 2826 2816 2809 2809 2806 2799 2794 2786 2782 2772 2753 2733 2717 2709 2716 2721 2723 2715 2705 2693 2679 2661 2637 2621 2611 2606 2597 2590 2583 2575 2567 2566 2562 2554 2549 2544 2537 2532 2529 2526 2525 2519 2511 2497 2492 2495 2508 2532 2538 2532 2525 2516 2500 2495 2504 2517 2534 2548 2556 2554 2556 2556 2555 2556 2560 2568 2577 2589 2596 2593
3162 3147 3128 3111 3092 3067 3041 3003 2968 2940 2910 2886 2861 2843 2834 2834 2839 2841 2839 2826 2803 2787 2766 2751 2735 2724 2724 2731 2744 2753 2747 2734 2723 2699 2676 2659 2634 2621 2611 2601 2590 2580 2578 2573 2571 2568 2564 2556 2549 2542 2537 2540 2542 2542 2538 2526 2517 2515 2515 2511 2509 2515 2517 2513 2511 2508 2500 2501 2511 2513 2518 2527 2535 2536 2536 2537 2545 2554 2564 2571 2576 2586 2591 2586
3152 3137 3119 3096 3074 3053 3019 2980 2950 2924 2901 2879 2868 2860 2859 2863 2866 2865 2848 2822 2795 2775 2755 2748 2748 2749 2753 2763 2765 2763 2758 2738 2716 2695 2674 2658 2645 2630 2616 2604 2593 2582 2576 2573 2568 2566 2562 2560 2556 2557 2560 2558 2549 2536 2525 2519 2524 2527 2520 2513 2510 2508 2503 2500 2500 2502 2503 2504 2508 2514 2521 2519 2523 2525 2529 2536 2545 2550 2555 2557 2565 2571 2576 2573
3138 3123 3103 3084 3059 3034 3000 2968 2942 2924 2908 2896 2891 2888 2886 2890 2888 2865 2835 2807 2783 2771 2768 2772 2776 2780 2785 2791 2790 2778 2761 2736 2706 2679 2655 2640 2627 2618 2610 2597 2585 2583 2578 2573 2572 2572 2571 2569 2567 2566 2560 2549 2530 2521 2524 2532 2534 2524 2517 2512 2507 2508 2508 2511 2515 2515 2516 2517 2518 2517 2522 2531 2541 2549 2547 2547 2553 2554 2559 2561 2563 2563 2560 2557
3133 3119 3098 3075 3051 3032 3004 2985 2963 2950 2940 2929 2921 2917 2912 2902 2879 2850 2822 2802 2793 2794 2795 2798 2805 2810 2817 2822 2817 2794 2766 2736 2702 2674 2649 2632 2619 2609 2607 2599 2592 2588 2583 2579 2575 2571 2565 2564 2556 2550 2543 2532 2525 2526 2530 2527 2522 2518 2516 2514 2514 2520 2523 2531 2539 2541 2538 2537 2536 2527 2530 2546 2561 2577 2576 2570 2569 2570 2575 2578 2574 2573 2567 2557
3130 3119 3100 3080 3061 3044 3026 3009 2998 2983 2976 2961 2954 2945 2927 2904 2877 2844 2821 2815 2818 2822 2825 2830 2837 2842 2844 2838 2821 2792 2765 2733 2704 2677 2658 2643 2623 2616 2611 2604 2597 2590 2584 2581 2576 2571 2564 2555 2546 2540 2530 2526 2530 2533 2529 2523 2523 2530 2533 2530 2528 2534 2540 2555 2566 2569 2568 2562 2552 2540 2539 2553 2572 2596 2609 2608 2603 2603 2601 2595 2587 2576 2566 2559
3138 3123 3109 3093 3078 3062 3047 3035 3027 3019 3008 2990 2981 2960 2936 2908 2873 2848 2833 2836 2843 2851 2861 2865 2866 2862 2846 2828 2805 2777 2752 2726 2698 2679 2663 2648 2635 2627 2619 2613 2603 2593 2587 2581 2578 2573 2561 2549 2538 2536 2536 2537 2535 2532 2531 2536 2539 2544 2540 2537 2546 2553 2560 2577 2595 2605 2609 2586 2562 2546 2547 2561 2585 2620 2642 2646 2645 2641 2634 2620 2598 2587 2581 2576
3146 3134 3124 3107 3094 3081 3070 3062 3052 3043 3028 3006 2980 2952 2925 2897 2872 2853 2849 2857 2876 2890 2896 2893 2883 2864 2842 2817 2793 2764 2738 2711 2692 2675 2662 2652 2646 2641 2632 2618 2607 2597 2591 2587 2581 2567 2556 2544 2546 2550 2548 2544 2539 2537 2538 2542 2548 2552 2552 2561 2570 2576 2580 2597 2622 2631 2625 2595 2570 2557 2565 2585 2611 2643 2667 2671 2671 2666 2656 2639 2615 2609 2605 2597
3156 3145 3135 3126 3119 3109 3097 3084 3068 3052 3025 2995 2963 2936 2911 2892 2874 2862 2870 2882 2906 2921 2926 2914 2896 2872 2845 2823 2795 2770 2742 2715 2694 2677 2664 2653 2644 2638 2625 2615 2607 2598 2594 2588 2577 2566 2555 2556 2565 2568 2559 2548 2546 2553 2557 2560 2564 2567 2578 2599 2612 2615 2613 2617 2631 2628 2623 2605 2584 2571 2581 2611 2638 2655 2670 2680 2675 2670 2662 2647 2637 2634 2630 2628
3177 3169 3161 3155 3145 3130 3107 3084 3063 3044 3014 2985 2955 2931 2914 2899 2885 2887 2899 2913 2931 2944 2945 2932 2908 2882 2859 2834 2804 2783 2753 2720 2700 2686 2671 2654 2643 2634 2625 2614 2603 2596 2595 2588 2575 2567 2557 2562 2567 2566 2561 2558 2564 2570 2578 2584 2589 2596 2608 2622 2638 2641 2634 2631 2634 2633 2632 2621 2612 2597 2589 2611 2640 2656 2668 2674 2672 2668 2662 2658 2653 2654 2657 2662
3208 3198 3193 3182 3159 3129 3101 3078 3058 3036 3008 2981 2960 2937 2919 2912 2912 2920 2929 2941 2955 2959 2952 2941 2922 2899 2876 2850 2817 2788 2759 2730 2714 2695 2673 2656 2645 2634 2621 2611 2603 2598 2592 2584 2579 2570 2564 2570 2573 2576 2577 2582 2592 2603 2614 2620 2625 2631 2640 2651 2656 2660 2662 2658 2650 2644 2642 2636 2625 2609 2602 2621 2639 2654 2667 2671 2674 2670 2668 2675 2676 2682 2689 2683
3254 3235 3218 3196 3164 3127 3101 3079 3057 3030 3006 2984 2965 2945 2937 2942 2946 2951 2964 2970 2976 2975 2964 2954 2939 2914 2889 2856 2826 2796 2772 2751 2734 2709 2688 2671 2651 2636 2625 2615 2606 2601 2595 2592 2584 2572 2573 2586 2591 2599 2603 2614 2625 2643 2654 2663 2669 2670 2675 2683 2687 2694 2696 2685 2669 2659 2650 2644 2636 2625 2619 2641 2660 2668 2674 2677 2684 2686 2693 2700 2706 2713 2710 2693
3296 3266 3234 3203 3170 3139 3108 3080 3058 3032 3011 2987 2966 2963 2973 2981 2985 2987 2991 2999 3000 2996 2991 2974 2951 2926 2897 2867 2843 2815 2797 2776 2759 2736 2715 2695 2669 2651 2637 2623 2611 2603 2599 2596 2584 2575 2589 2601 2608 2622 2633 2643 2657 2678 2701 2707 2710 2711 2714 2716 2719 2715 2709 2702 2690 2676 2661 2652 2647 2641 2635 2647 2664 2674 2681 2688 2697 2707 2719 2732 2732 2722 2704 2682
3326 3285 3249 3218 3184 3148 3115 3089 3064 3037 3013 3001 2995 2997 3007 3010 3013 3015 3021 3027 3026 3022 3018 2998 2966 2942 2912 2881 2859 2841 2822 2804 2784 2765 2736 2712 2687 2664 2646 2631 2618 2609 2607 2598 2581 2589 2606 2616 2627 2639 2654 2671 2690 2717 2747 2756 2759 2756 2755 2754 2751 2732 2713 2699 2690 2677 2663 2653 2647 2647 2653 2666 2676 2681 2690 2703 2720 2731 2740 2745 2732 2716 2698 2686
3325 3289 3257 3220 3190 3154 3119 3098 3074 3047 3036 3030 3029 3031 3035 3037 3036 3039 3051 3057 3058 3056 3039 3017 2984 2958 2933 2908 2885 2864 2840 2819 2794 2773 2747 2720 2695 2676 2655 2639 2623 2613 2605 2593 2587 2605 2623 2636 2651 2670 2687 2702 2721 2744 2778 2801 2797 2793 2785 2775 2760 2737 2717 2701 2683 2670 2659 2650 2650 2659 2671 2685 2691 2696 2706 2721 2738 2751 2754 2749 2737 2725 2718 2713
