notebooks/tutorials/flow_direction_and_accumulation/SRTMGL3_40.09_-105.56_40.209999999999994_-105.44.tif
ncols        144
nrows        144
xllcorner    -105.560416666684
yllcorner    40.090416666671
cellsize     0.000833333333
NODATA_value 0
[rows 38 to 75 of 144, columns 0 to 83 of 144]
3306 3276 3247 3214 3184 3158 3134 3107 3087 3070 3069 3066 3065 3067 3065 3061 3065 3068 3081 3090 3088 3067 3040 3011 2982 2959 2932 2908 2888 2864 2840 2820 2800 2784 2762 2733 2706 2681 2659 2639 2624 2617 2612 2601 2608 2623 2637 2657 2680 2702 2721 2739 2750 2772 2801 2827 2829 2814 2800 2784 2763 2739 2716 2695 2680 2675 2669 2666 2668 2678 2689 2702 2712 2722 2727 2737 2748 2762 2770 2768 2763 2758 2753 2750
3292 3267 3241 3217 3191 3168 3144 3125 3112 3103 3103 3101 3102 3101 3098 3096 3095 3097 3108 3102 3076 3048 3016 2984 2958 2935 2912 2891 2873 2851 2830 2811 2791 2776 2764 2739 2709 2681 2661 2639 2627 2622 2611 2608 2621 2636 2660 2686 2713 2740 2762 2780 2793 2802 2822 2843 2847 2836 2819 2793 2766 2739 2720 2709 2700 2693 2688 2690 2696 2707 2720 2733 2742 2749 2748 2758 2772 2793 2800 2798 2794 2791 2789 2783
3285 3257 3236 3219 3200 3180 3162 3151 3145 3136 3135 3138 3139 3141 3137 3133 3131 3130 3119 3095 3061 3027 2991 2962 2935 2915 2893 2869 2851 2837 2818 2798 2772 2751 2731 2711 2694 2669 2655 2645 2638 2625 2614 2626 2641 2647 2672 2704 2736 2766 2788 2803 2818 2828 2836 2842 2847 2842 2821 2792 2767 2749 2738 2728 2723 2719 2716 2720 2726 2741 2753 2761 2765 2766 2770 2782 2798 2820 2824 2824 2826 2822 2818 2811
3277 3251 3236 3224 3211 3202 3191 3180 3177 3175 3170 3169 3171 3176 3173 3172 3164 3147 3119 3090 3054 3020 2988 2957 2924 2898 2872 2848 2829 2809 2792 2773 2751 2733 2709 2693 2682 2672 2670 2661 2646 2627 2624 2645 2660 2670 2678 2701 2740 2771 2791 2804 2820 2843 2856 2861 2860 2851 2830 2801 2780 2767 2757 2751 2750 2748 2750 2758 2769 2782 2790 2789 2784 2786 2795 2805 2818 2833 2839 2839 2847 2838 2831 2820
3269 3251 3238 3231 3222 3217 3215 3211 3210 3209 3208 3205 3196 3195 3198 3183 3163 3130 3098 3068 3042 3019 2981 2944 2912 2883 2858 2835 2813 2794 2780 2761 2740 2724 2711 2698 2690 2685 2681 2671 2646 2626 2637 2665 2684 2699 2699 2703 2721 2749 2773 2795 2818 2850 2872 2880 2882 2873 2856 2829 2806 2796 2787 2780 2778 2783 2793 2804 2813 2818 2822 2819 2811 2813 2818 2826 2834 2836 2840 2842 2846 2841 2832 2824
3272 3255 3242 3236 3233 3234 3239 3239 3238 3236 3225 3217 3203 3197 3183 3160 3132 3105 3069 3038 3011 2992 2959 2925 2897 2869 2841 2816 2801 2783 2766 2747 2734 2724 2711 2701 2690 2684 2679 2671 2648 2629 2641 2674 2699 2716 2727 2736 2740 2746 2766 2797 2822 2853 2879 2895 2899 2894 2878 2858 2839 2827 2822 2818 2819 2828 2835 2848 2855 2855 2850 2842 2835 2839 2838 2840 2843 2842 2842 2845 2843 2840 2831 2820
3270 3256 3243 3235 3230 3233 3239 3242 3231 3220 3202 3189 3179 3161 3131 3112 3089 3067 3044 3017 2973 2952 2929 2904 2874 2850 2827 2804 2784 2766 2754 2741 2733 2721 2707 2697 2689 2680 2669 2657 2642 2641 2652 2680 2707 2725 2743 2763 2779 2788 2788 2797 2824 2855 2877 2892 2896 2899 2894 2886 2875 2866 2864 2864 2865 2871 2878 2887 2891 2883 2869 2862 2857 2858 2857 2853 2851 2852 2852 2853 2846 2831 2818 2805
3255 3238 3220 3211 3204 3205 3208 3203 3189 3179 3156 3138 3125 3109 3086 3062 3043 3026 3007 2983 2944 2919 2895 2870 2846 2826 2807 2787 2770 2753 2738 2730 2724 2713 2699 2687 2678 2669 2655 2648 2648 2665 2682 2689 2704 2727 2753 2781 2806 2822 2826 2825 2839 2857 2872 2884 2897 2907 2914 2911 2904 2901 2903 2909 2912 2912 2913 2916 2912 2900 2887 2880 2876 2874 2875 2872 2864 2856 2853 2847 2831 2806 2794 2785
3227 3203 3184 3174 3165 3160 3161 3158 3150 3136 3111 3083 3062 3049 3034 3010 3000 2984 2962 2945 2919 2892 2870 2844 2824 2805 2791 2772 2757 2742 2730 2719 2703 2694 2688 2683 2681 2671 2660 2654 2671 2697 2713 2714 2714 2730 2755 2789 2822 2845 2852 2856 2864 2871 2880 2893 2912 2928 2937 2938 2938 2941 2943 2951 2954 2948 2941 2936 2926 2915 2902 2896 2893 2885 2877 2868 2860 2847 2830 2816 2796 2776 2764 2767
3193 3168 3148 3136 3128 3118 3115 3111 3101 3085 3065 3044 3017 2997 2985 2964 2954 2941 2923 2905 2887 2865 2843 2826 2814 2799 2787 2767 2749 2739 2726 2713 2705 2706 2704 2703 2688 2671 2666 2676 2699 2719 2733 2738 2743 2749 2766 2792 2824 2854 2871 2883 2884 2889 2896 2911 2926 2937 2948 2961 2969 2979 2985 2992 2999 2994 2980 2961 2942 2926 2907 2895 2879 2866 2857 2853 2846 2827 2803 2784 2766 2752 2743 2747
3176 3149 3127 3111 3096 3080 3072 3063 3052 3040 3024 3000 2973 2954 2938 2925 2914 2905 2887 2873 2856 2841 2827 2809 2799 2786 2774 2757 2743 2733 2723 2723 2726 2728 2718 2701 2680 2676 2691 2710 2730 2746 2758 2766 2774 2779 2788 2803 2827 2853 2876 2892 2902 2909 2915 2926 2936 2948 2962 2977 2995 3012 3025 3032 3036 3026 3006 2976 2948 2921 2897 2880 2864 2845 2836 2832 2822 2799 2778 2758 2742 2729 2720 2733
3187 3157 3129 3112 3092 3071 3051 3039 3022 3007 2995 2974 2957 2943 2924 2911 2898 2880 2870 2856 2842 2828 2820 2811 2796 2777 2768 2761 2754 2752 2751 2752 2742 2730 2708 2686 2687 2704 2724 2744 2761 2775 2788 2796 2801 2802 2812 2825 2841 2860 2889 2910 2920 2925 2932 2940 2951 2965 2985 2999 3014 3031 3048 3059 3052 3037 3010 2976 2947 2914 2879 2857 2840 2827 2823 2811 2796 2780 2763 2747 2734 2716 2706 2721
3203 3182 3156 3134 3114 3093 3075 3056 3035 3017 3000 2983 2969 2955 2937 2922 2911 2897 2883 2867 2854 2843 2833 2821 2806 2798 2796 2793 2788 2782 2773 2757 2739 2719 2702 2700 2715 2734 2752 2774 2797 2812 2824 2826 2825 2828 2836 2846 2855 2873 2900 2927 2940 2943 2949 2958 2971 2991 3008 3021 3033 3052 3066 3068 3054 3026 2997 2967 2936 2893 2861 2840 2823 2818 2811 2797 2788 2772 2757 2745 2734 2712 2700 2708
3223 3205 3180 3163 3139 3115 3097 3081 3064 3043 3025 3005 2990 2973 2959 2943 2927 2916 2903 2884 2872 2857 2844 2832 2826 2829 2828 2819 2814 2803 2787 2761 2732 2715 2717 2733 2749 2763 2780 2805 2832 2850 2861 2861 2858 2855 2859 2867 2877 2889 2914 2943 2958 2964 2969 2980 2996 3011 3027 3037 3050 3064 3072 3062 3040 3006 2980 2952 2918 2878 2845 2821 2810 2798 2789 2783 2774 2759 2747 2739 2729 2707 2688 2693
3245 3225 3201 3176 3160 3145 3126 3111 3089 3068 3051 3034 3017 3000 2986 2971 2953 2936 2917 2900 2889 2875 2862 2854 2854 2850 2845 2841 2835 2817 2796 2758 2722 2726 2741 2757 2773 2785 2804 2831 2861 2880 2893 2899 2895 2890 2888 2897 2905 2915 2928 2955 2978 2987 2991 3004 3019 3034 3046 3060 3071 3071 3060 3043 3019 2992 2964 2932 2900 2869 2837 2812 2799 2789 2780 2773 2764 2755 2740 2734 2724 2704 2680 2679
3271 3249 3228 3209 3188 3174 3163 3143 3123 3104 3086 3072 3056 3039 3016 2999 2980 2954 2935 2917 2907 2898 2891 2881 2869 2860 2852 2844 2831 2815 2788 2753 2732 2746 2762 2779 2794 2810 2826 2849 2877 2898 2922 2935 2934 2929 2925 2925 2930 2936 2948 2973 2996 3006 3015 3028 3043 3059 3070 3082 3087 3070 3043 3023 3001 2976 2942 2908 2881 2853 2826 2804 2796 2783 2771 2758 2751 2744 2734 2722 2707 2691 2674 2667
3296 3272 3254 3234 3218 3210 3204 3181 3168 3151 3132 3111 3098 3079 3052 3024 3005 2979 2953 2938 2933 2924 2913 2899 2883 2866 2851 2834 2814 2796 2779 2753 2745 2762 2781 2800 2814 2829 2846 2865 2886 2911 2940 2967 2979 2976 2963 2953 2956 2959 2970 2993 3015 3026 3034 3050 3067 3081 3089 3093 3085 3060 3034 3007 2985 2958 2926 2896 2867 2835 2813 2791 2781 2768 2752 2741 2737 2726 2718 2706 2692 2680 2670 2658
3321 3301 3277 3262 3250 3247 3240 3224 3202 3186 3171 3153 3127 3100 3070 3043 3018 2991 2975 2967 2957 2945 2923 2904 2885 2869 2850 2834 2816 2799 2783 2761 2757 2778 2797 2813 2831 2847 2862 2879 2898 2925 2955 2985 3010 3012 2999 2983 2979 2981 2993 3015 3035 3046 3058 3071 3087 3097 3102 3091 3071 3049 3018 2996 2978 2948 2913 2888 2853 2824 2802 2786 2773 2760 2743 2734 2726 2721 2715 2700 2684 2675 2673 2657
3340 3318 3296 3275 3260 3246 3234 3215 3193 3171 3151 3134 3116 3094 3069 3046 3026 3003 2990 2983 2965 2942 2922 2901 2885 2872 2852 2833 2817 2798 2781 2762 2769 2794 2811 2828 2849 2869 2883 2894 2913 2937 2966 2999 3030 3038 3027 3018 3012 3009 3018 3034 3051 3061 3076 3085 3094 3097 3090 3076 3055 3035 3009 2987 2962 2934 2909 2878 2844 2819 2798 2786 2772 2755 2740 2731 2725 2724 2715 2693 2674 2664 2663 2651
3345 3312 3282 3255 3234 3215 3195 3178 3154 3131 3112 3095 3079 3064 3044 3030 3015 2998 2980 2958 2939 2928 2916 2900 2879 2867 2850 2835 2817 2794 2773 2771 2791 2811 2830 2849 2867 2880 2900 2914 2930 2949 2978 3015 3054 3068 3060 3050 3043 3038 3046 3059 3071 3076 3079 3081 3080 3076 3067 3054 3038 3022 2998 2975 2949 2923 2895 2862 2838 2817 2800 2785 2764 2750 2733 2719 2712 2709 2701 2685 2666 2648 2643 2636
3323 3287 3255 3231 3201 3180 3159 3138 3112 3091 3069 3052 3039 3026 3011 2999 2989 2968 2949 2924 2910 2898 2884 2868 2854 2840 2828 2815 2796 2783 2784 2793 2808 2832 2851 2868 2884 2899 2916 2933 2951 2969 2996 3031 3067 3091 3089 3080 3073 3070 3074 3081 3088 3084 3082 3074 3066 3056 3047 3040 3025 3004 2982 2953 2934 2907 2879 2858 2837 2814 2795 2777 2759 2743 2729 2711 2702 2695 2686 2673 2659 2644 2638 2630
3290 3260 3227 3201 3176 3150 3129 3109 3080 3058 3036 3021 3006 2989 2972 2959 2950 2933 2913 2896 2888 2876 2862 2851 2843 2832 2822 2807 2796 2804 2814 2823 2835 2854 2873 2891 2910 2926 2937 2954 2974 2992 3016 3047 3081 3112 3119 3111 3105 3106 3108 3111 3109 3098 3084 3068 3052 3039 3031 3027 3012 2990 2969 2941 2913 2889 2867 2845 2826 2804 2790 2778 2767 2749 2724 2709 2698 2694 2688 2678 2670 2656 2643 2630
3249 3219 3195 3172 3151 3127 3104 3081 3059 3041 3014 2997 2981 2966 2951 2941 2931 2924 2913 2909 2903 2894 2883 2871 2862 2855 2842 2830 2818 2826 2836 2848 2858 2872 2889 2914 2933 2947 2958 2976 2999 3018 3040 3066 3094 3124 3145 3143 3141 3142 3142 3136 3125 3104 3086 3060 3042 3024 3015 3007 2989 2975 2954 2926 2897 2867 2845 2827 2811 2801 2792 2783 2772 2755 2735 2714 2698 2690 2683 2672 2657 2643 2632 2622
3217 3191 3169 3148 3126 3105 3083 3065 3046 3024 3003 2986 2975 2965 2961 2951 2945 2942 2936 2931 2921 2912 2904 2894 2883 2872 2865 2854 2841 2846 2859 2868 2879 2892 2904 2931 2956 2971 2986 3001 3025 3052 3070 3090 3117 3147 3176 3186 3187 3184 3171 3153 3131 3108 3082 3055 3032 3010 2995 2973 2957 2947 2931 2904 2877 2848 2824 2809 2798 2795 2790 2784 2771 2758 2740 2719 2702 2685 2676 2661 2645 2631 2622 2617
3186 3169 3149 3130 3105 3084 3063 3049 3035 3018 3007 3005 2999 2989 2983 2974 2965 2960 2954 2950 2943 2935 2927 2920 2909 2897 2890 2878 2865 2869 2880 2886 2895 2911 2925 2948 2971 2988 3009 3033 3058 3080 3101 3122 3150 3173 3197 3210 3207 3189 3175 3156 3128 3101 3076 3049 3021 2998 2979 2957 2931 2914 2901 2883 2857 2833 2808 2793 2786 2786 2785 2782 2773 2757 2739 2717 2699 2679 2665 2651 2642 2641 2638 2635
3163 3142 3124 3103 3088 3073 3058 3047 3042 3039 3041 3034 3024 3018 3009 3002 2991 2983 2979 2972 2963 2958 2951 2944 2937 2924 2911 2903 2894 2894 2903 2911 2920 2928 2941 2959 2980 3005 3029 3057 3081 3109 3135 3161 3180 3191 3200 3203 3197 3183 3164 3143 3118 3089 3068 3043 3015 2993 2968 2944 2914 2891 2872 2856 2838 2817 2800 2789 2782 2784 2781 2776 2767 2747 2725 2707 2687 2672 2658 2658 2660 2658 2649 2634
3167 3144 3129 3109 3096 3088 3079 3072 3070 3072 3077 3076 3063 3048 3039 3032 3020 3010 3006 3002 2990 2981 2974 2965 2958 2949 2941 2936 2924 2920 2925 2931 2937 2941 2954 2973 2995 3017 3044 3073 3103 3131 3156 3176 3187 3196 3199 3197 3193 3172 3149 3129 3107 3080 3056 3037 3014 2990 2967 2941 2910 2882 2854 2837 2823 2808 2793 2784 2777 2775 2768 2757 2743 2725 2707 2692 2675 2670 2676 2676 2672 2658 2643 2623
3179 3158 3141 3130 3118 3111 3107 3103 3106 3110 3115 3109 3098 3085 3072 3064 3056 3046 3038 3031 3022 3011 3002 2992 2984 2974 2963 2957 2953 2950 2948 2951 2957 2964 2977 2995 3014 3039 3060 3088 3115 3139 3162 3179 3189 3198 3201 3198 3184 3159 3137 3115 3086 3063 3035 3015 2989 2966 2944 2923 2898 2867 2847 2830 2818 2805 2792 2781 2771 2764 2757 2743 2725 2707 2694 2688 2685 2685 2688 2680 2667 2647 2627 2613
3198 3180 3167 3156 3146 3141 3138 3144 3148 3152 3157 3154 3145 3132 3119 3110 3099 3090 3083 3072 3058 3041 3031 3019 3010 3002 2987 2979 2977 2972 2972 2974 2977 2988 3001 3022 3048 3071 3091 3112 3132 3155 3172 3186 3200 3208 3206 3191 3170 3145 3122 3098 3068 3046 3017 2995 2967 2944 2922 2900 2880 2860 2842 2830 2816 2802 2790 2784 2774 2767 2759 2747 2728 2716 2712 2708 2705 2698 2690 2673 2655 2637 2626 2624
3212 3201 3191 3183 3177 3180 3183 3188 3193 3197 3203 3201 3190 3176 3168 3157 3149 3145 3132 3118 3097 3082 3066 3049 3037 3023 3010 3004 2999 2995 2993 2996 2997 3007 3020 3041 3069 3094 3117 3139 3157 3171 3188 3197 3210 3218 3206 3185 3159 3133 3109 3078 3060 3039 3011 2989 2961 2938 2912 2893 2873 2858 2842 2832 2816 2804 2795 2784 2775 2765 2757 2750 2745 2750 2743 2730 2717 2704 2689 2668 2653 2641 2643 2643
3228 3227 3220 3219 3219 3222 3223 3229 3241 3245 3253 3249 3237 3224 3215 3209 3202 3193 3181 3164 3139 3114 3090 3072 3057 3040 3024 3017 3016 3013 3012 3011 3014 3023 3042 3065 3090 3115 3140 3162 3177 3188 3201 3209 3219 3220 3202 3178 3157 3130 3104 3079 3060 3037 3022 2992 2966 2942 2919 2899 2878 2860 2845 2834 2822 2809 2796 2788 2779 2776 2776 2777 2774 2767 2749 2730 2714 2697 2681 2664 2658 2662 2668 2659
3246 3246 3245 3245 3247 3254 3260 3267 3269 3274 3285 3283 3278 3270 3264 3255 3250 3240 3225 3209 3183 3156 3130 3099 3075 3057 3041 3031 3027 3026 3023 3026 3038 3054 3071 3087 3114 3139 3161 3178 3190 3200 3211 3218 3216 3211 3199 3179 3161 3139 3117 3089 3071 3048 3027 3009 2983 2959 2935 2914 2893 2872 2853 2839 2830 2821 2809 2800 2796 2795 2794 2783 2776 2761 2741 2722 2702 2688 2676 2670 2673 2682 2677 2668
3245 3254 3263 3264 3262 3263 3266 3260 3256 3258 3262 3264 3267 3276 3285 3286 3280 3271 3251 3235 3212 3182 3150 3120 3096 3079 3059 3045 3042 3040 3041 3049 3065 3083 3099 3115 3140 3160 3174 3187 3196 3200 3206 3214 3212 3200 3192 3177 3164 3146 3131 3111 3089 3074 3054 3026 3000 2975 2956 2931 2909 2888 2869 2853 2840 2828 2820 2812 2806 2799 2792 2782 2770 2754 2735 2715 2699 2687 2682 2685 2692 2696 2695 2687
3246 3257 3262 3260 3255 3248 3243 3235 3228 3225 3224 3227 3236 3252 3269 3282 3286 3278 3262 3248 3223 3192 3162 3133 3111 3096 3082 3069 3065 3066 3068 3077 3093 3113 3131 3144 3159 3167 3169 3173 3175 3173 3175 3182 3178 3169 3164 3162 3160 3150 3136 3120 3101 3085 3066 3035 3009 2984 2958 2938 2921 2902 2883 2863 2848 2836 2826 2816 2804 2794 2784 2774 2759 2742 2722 2712 2702 2700 2702 2708 2708 2708 2705 2699
3241 3252 3255 3251 3243 3234 3222 3211 3203 3194 3192 3198 3207 3221 3236 3246 3257 3264 3251 3225 3204 3179 3154 3130 3112 3102 3097 3093 3095 3099 3099 3108 3123 3144 3153 3157 3161 3159 3155 3151 3144 3136 3131 3129 3124 3122 3123 3127 3131 3127 3118 3106 3092 3085 3071 3047 3018 2989 2962 2940 2923 2906 2892 2875 2859 2841 2829 2814 2804 2796 2783 2769 2754 2740 2726 2723 2723 2725 2724 2721 2716 2706 2698 2688
3233 3240 3242 3241 3230 3216 3203 3190 3175 3166 3164 3170 3180 3190 3202 3212 3223 3230 3205 3181 3163 3144 3123 3111 3099 3096 3100 3107 3122 3129 3134 3142 3155 3162 3164 3159 3158 3150 3140 3130 3119 3110 3100 3090 3080 3079 3079 3079 3080 3084 3087 3086 3082 3075 3064 3038 3013 2986 2964 2944 2927 2911 2901 2885 2868 2850 2836 2820 2805 2799 2786 2773 2759 2749 2743 2742 2736 2731 2722 2714 2707 2696 2684 2671
3215 3218 3224 3227 3216 3199 3188 3172 3154 3139 3132 3135 3146 3157 3166 3170 3176 3175 3162 3140 3122 3109 3098 3090 3087 3089 3097 3114 3137 3150 3157 3157 3158 3153 3143 3136 3132 3129 3118 3103 3093 3081 3066 3050 3044 3042 3037 3034 3033 3040 3048 3051 3050 3041 3028 3013 3001 2986 2972 2958 2943 2924 2912 2897 2877 2858 2841 2830 2814 2802 2792 2778 2766 2758 2749 2742 2734 2721 2712 2702 2696 2688 2679 2666
3182 3189 3202 3209 3205 3182 3165 3145 3123 3106 3099 3104 3111 3125 3133 3136 3139 3135 3122 3105 3090 3083 3074 3073 3072 3078 3091 3115 3135 3144 3146 3140 3133 3125 3113 3105 3097 3090 3082 3076 3064 3046 3031 3017 3009 3005 3000 2996 2998 3003 3010 3014 3013 3003 2993 2982 2973 2964 2953 2940 2926 2913 2901 2890 2870 2846 2825 2809 2793 2786 2777 2768 2761 2751 2739 2733 2723 2714 2704 2697 2694 2693 2687 2670
