notebooks/tutorials/species_evolution/model_grid_steady_state_elevation2.txt
ncols 300
nrows 100
xllcorner 0.0
yllcorner 0.0
cellsize 50.0
[rows 0 to 16 of 100, columns 148 to 184 of 300]
4.978998567576988776e-01 3.895629452111759594e-01 9.953313759805899608e-01 4.221434612842897005e-01 7.581897281132665700e-01 2.481743589056099042e-01 1.743854665805886217e-01 8.713806658543704620e-01 6.493238347017820100e-01 9.260828719661436947e-01 5.570004920083964084e-01 7.258480066507304596e-01 1.438532602299945617e-01 3.354712044535248516e-01 4.900774504278766486e-01 3.468268064442393550e-01 6.464601846104116589e-01 4.269129996243221647e-01 9.346621167058795088e-01 9.426824525460972826e-01 2.874620169229188393e-01 7.219622966428140831e-01 3.893540307260202615e-01 2.144944426758120803e-01 8.794354058786296724e-01 1.031918064584151917e-01 4.599001209992994443e-01 8.571734643917302554e-01 3.935356536801180027e-01 1.816134682869998684e-01 4.082408962953045783e-01 4.576698843210547096e-03 3.502390169393059249e-01 9.011049897838876444e-01 4.024506019700276882e-01 2.389355246628813711e-01 5.366144020026359929e-01
1.487106551423210732e+01 3.377442487873455548e+02 3.434248595163355731e+02 9.198712132765383842e+01 3.370061378742561828e+02 3.475726394772264030e+02 3.449536780310725135e+02 1.473748550352845541e+02 3.370990502498069645e+02 2.638221122894998771e+01 3.322035152259051074e+02 3.420856742423533774e+02 2.071632127090399820e+02 3.472536950045733306e+02 3.459241739369518882e+02 3.339456785166997861e+02 5.454448802939516128e+01 3.417707179629347820e+02 3.469850526993844824e+02 3.356216398351519388e+02 6.537946477424172542e+01 3.365125277448215115e+02 3.477104621284420887e+02 3.437611995125874955e+02 1.207557062922208644e+02 3.418444881433978253e+02 2.518642238761916303e+02 3.423966033948148038e+02 3.310983535862035865e+02 1.132108346243545682e+01 3.364963931571575699e+02 3.449888544752307098e+02 1.612042782620116554e+02 3.458581054255724894e+02 3.400894457114594616e+02 5.558606782088334342e+01 3.401434163713381622e+02
2.904962216930135810e+01 3.734195274384586583e+02 5.723180920561787843e+02 4.381777065289372786e+02 2.352168576930555446e+02 5.766037894714050935e+02 6.291195710425298557e+02 3.280066075337354050e+02 5.112292772872090723e+02 3.652869671360202233e+02 6.212863916788101193e+01 4.050644850214364396e+02 5.522430769273570377e+02 6.846000096307159311e+02 4.780772420101231432e+02 1.328770958684202697e+02 3.975305117938324315e+02 5.416426355937812787e+02 5.155694207074087672e+02 1.800228622341863343e+02 4.052425140494361813e+02 2.373853413286740590e+02 5.784970733932133271e+02 5.904804302661261772e+02 2.500169407574202012e+02 5.905744090065674072e+02 5.911407560113103727e+02 3.713308028289166600e+02 2.656941739127207924e+01 3.474542661626583140e+02 3.089895094166590184e+02 6.364143325645050027e+02 4.162015817381110310e+02 6.341051343314713904e+02 4.537419263370657063e+02 1.127189553695652648e+02 4.513558974792074991e+02
4.302012351980010152e+01 2.924105607572065537e+02 6.345567143263831440e+02 6.816227428927797973e+02 3.457063819065868415e+02 6.877302569843351421e+02 8.121108893951918617e+02 5.811786742765492590e+02 6.744921323414421295e+02 3.373503542119041185e+02 8.673793686184110641e+01 3.367175296947100946e+02 6.790974696949150484e+02 7.557127027093939660e+02 5.308651765919890977e+02 1.899309218096739755e+02 5.350747682564539218e+02 6.487423662079826272e+02 3.076684656023096522e+02 5.197678807771131915e+02 6.589173513215904450e+02 3.747236613113519184e+02 7.179715391041904695e+02 7.377658345620557157e+02 4.599715025356628644e+02 7.318566748634744954e+02 6.309408286776661043e+02 2.881976197381472389e+02 3.698073859082826687e+01 3.843439241684154695e+02 6.476193325509490251e+02 7.942632780136890460e+02 7.609128361014494430e+02 5.588051083281064848e+02 3.077279770459305155e+02 4.507960302455049941e+02 2.061904785358634911e+02
5.755143272667634591e+01 2.631387248976554929e+02 6.098570731814551209e+02 6.350033813099614690e+02 5.954979499935753893e+02 6.424503946679481032e+02 9.793970175175840041e+02 9.152233247286225151e+02 6.434929782048575362e+02 4.507293200332094898e+02 1.125386158058590240e+02 3.608055119837571851e+02 7.020141471799246347e+02 6.236402376535670555e+02 2.755899496039098722e+02 5.333253824238556717e+02 6.856046875746634441e+02 7.955119912263396600e+02 6.487313961711815864e+02 4.523251849298652019e+02 7.906401606244596678e+02 5.558592800514991268e+02 8.635219487431563721e+02 9.415365061555205557e+02 8.043601388489404371e+02 7.991270127840999749e+02 5.624319325261939184e+02 3.858210994568623846e+02 4.795782506537267409e+01 3.875660730370639158e+02 5.608648592875761096e+02 8.039795034827722020e+02 1.025700611365684381e+03 7.993644757617360028e+02 5.156873732928249865e+02 6.127047269962442897e+02 2.736602841963343735e+02
3.932799283673871287e+02 4.159185570256893811e+02 7.524395862868217364e+02 8.825776564285164341e+02 9.400932330773227932e+02 9.808408204910996346e+02 9.218558144893977442e+02 6.838130274123592471e+02 4.933431462939771563e+02 1.500838975103245616e+02 4.511102448405534915e+02 3.707789443489443215e+02 7.155438907945726896e+02 6.838518410494052659e+02 3.389253681834603071e+02 6.785397691624257277e+02 9.158760004557859702e+02 9.656477900817510545e+02 6.246992538715830960e+02 7.961166639974793497e+02 9.424872039765946283e+02 8.095213499344840784e+02 1.032784695606845617e+03 9.029559086187198318e+02 7.553550171991658999e+02 5.877715912937122766e+02 3.188131912491044204e+02 7.123091749147215523e+01 3.790478096397472996e+02 6.888877745660818164e+01 3.163540357268130947e+02 5.791092987087746451e+02 7.647076300148668224e+02 9.911605400315827410e+02 8.598959073255687144e+02 6.881376972909699816e+02 3.446265133960513936e+02
3.410680076947676866e+02 6.808461153041158695e+02 9.084993490056557448e+02 1.214619726448556321e+03 1.040207553429208019e+03 8.639647080410519493e+02 7.136040942980796444e+02 4.363656439201768649e+02 1.883178634230399098e+02 2.961575217386172199e+02 6.302606797054240815e+02 7.183231319921837894e+02 8.643076442096526080e+02 8.279895095962491496e+02 6.772085629297748710e+02 4.370773039550335284e+02 7.866389629624487725e+02 1.098690556523103169e+03 8.764637110964526983e+02 8.805361705649562509e+02 1.218975890316480445e+03 1.147497706158599613e+03 9.354740927727883673e+02 7.492922949425940260e+02 4.120003739564951957e+02 4.333733503379876311e+02 9.454688066808087399e+01 4.112025083017863949e+02 4.236815969818633221e+02 4.062426035124847772e+02 8.912120334415808998e+01 2.682161616632660071e+02 5.209539650915060065e+02 8.689363755935592053e+02 9.709428141105505574e+02 6.296481816629870991e+02 4.221665301380275537e+02
3.092883647472244775e+02 5.600907935851142838e+02 9.080463550966552475e+02 1.148187762799540224e+03 8.088654838867016679e+02 5.550400232802487608e+02 3.739938600157730662e+02 2.263258144315501852e+02 5.284157966123692631e+02 6.389068708342393847e+02 5.558560985194956174e+02 9.027508455049171516e+02 1.155093672240970818e+03 8.937724974970129779e+02 5.514135191790369390e+02 7.749506633073682451e+02 6.967019874965250210e+02 1.046606832339949506e+03 1.217353164466882617e+03 1.225210534258576672e+03 1.350878151851879920e+03 1.046099192415222433e+03 6.973725676835099421e+02 4.440199633771912318e+02 2.631809847696787870e+02 1.172705455451132650e+02 4.346502698223015955e+02 5.893704463182127711e+02 7.554686616821378493e+02 4.489758102298820290e+02 1.034033380129976223e+02 3.055532890627804932e+02 5.542090591694257000e+02 9.008889518525551239e+02 1.108367358540768691e+03 9.119402260836322966e+02 6.282417503102836918e+02
3.232527970192886073e+02 5.721830556266141912e+02 9.196701594190379865e+02 1.147061867595946296e+03 9.435142532769863237e+02 7.765654732343773503e+02 5.905887278599708452e+02 2.544705771610578324e+02 5.954931016443669023e+02 8.287191160200454760e+02 9.010124265730125899e+02 1.046289500762332409e+03 1.029488262439367645e+03 6.872690973789663076e+02 8.908051409997485734e+02 8.454897500401124262e+02 1.043806973106244413e+03 1.185799842686589727e+03 1.281234600860786259e+03 1.202720120985223957e+03 1.063777828204977368e+03 9.341045769407952548e+02 7.824055423609254376e+02 6.418133495357101310e+02 4.695457333874105075e+02 1.338834315728381341e+02 4.776900927432235449e+02 7.669140802131216788e+02 6.735586522486383956e+02 3.246269879311528257e+02 1.176551504514156079e+02 3.216645513910764862e+02 5.704717066127328735e+02 9.107206037306416420e+02 1.090065643773422835e+03 1.109832169389335832e+03 9.721928753950131750e+02
3.379790526371555188e+02 5.861544274335706177e+02 9.300295869609132069e+02 1.013240856029175347e+03 6.685063367118033284e+02 4.594856654259044149e+02 2.979243222106205735e+02 5.880667004454197695e+02 3.505762983765110903e+02 6.046927291935473932e+02 9.528151191898747356e+02 1.205112182748009218e+03 8.703523395561605867e+02 1.031863368518550942e+03 9.813655141046398285e+02 1.191992508273853900e+03 1.322754832646819523e+03 1.178698914920706102e+03 9.431467281388156607e+02 9.931578103022974346e+02 7.150373700701157986e+02 7.823578698758763039e+02 4.412207804986003339e+02 4.961182134393307024e+02 1.581250627444649126e+02 4.701417282853871598e+02 2.921629903362447749e+02 6.376349548455029890e+02 8.025397945721210817e+02 4.815520593388511656e+02 1.327607671022126112e+02 4.685368525637733228e+02 5.904590301868266806e+02 6.060383287524992966e+02 8.537452127237156674e+02 1.003848944468987725e+03 1.168440615720915503e+03
3.454843388387287177e+02 5.528310434792616661e+02 9.021044649228913386e+02 1.061103982817865472e+03 8.573591430958184674e+02 6.663891312095131525e+02 3.299376486787390945e+02 6.665203109114639801e+02 4.239977031762546176e+02 7.639304360546826729e+02 1.017565685246393627e+03 1.221184861577330366e+03 1.032883285577044489e+03 1.346136078504449415e+03 1.333394544203171336e+03 1.457311013205843210e+03 1.267068864834578335e+03 1.035598114505667127e+03 6.904985571200221557e+02 7.999207777054472217e+02 5.073321500454493957e+02 6.216427367069636603e+02 5.190600546981532943e+02 1.823698624078838293e+02 4.945707265667560932e+02 6.446909616749455836e+02 6.382550598159656374e+02 4.882652779005579760e+02 8.291621115365794594e+02 6.272117205914604483e+02 4.702271052503547821e+02 1.534634471739453829e+02 2.502405806682764648e+02 3.648048039799093090e+02 5.137432269527434983e+02 7.238835501208747019e+02 1.075443563775448411e+03
6.875173801914465912e+02 8.408945362403120498e+02 1.037681748055540538e+03 9.270004891471136261e+02 5.819182758958410204e+02 3.756836685585815303e+02 6.687088683435315488e+02 6.872082217517155414e+02 7.646400468538777204e+02 5.341096159079592098e+02 7.418278152211848919e+02 1.092352996290541341e+03 1.370229858204451830e+03 1.330343996990076903e+03 1.657564824765403955e+03 1.381609196566439095e+03 1.032835663348852904e+03 7.786505048760656109e+02 5.972432708012510147e+02 4.614042782506950289e+02 3.672145140130141385e+02 2.800245669838790263e+02 2.060293662576281122e+02 5.164610947543052362e+02 3.565247554659541720e+02 7.005311594568332794e+02 9.576414578196688581e+02 6.979867190722073929e+02 9.696984845235084549e+02 7.232709750582477000e+02 3.746679813592801338e+02 1.681177909790852993e+02 5.064149305300092578e+02 7.028881291807717844e+02 8.468610897830893691e+02 1.001457194757540037e+03 1.213951005984203448e+03
7.720901347889079034e+02 1.109636899416013193e+03 1.134526064601748658e+03 7.938610298242181216e+02 5.431917785908627820e+02 4.079733163454914120e+02 7.524437607022588281e+02 1.023095362718245383e+03 9.725813607643463001e+02 6.305467693072649809e+02 8.208706797356793459e+02 1.071452676423077719e+03 1.419877446196996289e+03 1.659725675483439318e+03 1.484361250970391211e+03 1.327437537491462081e+03 1.181252236538872012e+03 1.082709024724268147e+03 9.407756952211119597e+02 8.016455508425843846e+02 7.065880486592589023e+02 5.573759220556846685e+02 2.234152874919157057e+02 5.688903771668752825e+02 6.973834357257709371e+02 5.695329975291909932e+02 9.146502404243138926e+02 1.043734771388371200e+03 1.168629490815607596e+03 8.606777102643735589e+02 5.293667231720659174e+02 1.828669471791540673e+02 3.427248058825149997e+02 5.223061530778263659e+02 7.283686461423641276e+02 9.787696176848614869e+02 1.316043506761526260e+03
8.767879176096977289e+02 1.088081752970146681e+03 1.144155418468156086e+03 8.001024944616672201e+02 7.810438147674144602e+02 4.418061149441910516e+02 6.486728374972376514e+02 9.966597261346418009e+02 1.092722515361702108e+03 7.515052134861160766e+02 9.173891947377854876e+02 1.167382038804205422e+03 1.504407000655000274e+03 1.409476740648502755e+03 1.259247370789343449e+03 9.904869950280387911e+02 8.404967362844565741e+02 1.105556696251348740e+03 9.740964526257491798e+02 6.344748095359699391e+02 5.890768325104636460e+02 2.495146728144717088e+02 2.893616076676918851e+02 6.307737254195536707e+02 8.669422725471234799e+02 9.118715413469807345e+02 8.675394211568783476e+02 1.198137929143364772e+03 9.624083443760924865e+02 7.144389339801302867e+02 5.379188987167578944e+02 1.983228081652917751e+02 5.370627903224129795e+02 7.693767877858058455e+02 9.140760011656184361e+02 1.078494022510902823e+03 1.284354177507379291e+03
6.010572600592862500e+02 9.535863709888477615e+02 1.275456466443285990e+03 1.138646768583805851e+03 8.236609133600533141e+02 4.767192369214593555e+02 8.227340236531332494e+02 1.131397173988901613e+03 1.232693954248068621e+03 1.003429893232900213e+03 1.007472053228265963e+03 1.350138862264553609e+03 1.389211579475444978e+03 1.226796173735062894e+03 9.143351968242208159e+02 9.561005596980803602e+02 6.321042841590689250e+02 7.836551429788112273e+02 7.160301679118236962e+02 6.145806619991742537e+02 2.759232909820902364e+02 5.901198855338432168e+02 6.299988345699904357e+02 3.891290718228381138e+02 6.413621970903326428e+02 9.874478981751013862e+02 1.197147965225750795e+03 9.842871292704130610e+02 7.364495421489492628e+02 4.683473281416852956e+02 2.207570531320737643e+02 5.335057224159177167e+02 3.069819384411425176e+02 4.332364233363265384e+02 5.933356131699334810e+02 8.005730133426689008e+02 1.148652363029843173e+03
8.269321885434006845e+02 9.859439081686832651e+02 1.191265248144351517e+03 1.107457336916401800e+03 7.620699787620944790e+02 5.125279182595899101e+02 8.527952878951776938e+02 1.052551934058001734e+03 1.231952119415537936e+03 1.344371552614858956e+03 1.358688035513784143e+03 1.489357829941201089e+03 1.158718600197206570e+03 9.036260876043990038e+02 7.404050363629171443e+02 6.200401787533450033e+02 5.259064440234184303e+02 4.388856385075397952e+02 3.687948589978202563e+02 3.014088816905166368e+02 5.217754729643469318e+02 7.660722394688190207e+02 8.046452490431424849e+02 4.643309484437507422e+02 6.701800434537985893e+02 1.014152192438474117e+03 9.662740887220968489e+02 7.573105292420157184e+02 4.906862804972347476e+02 2.430738898557688970e+02 5.552723194825639439e+02 7.034681954754883009e+02 6.510721823623280216e+02 4.489435374695480618e+02 6.240096337949131566e+02 8.267816461264332020e+02 1.078471282025284609e+03
4.989021046046245260e+02 7.062936529451101251e+02 1.054076675354041754e+03 1.114948491859526484e+03 7.707365517125143697e+02 8.498314737162945676e+02 5.650211411883821029e+02 7.457615035331915578e+02 1.000292018979230193e+03 1.346373266802450189e+03 1.664361936467101259e+03 1.642622519336935966e+03 1.395102912380044472e+03 1.228372498938331091e+03 1.086937962771824232e+03 9.662659728342886183e+02 8.724960109574873286e+02 7.799338907439079094e+02 6.600464476854833720e+02 3.204206463015217992e+02 6.653627557101134471e+02 9.960039034750012661e+02 8.949425368037299222e+02 5.501774610747427232e+02 8.952532400172466396e+02 1.143988699910046080e+03 8.263501144783717791e+02 4.734940144467797722e+02 2.659336609072200872e+02 5.753108378688789344e+02 3.209677115126868898e+02 6.632536134101646894e+02 8.740088269921199071e+02 6.993648573198282747e+02 6.575064033599298909e+02 8.639841273327249382e+02 1.210163897427377833e+03
