notebooks/tutorials/species_evolution/model_grid_steady_state_elevation2.txt
ncols 300
nrows 100
xllcorner 0.0
yllcorner 0.0
cellsize 50.0
[rows 68 to 84 of 100, columns 111 to 147 of 300]
1.155023417254249580e+03 1.493755627682547583e+03 1.516453338059591488e+03 1.368178884226379068e+03 1.225301573515320342e+03 1.041932706740252797e+03 6.990598202107676116e+02 1.003584978496130930e+03 8.769620762488177661e+02 1.221294045365761349e+03 1.255888356945784153e+03 1.106408280212298223e+03 8.370333894471306166e+02 9.518390733470920395e+02 1.100719350605528462e+03 1.310740844876239635e+03 1.652795714780052094e+03 1.533146770564871076e+03 1.253641123455562820e+03 1.393662222305377554e+03 1.054429130512874963e+03 8.478920472126440018e+02 9.575362971211764034e+02 6.204584996502073864e+02 9.256733032493839346e+02 7.727405571847248211e+02 1.024184051451074083e+03 1.365222281115153464e+03 1.427037573371798544e+03 1.245080069908188534e+03 1.094391857273112691e+03 8.234032407149884421e+02 1.165984580774338838e+03 1.403935030599967831e+03 1.460661581026473868e+03 1.153484521482155060e+03 8.073183687576686225e+02
1.436654385323645329e+03 1.641446652194730177e+03 1.722104138236953759e+03 1.386814112690193269e+03 1.369624884303455929e+03 1.188623037963548995e+03 1.008805872763551520e+03 6.661506778095503023e+02 9.713168634898829623e+02 1.121341912810501753e+03 1.107005722746647734e+03 7.635661330600257770e+02 1.100559577457825753e+03 1.290864764478701090e+03 1.438717241344222884e+03 1.593772530994007411e+03 1.791344502162842446e+03 1.738856429107437179e+03 1.602423288732297806e+03 1.541450747944025352e+03 1.207362234010235852e+03 1.189162931793061944e+03 1.103283268456806809e+03 9.247775023266643757e+02 5.886459817708725950e+02 9.327252655313802734e+02 1.224412756124670750e+03 1.197807013457014136e+03 1.184157367314605153e+03 9.437057379319377333e+02 7.576813847414325664e+02 1.096751136434420687e+03 1.183188696674234052e+03 1.521217887654222295e+03 1.328595326105684535e+03 9.791177578562596864e+02 7.732742450859051360e+02
1.475822743442593037e+03 1.618735542157065311e+03 1.627435258848639705e+03 1.283064320212709163e+03 1.033087034576277119e+03 1.163125570301144990e+03 1.148115420969412526e+03 9.752016415455492506e+02 6.338411978486547014e+02 9.425721222386548561e+02 9.852806914913617220e+02 7.132055546525696172e+02 8.939963062491575556e+02 1.148180469924894396e+03 1.496865089356342651e+03 1.777189275729182555e+03 1.688983807444250715e+03 1.696244517564088483e+03 1.826851231432935492e+03 1.690918453415615431e+03 1.523184293547258676e+03 1.187027780636208490e+03 9.361825522775289983e+02 7.284880814130495992e+02 5.669552731140123569e+02 8.750552184992765206e+02 8.919036511516515020e+02 8.512965103589904174e+02 9.767723767314040515e+02 6.951267957824662744e+02 1.030340555289735903e+03 1.111275166256876673e+03 1.450895034145367390e+03 1.593015326972358253e+03 1.333857743132109590e+03 9.902065384843442644e+02 7.408724935170373556e+02
1.131335361200582611e+03 1.476866616602174417e+03 1.613529366405717383e+03 1.275707275018146902e+03 1.025354949031618162e+03 8.228225970571215839e+02 1.009938667079129914e+03 1.055287286075909833e+03 9.074860179790140364e+02 6.017337795592217162e+02 6.465475265207724078e+02 9.863402236111822958e+02 1.199947154493321023e+03 1.386856870892891038e+03 1.567771129943663482e+03 1.445320445251589490e+03 1.342101478141724328e+03 1.350227408970458555e+03 1.689302218326477941e+03 1.480812417049307669e+03 1.334826600404116107e+03 1.343073546246621163e+03 1.214856282122503444e+03 1.055584701505765452e+03 8.768242082957355024e+02 5.371427522103540468e+02 8.684035374689061655e+02 6.003382081553099852e+02 6.381174268573353174e+02 9.757126423041406724e+02 8.573653335271484366e+02 1.064754410614164726e+03 1.411957010208981274e+03 1.459232328298792481e+03 1.115635945538855822e+03 1.047431404839031302e+03 7.089672506110937320e+02
1.213753346934903220e+03 1.340073824851287554e+03 1.481786276990559145e+03 1.379087148584753322e+03 1.033624007337848980e+03 8.268015444653319719e+02 6.673546305668221521e+02 8.807835081182076920e+02 5.736692980116562239e+02 9.144530811578631528e+02 9.924493095360618327e+02 9.062526967541131171e+02 1.256886421449504724e+03 1.565578254143682898e+03 1.232577857172526819e+03 1.275917433197503442e+03 1.091980346778845615e+03 1.438289443154809533e+03 1.579528594001896408e+03 1.238380921455780253e+03 9.852581980300960822e+02 1.006055118090054521e+03 1.232586781039428615e+03 1.192134253573287879e+03 8.625600141294495415e+02 5.157589733229358444e+02 5.476858374031104404e+02 8.861026334677154637e+02 8.174120642030020463e+02 1.122071828724623629e+03 1.018097309946285691e+03 1.344990885503757454e+03 1.544840672759943573e+03 1.411431101120621179e+03 1.070002560860445783e+03 8.224622834438316659e+02 6.773187657798033570e+02
1.073595771420416440e+03 9.943333942914835006e+02 1.342863963481664769e+03 1.511104517625829658e+03 1.311795325928642114e+03 1.132221448333242733e+03 7.927988550451934771e+02 5.450964710627760041e+02 8.848223755633474639e+02 1.065081977421314150e+03 1.321357562952886383e+03 1.254836577192095547e+03 1.403707101250047117e+03 1.568884600468415101e+03 1.278316096235635541e+03 9.344769840177940523e+02 1.277536488985474534e+03 1.570021834295095005e+03 1.526667563656944822e+03 1.314959701710439958e+03 1.094266928644244672e+03 7.547018924807325675e+02 9.351979528591749613e+02 9.586422683039590993e+02 7.160529578802671722e+02 4.955869873046517000e+02 8.342187198000418675e+02 1.030728358562409539e+03 1.067116088157727518e+03 1.304918837863066983e+03 1.225937074016865381e+03 1.505742708909628846e+03 1.498890773402307559e+03 1.152327374385154599e+03 9.423077816272050313e+02 7.811806892577113786e+02 6.468674105106534853e+02
7.359170927740756269e+02 9.836556443867046937e+02 1.327115807476879809e+03 1.407092438038417868e+03 1.227323790533000420e+03 1.080471297117419681e+03 8.664658232692366937e+02 5.259488356580419577e+02 8.710920718620784555e+02 1.032791257050727609e+03 9.917168103794598437e+02 1.335576863622096653e+03 1.631847824433210008e+03 1.305623616589465428e+03 1.094655006767879513e+03 8.474002222261999577e+02 1.192900112754064139e+03 1.461234387234395172e+03 1.386294534431066040e+03 1.039254859745546810e+03 8.306011238338788871e+02 9.208503695176326573e+02 5.898091498567890767e+02 7.805472451081878944e+02 4.701821947069589669e+02 8.029172539040711172e+02 7.246989120565849589e+02 9.327459572563975598e+02 1.279654516715408590e+03 1.550763177929243739e+03 1.572876485698228180e+03 1.704518090098970561e+03 1.637651484701162190e+03 1.437659267859840838e+03 1.270081193794635055e+03 1.001312648080647932e+03 8.511565954575667092e+02
7.015135629221697400e+02 9.078622063373744595e+02 1.255196195100314526e+03 1.268810145502224032e+03 9.208619446584532398e+02 7.380778086048247815e+02 6.163708160723059564e+02 5.072174340227231255e+02 8.161453135077704246e+02 6.935782430875107138e+02 1.035761883178003018e+03 1.178048559471711542e+03 1.326105180061317697e+03 1.292120940671143217e+03 9.482748269778898020e+02 7.701260517502018956e+02 9.771283902986194789e+02 1.322900212948195531e+03 1.384049120751319606e+03 1.194601446040350083e+03 8.523557411773846297e+02 6.019150839627934602e+02 7.494690544108366339e+02 4.445558483879177629e+02 7.821188304259014785e+02 7.011944895937245974e+02 9.489331935655491179e+02 1.215933057087167072e+03 1.427001187328336755e+03 1.653144856673691720e+03 1.669897336010613117e+03 1.537847970497345614e+03 1.582766122725337027e+03 1.710478037262760836e+03 1.491873802579985295e+03 1.333267429011758168e+03 1.094777127295520131e+03
9.067939244270068002e+02 1.058706950686330401e+03 1.393580800373989860e+03 1.406911873192522989e+03 1.225314652152691679e+03 1.081512567763889137e+03 9.636641742727041446e+02 8.231448428746583659e+02 4.812257484499302791e+02 7.913399766639729478e+02 9.152816195658363085e+02 8.320721003651666479e+02 1.179030156024367898e+03 1.293592990798802930e+03 9.538128786414149545e+02 7.048548556807749037e+02 1.047692419616709913e+03 1.270132637032432058e+03 1.046181081929409856e+03 1.127532587668115866e+03 1.006793108634696182e+03 6.673348148239684861e+02 4.191182208796499822e+02 7.538137316716938585e+02 9.303202262126536652e+02 1.045544368077948775e+03 1.192959676237302801e+03 1.433577966515053504e+03 1.540884254114040687e+03 1.316570127524300005e+03 1.461223046212837744e+03 1.188151515380417322e+03 1.237263353176368128e+03 1.580821536428672289e+03 1.502588714889798439e+03 1.296440673890134121e+03 1.127772455596340023e+03
1.191591429265202351e+03 1.384322068405103892e+03 1.536188891721089703e+03 1.439742740709859618e+03 1.233033328988986341e+03 1.092430627734059726e+03 1.212715645496471097e+03 9.711867457704325943e+02 7.934888141964405577e+02 4.543594793179381668e+02 5.742217484092525410e+02 7.808972161621105670e+02 1.129754506238537715e+03 1.251218833062593148e+03 9.858904405792422949e+02 6.428803068840418291e+02 8.998118628110547661e+02 1.042434294468876260e+03 7.932362551467563208e+02 7.873102418774408306e+02 8.653163929702963060e+02 7.164764742674694844e+02 4.018033394888465750e+02 4.909136912415450524e+02 8.364849457200851930e+02 1.096330301434751846e+03 1.242522589357834931e+03 1.425072016802453618e+03 1.409000977409800498e+03 1.062825543190404005e+03 1.173418834976681183e+03 9.808619574092824678e+02 1.232606417104622778e+03 1.569734136009509939e+03 1.363670437978579457e+03 1.015791331373752541e+03 8.076390683003984350e+02
9.972932885187008196e+02 1.143726827349568339e+03 1.322702138889465687e+03 1.299129334488460700e+03 9.531259298399768340e+02 7.447617112648811144e+02 8.946878055029160350e+02 8.981872645004182232e+02 7.509957346769361948e+02 4.363354358247482878e+02 6.423060059193353482e+02 9.892003992783098738e+02 1.259503435359159539e+03 1.117966078587098082e+03 7.702172740601673695e+02 8.074457877658735470e+02 5.566301211771315138e+02 9.039093767228498564e+02 8.779880467653642881e+02 5.376354142792991979e+02 6.906958042766852941e+02 3.783154162297303742e+02 7.152394544494450201e+02 8.301716623599626246e+02 6.287878274977276760e+02 7.568733863789183260e+02 9.397245263279858136e+02 1.290622875843844213e+03 1.435869347307208272e+03 1.172499857790543956e+03 8.311220660192939249e+02 1.172214345911201463e+03 1.458125510078397838e+03 1.477897415644637476e+03 1.272940927981675259e+03 1.124544862747695106e+03 1.070782774503894643e+03
6.501683832141701487e+02 8.317042722997545070e+02 1.182178322282565659e+03 1.296091527423962361e+03 1.089775122017979584e+03 8.868509602138306036e+02 5.485780380185069589e+02 7.214021106311465701e+02 4.110181527167960667e+02 7.524661102493998897e+02 9.242209414291171470e+02 1.129014668826676143e+03 1.236692762972950277e+03 1.093174116257071546e+03 8.197972437770225724e+02 4.739257728825213576e+02 8.146345457067326379e+02 1.028823106706460749e+03 8.226451759744621768e+02 6.668362462309488592e+02 3.540635183137104605e+02 6.921341808204624613e+02 6.371878750057986736e+02 9.770632562220073396e+02 8.356923833054029274e+02 9.832096559653255099e+02 1.246511704958586733e+03 1.420802953877343953e+03 1.303614447368737274e+03 9.573671899873905886e+02 7.504272779503098718e+02 1.001898899514246295e+03 1.344786035178874954e+03 1.337443589171214398e+03 9.909957685662876656e+02 7.821223896740399368e+02 9.128057346128239260e+02
9.897594136745776723e+02 1.007582482278909538e+03 1.314146307831920694e+03 1.163698866547394346e+03 8.142141966021727058e+02 6.068297937868907184e+02 4.914641811110338381e+02 3.849876392622879848e+02 6.938549403191994998e+02 8.453837601982858132e+02 9.380122551117125340e+02 1.082783192960034967e+03 1.096793865613090020e+03 7.525379102056920146e+02 7.590267979020214852e+02 4.204984207112457852e+02 7.638273714354384083e+02 7.975876467788198170e+02 6.491903614788622008e+02 3.301139884412566516e+02 6.656190848494298962e+02 8.419027469716031646e+02 9.810079515084950117e+02 1.125932249504415040e+03 1.182559541687233150e+03 1.325030616952756191e+03 1.465249334243605063e+03 1.369411571951688529e+03 1.224662934659560960e+03 1.025231524818441358e+03 6.813503604079147635e+02 1.026403987968938281e+03 1.238862085091348717e+03 1.373623482484520309e+03 1.163988453581260046e+03 8.215666058921144668e+02 5.717928644699453571e+02
9.350568511227445470e+02 1.271967165291863694e+03 1.475847568144748038e+03 1.214124636868427842e+03 8.645780264189910440e+02 9.429867836489597721e+02 6.401388113724940467e+02 6.982880601776594176e+02 3.602134288883790987e+02 6.732352984552608177e+02 5.945886849999824335e+02 9.428623589011766626e+02 1.046529370289848657e+03 7.021403209412975457e+02 4.958601056626911259e+02 3.694844344465488462e+02 7.093678670081251312e+02 6.245930844945296485e+02 3.066791014934796635e+02 6.422058427314079836e+02 4.539607115336239644e+02 7.978931235538872215e+02 1.032537277894127328e+03 1.157132339937514871e+03 1.298525714008039131e+03 1.478561223338043874e+03 1.472619774134883983e+03 1.131827346241816940e+03 8.814182302405811242e+02 9.517026629821762072e+02 6.149164382103257367e+02 9.550562695580600803e+02 8.954859775755494411e+02 1.174314676151654339e+03 1.102482676328285834e+03 9.514408383234462008e+02 7.488018973263618818e+02
8.903879677013113678e+02 1.030471115171191059e+03 1.178329223508174664e+03 1.344081360689411667e+03 1.210788081390850948e+03 9.977477340488620712e+02 9.827501555640135393e+02 8.507439357073828887e+02 6.728517993905742287e+02 3.350553029244896379e+02 6.783403529781904808e+02 9.798130811815588004e+02 1.176583440155460266e+03 8.781487312132844636e+02 5.299944219343727809e+02 3.235948748146830098e+02 5.932643095299018796e+02 2.833363537335226283e+02 6.257486683532206371e+02 7.969574695603820373e+02 7.976008212968486077e+02 5.880471267558835962e+02 6.930533633952503578e+02 8.147190613957536698e+02 9.974462100832705573e+02 1.345974559236197138e+03 1.368132756391219800e+03 1.021009005533911363e+03 8.128557499586012227e+02 6.525537952585196990e+02 5.516211758700083010e+02 8.143187669055839706e+02 6.880601343964683565e+02 1.033235548142705738e+03 9.605474586713036160e+02 6.124201463206471772e+02 6.890993593164380400e+02
5.460985598367947205e+02 6.827129895006073639e+02 8.929780814498159316e+02 1.244651435441593321e+03 1.465307716630396726e+03 1.237139908763925632e+03 1.091780085257190194e+03 9.117721902534193532e+02 5.687651904637194775e+02 3.175521811151944007e+02 4.956374238381183659e+02 7.496968851117541135e+02 1.091847793310275165e+03 1.021126151087805624e+03 8.110183978115215950e+02 5.991708566365506385e+02 2.599658499170083132e+02 5.994352631021569096e+02 7.712710393785690712e+02 9.763749539559685218e+02 1.061953613256310973e+03 9.346933529029367946e+02 1.035688847878880551e+03 1.157365954328488897e+03 1.301065216653528523e+03 1.482778673417967639e+03 1.502227809797254167e+03 1.293899075314196580e+03 1.130229934729027946e+03 9.882370062057292444e+02 8.121945656131777014e+02 4.766924254512516654e+02 8.180257631362508164e+02 1.089687508790053016e+03 1.019057779243165442e+03 6.970983773837040189e+02 3.529640419400244582e+02
8.856770532040462740e+02 8.409575990374485173e+02 1.170424620237262616e+03 1.371402177081245327e+03 1.219603885885587260e+03 1.062795210687465442e+03 7.518666471202916455e+02 7.984863263407314662e+02 6.400773208983235918e+02 3.010036882909139990e+02 5.499370300732414307e+02 8.909523462886155585e+02 1.044577462416359822e+03 1.174558163550271047e+03 8.419350345566754186e+02 4.940130002824881217e+02 2.446236316271557598e+02 5.880492080651794140e+02 6.560430905596857656e+02 6.394726503874665013e+02 8.174728901612013487e+02 9.058274582541747577e+02 1.010871823061512600e+03 1.132669662630468110e+03 1.276681258391595748e+03 1.456508981155354377e+03 1.392201625897410850e+03 1.043319592338667007e+03 8.334807865880004556e+02 6.709446240262486754e+02 5.422598303564146818e+02 4.276343201404906722e+02 6.129072430082676419e+02 8.548354294340566639e+02 8.799415825967753335e+02 5.371174661277251516e+02 3.307173638100790640e+02
