notebooks/tutorials/species_evolution/model_grid_steady_state_elevation2.txt
ncols 300
nrows 100
xllcorner 0.0
yllcorner 0.0
cellsize 50.0
[rows 68 to 84 of 100, columns 259 to 295 of 300]
1.853230086839086425e+03 1.723829580760132785e+03 1.616416614902706442e+03 1.276905241982125517e+03 1.477989474278800799e+03 1.563570535588145049e+03 1.476472684364569432e+03 1.820376049986592534e+03 1.799348594730551895e+03 1.592405515705654807e+03 1.428739710991335414e+03 1.289630794179939130e+03 1.344229941550582225e+03 1.058018434971109173e+03 7.070592111662571142e+02 4.983730914021639933e+02 7.905488017425174121e+02 4.858596544616825099e+02 7.345886826941065237e+02 1.004711231290707929e+03 9.556102037284068729e+02 1.114131028193563452e+03 1.367539654198481230e+03 1.573392123648223333e+03 1.661977364053986321e+03 1.404161502062407408e+03 1.058854330459257426e+03 1.291454741061627601e+03 1.127063430415794301e+03 1.474402079656138540e+03 1.676492382810509980e+03 1.521825011377196006e+03 1.218557346588978135e+03 1.514887756869802615e+03 1.337494237426106565e+03 1.185679142881654798e+03 8.924459664807465060e+02
1.718337228167927606e+03 1.378329943195558599e+03 1.464778259319214158e+03 1.472135315871843204e+03 1.137038262012910081e+03 1.218601625860231479e+03 1.424869164459296599e+03 1.769143212963843325e+03 1.663510142021737238e+03 1.315661168340212726e+03 1.106420964062933535e+03 9.443443103207505374e+02 1.012776408995578663e+03 1.181792775143645258e+03 9.878281800760333908e+02 7.991048253666779146e+02 4.589047933909017729e+02 7.984842002460970889e+02 9.746985557577559121e+02 1.214450133755111437e+03 1.297240158140982658e+03 1.438385383552622216e+03 1.597339226173854286e+03 1.665200480214810113e+03 1.326172193246989536e+03 1.348281085364886167e+03 1.203831694608689531e+03 9.533537237659161292e+02 1.301199197917662559e+03 1.607740432727774987e+03 1.540573767714076212e+03 1.195016995228817450e+03 1.035802279517800116e+03 1.280932694699370813e+03 1.139900225934171431e+03 8.445028449710483756e+02 1.181506858876489559e+03
1.673401384596005528e+03 1.327930010981759324e+03 1.120691481983954873e+03 1.293900467843080833e+03 1.048945701466422179e+03 1.255306006373055652e+03 1.603105201991947524e+03 1.894163430889872416e+03 1.669037099988376895e+03 1.516882177281926943e+03 1.356703892534863598e+03 1.013872984457684197e+03 7.629860742771287505e+02 9.688040778455094824e+02 1.080250440501824869e+03 7.912119068622417899e+02 4.429638950164789435e+02 7.838651241143982134e+02 9.474619547860722832e+02 1.052192651206873734e+03 1.173270130110687887e+03 1.318129073706100371e+03 1.503031606686785381e+03 1.658714251813785722e+03 1.371880597992917728e+03 1.028298582115685576e+03 8.662815973019763760e+02 1.205680322624780501e+03 1.441500508445370087e+03 1.646133840889291832e+03 1.492290658942615210e+03 1.242085108002195966e+03 9.002538365647762930e+02 1.087655796409522736e+03 7.966453770858477128e+02 1.133983367825397409e+03 1.326956943763019353e+03
1.805143209296881651e+03 1.601598078170733970e+03 1.298275004958910131e+03 9.561079589981535491e+02 1.297511224500596200e+03 1.535639531526577457e+03 1.737665160089489518e+03 1.645835224714076958e+03 1.457841296337241602e+03 1.178245592430666193e+03 1.439656316690697395e+03 1.249379407999936120e+03 9.706864274946289015e+02 6.238251661355125179e+02 7.470822921778629961e+02 7.692658549856010950e+02 4.273469973075337407e+02 5.142752752483650056e+02 6.053538072766281175e+02 7.058332827628618134e+02 8.275697652893812801e+02 1.010400744101059104e+03 1.361812156231036852e+03 1.521469553493586091e+03 1.180888804823563078e+03 1.148016348122008594e+03 8.122813851395563916e+02 1.063483572905026449e+03 1.403645263421023401e+03 1.311528185562872295e+03 1.344631160783555742e+03 1.003603278335321875e+03 1.041018558998531489e+03 7.509256618823329745e+02 1.088304407412405681e+03 9.782293716853976093e+02 1.186629604089894883e+03
1.647609146890081320e+03 1.497698248961074114e+03 1.150932925164855078e+03 9.009002294428422601e+02 1.248109141164733728e+03 1.574431939406153560e+03 1.731653579828581542e+03 1.503460553210409671e+03 1.150677423345629222e+03 9.683997379540398924e+02 1.153351913470844238e+03 1.283516469968873707e+03 1.112728991488468637e+03 8.465081886343742781e+02 5.002311475126905407e+02 7.236066568376498935e+02 4.124999749806532918e+02 6.615716769959790327e+02 9.466968151460373520e+02 9.573272927401704919e+02 1.172260197777136909e+03 1.314219011956330405e+03 1.493339892421591003e+03 1.444046880105149967e+03 1.096250716032275022e+03 8.884364834059255145e+02 7.610695333820777932e+02 1.105244828573376253e+03 1.331194836779134675e+03 1.061245541606489951e+03 1.153701621927841643e+03 1.005675914571062663e+03 7.079145898124231735e+02 9.559827763421830014e+02 1.237264509815995098e+03 1.185645585653746366e+03 1.468168369604042027e+03
1.306693773156537418e+03 1.435558286452848961e+03 1.098196012378514297e+03 8.491416075884457086e+02 1.094577053429727357e+03 1.253946092940431299e+03 1.511969169097823851e+03 1.631165844578858014e+03 1.395857049069232517e+03 1.053122303916967894e+03 8.060145757253736747e+02 1.018499620395017814e+03 1.150367698707051886e+03 9.875115404850703271e+02 7.317789481781362610e+02 3.908071792234612190e+02 7.303917200668606711e+02 9.063215690800253697e+02 1.151800548369558555e+03 1.295664491512074619e+03 1.342693912208193524e+03 1.297526382077598328e+03 1.440019108527531216e+03 1.576137690456758946e+03 1.370647403972181564e+03 1.058532496595106522e+03 7.148421710171262475e+02 9.926899395519234304e+02 1.132886159156750864e+03 8.546067846898773723e+02 9.632618635925482522e+02 6.662620032006286692e+02 9.143792117031395037e+02 1.199708007477623141e+03 1.442816258105721090e+03 1.531990734080002539e+03 1.672140914669989570e+03
1.053021560545321336e+03 1.223555706253774588e+03 1.078249772221096009e+03 8.002408405461284246e+02 9.003477023610225842e+02 1.021780902003384654e+03 1.273808299542365830e+03 1.612780472330116027e+03 1.389006929540099463e+03 1.038692943440540603e+03 8.315152444661722484e+02 6.721804746450495713e+02 9.093175887618521074e+02 9.657476822085234289e+02 6.266561907921952752e+02 3.755411567436648284e+02 7.219915090674946896e+02 1.051935321693890273e+03 1.291559422131321753e+03 1.162014564298644927e+03 1.004965803493980843e+03 9.507010548406578891e+02 1.204061562891596395e+03 1.545067295698278258e+03 1.324125381280853389e+03 9.734744183253657184e+02 9.902772885844404982e+02 6.507434662672166041e+02 9.286566465541540083e+02 9.202527061101164918e+02 6.251474766604367233e+02 9.684337270330394176e+02 1.161562364801721969e+03 1.397058534306872389e+03 1.532701485580117605e+03 1.672872070606378429e+03 1.632305152584744519e+03
8.725828865951647231e+02 1.015829915584420633e+03 7.380149393265437539e+02 1.076144043337298172e+03 1.241831987742544698e+03 1.364250768911441810e+03 1.280091234698074913e+03 1.623384704535969149e+03 1.528763951781105561e+03 1.318377255494361179e+03 1.151708700589518457e+03 9.065625169768317164e+02 5.655702796016665843e+02 8.092669413408085575e+02 6.985160371601223233e+02 3.607916364576518049e+02 5.676915697012167357e+02 9.178329194479947546e+02 1.091530245182073486e+03 8.169913947596650132e+02 7.550368871660567720e+02 1.099043540402664348e+03 1.304092446607877491e+03 1.640002723283135538e+03 1.461671913458153313e+03 1.313068990355841834e+03 1.137346351774044479e+03 9.281037370657923020e+02 5.875999564161134003e+02 5.847552000775572196e+02 9.279723199836352023e+02 1.120545783276198335e+03 1.399830494888501562e+03 1.278179092881789302e+03 1.191967960836766679e+03 1.530531185574203391e+03 1.426332763219383651e+03
9.592183924525835437e+02 6.776207932605117321e+02 1.016558895924701915e+03 9.686530157025165408e+02 1.220724027750113919e+03 1.558781320284297863e+03 1.621058953282273251e+03 1.758229836486226759e+03 1.614071163281984582e+03 1.273181917901038560e+03 1.023994781389202103e+03 8.189904567017555337e+02 8.099857688023412265e+02 4.706042995348947784e+02 4.072038088576760515e+02 3.461119386307958621e+02 6.917914219385853585e+02 9.738987881777811708e+02 8.449362253472668272e+02 6.111157450521529881e+02 9.518957792460597602e+02 1.109111227145372823e+03 1.451893556874207434e+03 1.558005752053129754e+03 1.355456811914418040e+03 1.193389449718593141e+03 1.048470095427735941e+03 8.866797889770954271e+02 5.454573152358581183e+02 8.848096705576024306e+02 1.071426325188780766e+03 1.222913390567744500e+03 1.095469170166515596e+03 9.326084156182928382e+02 1.272334115192641320e+03 1.298353235406581007e+03 1.155670736590629076e+03
6.210044694597841044e+02 9.595595706139063168e+02 1.166117377284541590e+03 1.308487486704601906e+03 1.448591509205666171e+03 1.450903899204203071e+03 1.459841110519026415e+03 1.598124942394804975e+03 1.446060907279853154e+03 1.257120874557645038e+03 1.110656440240476968e+03 9.742166842995650313e+02 8.838052474764755289e+02 7.932769292848699934e+02 6.665835457102434702e+02 3.321291777090384016e+02 6.755338740653617151e+02 7.373501463255719273e+02 4.995541301290572846e+02 8.386376557699077239e+02 9.009214067424621817e+02 1.147765483581442140e+03 1.483443495121072147e+03 1.419913662268494591e+03 1.074056567648109876e+03 8.647643577928221248e+02 7.043461355519942799e+02 6.105574880812148422e+02 5.226361837073326342e+02 8.320913002411356274e+02 9.783937250695491912e+02 9.409545985603391500e+02 7.475803875619311611e+02 1.089066462715397620e+03 1.189109492242212809e+03 1.051098686071617522e+03 8.092769845369180075e+02
5.824695353777532318e+02 8.336157129676855675e+02 1.170828910086588621e+03 1.167720113246116398e+03 1.300984536806393407e+03 1.105728064382080902e+03 1.111294549213933578e+03 1.453680353794010443e+03 1.302996262684786188e+03 9.515869975729873431e+02 7.693507276447730874e+02 6.336797893676416606e+02 5.424634686990785895e+02 4.577365242804231116e+02 3.863470033985641408e+02 3.178713478997646007e+02 6.307213588279104215e+02 3.960630049887560631e+02 7.294555174296077666e+02 8.315606078590022889e+02 9.289687900626070132e+02 1.058820025793010018e+03 1.208292865214149970e+03 1.380877060233882048e+03 1.276158175767212470e+03 9.325958802783708279e+02 9.525714878975788906e+02 9.542165658378098669e+02 7.387466114649264455e+02 4.918140194610465983e+02 7.961683076292498527e+02 5.959156112494922581e+02 9.391180165069084751e+02 1.094767188636681112e+03 9.598180938799613386e+02 7.057590970857755792e+02 1.041461715732816856e+03
5.461318728396003053e+02 8.861711635723794416e+02 8.951897929445407271e+02 8.193354507903281956e+02 1.023668328061357556e+03 8.542245147160858778e+02 1.102301681920891042e+03 1.442803167339751099e+03 1.441026213144240728e+03 1.188859277059705391e+03 8.427664273150395502e+02 9.719975641505060366e+02 6.849613308085240533e+02 8.016995258520051948e+02 7.284242814019615935e+02 6.338599646085195900e+02 2.983199980148875170e+02 6.064046200595284972e+02 4.005744525523224979e+02 4.887751417123929514e+02 5.861579897171839093e+02 7.138541137330782931e+02 8.968019936251380386e+02 1.248476102380227985e+03 1.418376178945936545e+03 1.185478121829800557e+03 1.289190653000119710e+03 1.218865134234946709e+03 9.822207533659980072e+02 7.980569174115790929e+02 4.600663200667200385e+02 8.015887990932337743e+02 1.009146072668663464e+03 8.768000829864382695e+02 6.151361901253048927e+02 9.519087475203366466e+02 9.602261804213048890e+02
5.103974611923953830e+02 7.937772683690099029e+02 5.486992793466911280e+02 6.124395916421823358e+02 6.829289951362194415e+02 8.576459917179880676e+02 1.060244165722901243e+03 1.310227425084590323e+03 1.642366986851494175e+03 1.339265394909139104e+03 1.051052550566001401e+03 1.168686464990277273e+03 8.936234359355980814e+02 1.053351932833664478e+03 7.159405232470254532e+02 5.091612912336174190e+02 6.125080793497083960e+02 2.783342571353359745e+02 6.206028743717263296e+02 8.313861617871574481e+02 9.291150420281818469e+02 8.807693659677668165e+02 1.201147535982213867e+03 1.393518032808812904e+03 1.659683225540763942e+03 1.490504928367344519e+03 1.152474013953619988e+03 1.138042379674622680e+03 1.033557555839186989e+03 6.918752262238789399e+02 4.385965076609529092e+02 7.472187232458240942e+02 7.987643321704332493e+02 5.325452880885425202e+02 8.681811921182033984e+02 9.054511719026656920e+02 1.152832376448018294e+03
7.508785694937000699e+02 4.599940486337487187e+02 7.081469414178101260e+02 9.563216994745632746e+02 1.026210324007544386e+03 8.371796655133521199e+02 1.015042477720813963e+03 1.267683289384785439e+03 1.607782061130077864e+03 1.532739674523288613e+03 1.392171081855482953e+03 1.370617156306051129e+03 1.232947786519421470e+03 1.192853317810849148e+03 9.916398270552938357e+02 8.497256063088402698e+02 6.100212517056396564e+02 2.646004557145977287e+02 6.135007816206044708e+02 9.382441350375532920e+02 1.086970856490531105e+03 1.222765147276774996e+03 1.372339041871457766e+03 1.533303468560728788e+03 1.631961746848052144e+03 1.393590484780545466e+03 1.046378336404658512e+03 7.956329838558390293e+02 9.257963643612507667e+02 9.196291512936579693e+02 7.476228051124504645e+02 4.085856025568079986e+02 4.583052204508323939e+02 7.975450930993788461e+02 7.428864948774047434e+02 9.492491306362754813e+02 1.298673551160457237e+03
4.160295011136815333e+02 7.539124659459881741e+02 9.459381002900764770e+02 1.189936673710644300e+03 1.315255182594425150e+03 1.045630674931924887e+03 1.193326605343670735e+03 1.499528430527716182e+03 1.510112042252157153e+03 1.331533369505509654e+03 1.186301992360399026e+03 1.066349038486337349e+03 9.605480963173606597e+02 8.675114900479926519e+02 7.821363453174957385e+02 8.406335992026941994e+02 5.024086857778042940e+02 2.511901898481068827e+02 5.897565739073099849e+02 6.011187152841921488e+02 9.457439478769060770e+02 1.167715426110494491e+03 1.417223622806718367e+03 1.194479489563247625e+03 1.295213453017523761e+03 1.279303678385180547e+03 1.093031781476877086e+03 9.210269863763058993e+02 5.837322237922907107e+02 8.423931681388933157e+02 7.020963379231723138e+02 3.895047222490238141e+02 7.338652835243333357e+02 9.496145330235193569e+02 1.088098838782262419e+03 1.234565057095053589e+03 1.441037619662248972e+03
7.110295723562285275e+02 6.266591169656961711e+02 8.335003520242133845e+02 1.084012957851505917e+03 1.418964552664912162e+03 1.389761325056005035e+03 1.525607918983806258e+03 1.665777470728476146e+03 1.375700419546927378e+03 1.021847831080521019e+03 8.389497394175053842e+02 7.172374918482859130e+02 6.121073601722001740e+02 5.181138799463831219e+02 4.324068102655382972e+02 6.564278441618921534e+02 5.798643084998889208e+02 2.378784309671970050e+02 3.455958699776679168e+02 4.920057788539288595e+02 6.746216527455411551e+02 1.027779121411392453e+03 1.279232668364369601e+03 9.413415349274463324e+02 1.279096154405874586e+03 1.141115164416672997e+03 7.903302110057849177e+02 6.079525545100659656e+02 4.614933742046546286e+02 6.700229225651673914e+02 3.621645036428202502e+02 7.037667418373338251e+02 8.829476496441415065e+02 1.065909870103582307e+03 1.208195371457733472e+03 1.360331477756952381e+03 1.558065302297546623e+03
8.559848799851441754e+02 9.651943265070868847e+02 1.101256327550193191e+03 1.112565273327349360e+03 1.154392474685854268e+03 1.292055170929253791e+03 1.338937256200882075e+03 1.482190473130052169e+03 1.506538409185407090e+03 1.328072451971787132e+03 1.183559398932201930e+03 1.059305324742957964e+03 9.531565582474987650e+02 8.570239525543155423e+02 6.586951672800087181e+02 3.162143150656746116e+02 5.389221215207177238e+02 2.249998702967494353e+02 4.307653491733688611e+02 7.750721304744214422e+02 9.804694598674151393e+02 1.157589778701540354e+03 1.152587507231984318e+03 8.118963213945418147e+02 1.154580144304613668e+03 1.270912193921798689e+03 1.044793638092551419e+03 6.996298285194069422e+02 4.936939298072218776e+02 3.343888947759436974e+02 6.416116254082317027e+02 7.958195446990586106e+02 9.900005870443224012e+02 7.263148765284711317e+02 8.734486406908463323e+02 1.166981907979186190e+03 1.422210930961147596e+03
