notebooks/tutorials/species_evolution/model_grid_steady_state_elevation2.txt
ncols 300
nrows 100
xllcorner 0.0
yllcorner 0.0
cellsize 50.0
[rows 17 to 33 of 100, columns 0 to 36 of 300]
9.037092454817030607e-02 1.290092196942509645e+03 9.445686123772823066e+02 1.076476648096301460e+03 8.841562045882167240e+02 8.889789999510909411e+02 8.063504630852121409e+02 6.397522536665584312e+02 2.989014268806164409e+02 4.118537756075655807e+02 5.327619874694926239e+02 6.608259728807176998e+02 8.220831405785146444e+02 1.029510664446111150e+03 1.373844422949152204e+03 1.584367544875942713e+03 1.732052649007370292e+03 1.397487015656585072e+03 1.142513658408312040e+03 9.792659129416501855e+02 8.589381066600617487e+02 7.586877089735845630e+02 9.647649998341730679e+02 1.310029124725957899e+03 1.477466954110992447e+03 1.138998108179060409e+03 1.217110096160736020e+03 1.067655297043344035e+03 9.104204814303768671e+02 7.634297142480571665e+02 5.176403804671817852e+02 2.702612286421771159e+02 5.759261953501331845e+02 2.512286726484164205e+02 5.906736601969371350e+02 7.608549178989073880e+02 8.470342613366633486e+02
4.420869692191380373e-01 1.287154166791178568e+03 9.414670397418432231e+02 7.346367072977803900e+02 6.330938595493020102e+02 5.452877897512906884e+02 4.639205216182695040e+02 3.880000619901939558e+02 3.143134220499640605e+02 6.506202667769141499e+02 8.121351901419814112e+02 8.941431218252182589e+02 9.814296313118818489e+02 1.075970203638409430e+03 1.091126748450418518e+03 1.339577345865098323e+03 1.492132019013299669e+03 1.620961141597634196e+03 1.470798255088025144e+03 1.324893271900270065e+03 1.164342723665752146e+03 8.231499857880164654e+02 1.167067100169707828e+03 1.452925323388490369e+03 1.616883870860701336e+03 1.475450838866410322e+03 1.185139679427853935e+03 8.362624935029615472e+02 5.810406794096987824e+02 4.178476699783082040e+02 2.969918700539854512e+02 6.099574987523196796e+02 7.313641352730372773e+02 5.849968791783850293e+02 2.773021728569329412e+02 6.210136661074715221e+02 8.246134344937984224e+02
8.464284869249026899e-01 1.427019027303767189e+03 1.224040578104884162e+03 1.079031512323038214e+03 9.766122892338099746e+02 8.882715161801437489e+02 8.055123461224532093e+02 6.703194598181704578e+02 3.301326847846388546e+02 4.023054447671821094e+02 4.765978065083260731e+02 5.559889473133951014e+02 6.417568097815094461e+02 7.357831153526710750e+02 8.503584088836787487e+02 9.993523578958813687e+02 1.209545066607588979e+03 1.558638185741420330e+03 1.682213444250314751e+03 1.481498997686573148e+03 1.233030704164376175e+03 8.914396461076345304e+02 1.143690041453857702e+03 1.484693538521501296e+03 1.476692102168864039e+03 1.313094394832063699e+03 1.166480637336783275e+03 1.062147348920786953e+03 8.981978202513430460e+02 6.592934602893230931e+02 3.163014107864759694e+02 6.583569237004645629e+02 6.500455039429698445e+02 3.052578854597327336e+02 6.093164178976318226e+02 3.387226134619905906e+02 5.912269502457481849e+02
6.141386437462179604e-01 1.447383606494235437e+03 1.265591816026814740e+03 1.122004671513426274e+03 1.000620525309684695e+03 8.957339015209072386e+02 8.013579703455897061e+02 6.854588597525578280e+02 3.471399368831556558e+02 6.823227351452452467e+02 8.179006171278865622e+02 9.007197667099748060e+02 9.867858134376407406e+02 1.081258370177373990e+03 1.196155676961235258e+03 1.339157675637786269e+03 1.491678137944691798e+03 1.690842896210257777e+03 1.550830597401060686e+03 1.206533823099476649e+03 1.000690617382465462e+03 1.232927578243013841e+03 1.382421483495749271e+03 1.431798458665280350e+03 1.252901743683703899e+03 9.886161776799616518e+02 8.224011738884787519e+02 8.743598672287910176e+02 7.891259447124680264e+02 6.745283902535563811e+02 3.361558509779197834e+02 6.807773056376230443e+02 6.677547855256111689e+02 3.247840503605762592e+02 6.613740113019781575e+02 3.826542381375999753e+02 6.326245971467496929e+02
3.259476769623992354e-01 1.310640323871063856e+03 9.624420396230655115e+02 7.797204903743455588e+02 6.580525001551486639e+02 5.529515879376991734e+02 4.589515454922073445e+02 3.711019268339726978e+02 6.801024115694168586e+02 4.570848906824136293e+02 7.994333325586266028e+02 9.976377090826823633e+02 1.093624876310305126e+03 1.198641231397940601e+03 1.320230898790197443e+03 1.463180470679892323e+03 1.645143606516105820e+03 1.695727134433630454e+03 1.351375470530911798e+03 1.142476452280025114e+03 1.342812619810378010e+03 1.258564677039988055e+03 1.593901049236285417e+03 1.300009989293893113e+03 9.459223671522489667e+02 7.630050472381570899e+02 6.348166604931493566e+02 5.306261363964733846e+02 4.447642899115110140e+02 3.637183630277426118e+02 6.763042832562028934e+02 8.163141544949521631e+02 6.837151525790995947e+02 3.449698855556107446e+02 6.848428676441885727e+02 4.287779402048733459e+02 7.651571677000675891e+02
5.542914561312851651e-01 1.449045950741309525e+03 1.263789566516126570e+03 1.123065138598394697e+03 1.001670056149416723e+03 8.952422205456524580e+02 7.293896724137686078e+02 3.884037211174756976e+02 7.316755363655508972e+02 7.962384471412752873e+02 5.732290535669677638e+02 6.589010023232993944e+02 7.528597943783471464e+02 8.579392784589809935e+02 9.795853849611854685e+02 1.162349462044610846e+03 1.516612783720275957e+03 1.830350822703351923e+03 1.606733967051615764e+03 1.264347612159048367e+03 1.604575506995975729e+03 1.604927252537797585e+03 1.731468331779914934e+03 1.442862062730503794e+03 1.252361759043802067e+03 1.106867161181245820e+03 9.785423210509220553e+02 8.734145943543206840e+02 7.243624072283472515e+02 3.838448861294509697e+02 7.260075774471223440e+02 7.213236061499766265e+02 3.741421348793558082e+02 6.789163475153648051e+02 8.275095642772996598e+02 7.712350822174887526e+02 4.967386273088178541e+02
7.711441462257566659e-01 1.491601824660543343e+03 1.151628238914622671e+03 1.135848623840717437e+03 1.031593654775333789e+03 9.330991619640504950e+02 7.474341896583406424e+02 4.062089168446251506e+02 7.456358836708252511e+02 9.148050710356059199e+02 9.167228319004786954e+02 1.000931048015925285e+03 1.094761252285873752e+03 1.199729894143285037e+03 1.321140521620727668e+03 1.464040360761952343e+03 1.652293221633014809e+03 1.953116508572781868e+03 1.623835641067537154e+03 1.472698879087050727e+03 1.742902081484037581e+03 1.661244632384005627e+03 1.525874063716628825e+03 1.565127341161753748e+03 1.326367326919438710e+03 1.145057182782978771e+03 1.002571656869957224e+03 9.204532860112728940e+02 7.440073946448718516e+02 4.044290431987010379e+02 7.514572184026274044e+02 8.553621594121246972e+02 7.079395648159494385e+02 4.031384319772163849e+02 7.545748562363353358e+02 9.799275334045115642e+02 8.365306460890554945e+02
7.744284735722303248e-01 1.389622603722130862e+03 1.045012802648749130e+03 7.952120726348628068e+02 6.892955342531948872e+02 5.928813224642914292e+02 5.115164097173789628e+02 7.414628457573212472e+02 4.326001925834499389e+02 7.736382743809210751e+02 8.766306642869443522e+02 9.566702323655605369e+02 1.042629292230654301e+03 1.136862589626202862e+03 1.242374699543279803e+03 1.364579066656505802e+03 1.510580092805703998e+03 1.701335285897520180e+03 1.941538239240582925e+03 1.810190743774228849e+03 1.671961027047904736e+03 1.457541104020690227e+03 1.175450186006863532e+03 1.329650515599784740e+03 1.088424306746525872e+03 8.388586684214975548e+02 6.591510047723165826e+02 7.713560301606727307e+02 4.342601034594891871e+02 6.504236979388534792e+02 8.914844790281877067e+02 7.786887461596905951e+02 4.317781600649990423e+02 6.492393544562619354e+02 9.003996072586226092e+02 1.163003126878272269e+03 8.263617288338393791e+02
8.248554565081550605e-01 1.371710525083974744e+03 1.025748853710751064e+03 1.135363461245004373e+03 8.859506495430312043e+02 9.356070124669267898e+02 7.197853642195032080e+02 9.144631042177900326e+02 7.724865977522781577e+02 4.579834854935215276e+02 5.335383951904461810e+02 6.129409082130334809e+02 6.986969207269492017e+02 7.926567652167909728e+02 8.977449340361121131e+02 1.019412358383657988e+03 1.202228259157698403e+03 1.554025437721533535e+03 1.728623054323509223e+03 1.552843297065032402e+03 1.405437340953264538e+03 1.184730733913039785e+03 9.665845851420373265e+02 9.898773515696733512e+02 1.014272374938683470e+03 9.446569080761141777e+02 8.012958015980466371e+02 4.638049586244916327e+02 7.721877415016055011e+02 7.939796672656626697e+02 1.121064331024168268e+03 8.009862028562392879e+02 4.519326771389494297e+02 7.985832922696268952e+02 1.129422641644535815e+03 1.306107745187659248e+03 1.171942308232010873e+03
8.741265435000461492e-01 1.516441325100309314e+03 1.278317738234519311e+03 1.369355253251592558e+03 1.235488914142307067e+03 1.201982793176696305e+03 1.060484016038745494e+03 9.854808230912053659e+02 8.159170286590958767e+02 4.770359983242642556e+02 8.126570737941561902e+02 9.497318470428107275e+02 1.036971503403128509e+03 1.131406558877510406e+03 1.237048032027299541e+03 1.359572156655634672e+03 1.504071238612694515e+03 1.687229120619569812e+03 1.591973533869801713e+03 1.241766383962395594e+03 1.058845364814468894e+03 9.370818759045475872e+02 8.364933039006539275e+02 7.412629895691015918e+02 6.719547300746626206e+02 6.054772297271421166e+02 5.444490270284436519e+02 4.841893730195656644e+02 8.295714459965797687e+02 1.129755550008128466e+03 1.148892643276632043e+03 8.185791359272157024e+02 4.727136968918727575e+02 8.125032521287429290e+02 9.958874574581259367e+02 1.239223108006935036e+03 1.413173292150859425e+03
6.364769656219076976e-01 1.760227308687552068e+03 1.570535412431510622e+03 1.431702050845157828e+03 1.470418403883614928e+03 1.138909941215702020e+03 8.901095388884725708e+02 6.841625854128176343e+02 5.042372225008401188e+02 8.104280691168361273e+02 6.067331637409151881e+02 7.033717341663074194e+02 8.077692810538959520e+02 9.220328157624990126e+02 1.049784767873829651e+03 1.210960275240158353e+03 1.418789369003364300e+03 1.762273869901324588e+03 1.733691360283827635e+03 1.552234916909487993e+03 1.406662801485118052e+03 1.282113751541537113e+03 1.032789195901201992e+03 9.908687858207953241e+02 1.015679687288532023e+03 8.117354560115363711e+02 8.432946566319977819e+02 5.064587489410880039e+02 7.132987065664121928e+02 1.059386206904221126e+03 1.017760719994942292e+03 6.688269336619493970e+02 8.099218671229785969e+02 5.028510866454150232e+02 7.505759008382635784e+02 1.020816045628652773e+03 1.187747737150526063e+03
5.041919911274790334e-01 1.743537481584853140e+03 1.434805017052559833e+03 1.086733997641956194e+03 1.172383394186660780e+03 1.092128957265108056e+03 1.017386360455334852e+03 8.611307311932264383e+02 5.239352142783811814e+02 8.611136034883918455e+02 9.485350227418203986e+02 1.046744250617537091e+03 1.151110477048117673e+03 1.266031247127352799e+03 1.395233973844645107e+03 1.536971930213831911e+03 1.696177360681797381e+03 1.900072965842878375e+03 1.930498697230928883e+03 1.780341082559881897e+03 1.639830849592340201e+03 1.520123931620739995e+03 1.377784667313905175e+03 1.334180095290669897e+03 1.295020773199227506e+03 1.150567059653231581e+03 8.769747041275857100e+02 5.291312691278162674e+02 8.735925172669868743e+02 1.192824097228387473e+03 1.158082969813206319e+03 8.769162650741011475e+02 9.892976421199430206e+02 8.431250479756946561e+02 5.322033636023435292e+02 6.937868771537031307e+02 9.026446227996590324e+02
4.874612525402843843e-01 1.607098894120702653e+03 1.261050934202213057e+03 1.166057976359059467e+03 8.271220184665654642e+02 7.483089124639211605e+02 6.788450821752818456e+02 6.124748835172565578e+02 8.589646065154087182e+02 5.539074704908057356e+02 8.947628681253952436e+02 1.071172960262056904e+03 1.169293245653403346e+03 1.313045483589818105e+03 1.516371346814448316e+03 1.582165481499704811e+03 1.596369709986298176e+03 1.741185763222151763e+03 1.783755582637180623e+03 1.450641373512008840e+03 1.301235279765235873e+03 1.517591502216278059e+03 1.384650476566179805e+03 1.347380788954469381e+03 1.276475909271032833e+03 1.078746345604550470e+03 8.921584906890644788e+02 5.522266319433796298e+02 8.015290784009958998e+02 1.147353325901786548e+03 1.356765869721976514e+03 1.222721211436495423e+03 1.146116078805741154e+03 8.957177534772561103e+02 5.537815108067352412e+02 8.898889620434877088e+02 1.066058852470454212e+03
5.946749792417829195e-01 1.632390198735912463e+03 1.312430911735958034e+03 9.677279735875625875e+02 1.166989753401222060e+03 9.552064578705873146e+02 1.021890991437230241e+03 8.208038324491085405e+02 1.033287924172237126e+03 8.893074105246398631e+02 5.839510944724463570e+02 9.213730552354644487e+02 8.260542484018245659e+02 1.033142784602393021e+03 1.371816392908019225e+03 1.241197031657078924e+03 1.249065275604192038e+03 1.595407111216583189e+03 1.645052695578076737e+03 1.299407578429959131e+03 1.093441615301393085e+03 1.262883005479115127e+03 1.039973458403019322e+03 1.005318534420774313e+03 9.356897920230948102e+02 9.258517727598718920e+02 5.862622823040620688e+02 8.902287610995691693e+02 7.827136520494007073e+02 1.036286969758999703e+03 1.378419586753859676e+03 1.315095803540379165e+03 1.012646381751030503e+03 6.648204227596296505e+02 8.893767268129474814e+02 5.861862125527844682e+02 9.227783101385248301e+02
2.463758980390973186e-02 1.499609546139278336e+03 1.151492080413298254e+03 1.315871807499460374e+03 1.441422241949031104e+03 1.305491686967032365e+03 1.306323043681998342e+03 1.164014089104187178e+03 1.038758080248367150e+03 6.980482428453968851e+02 9.194745991254009141e+02 6.152662476479337101e+02 9.514109382090406370e+02 1.066482628266648362e+03 1.150914986678922332e+03 9.906574333089087077e+02 1.332024475265461660e+03 1.582362567998843360e+03 1.692628657145264015e+03 1.352805665617537215e+03 1.101517674839005394e+03 9.229435393562274612e+02 8.342151504014474312e+02 7.572225746585328352e+02 6.862326507548602876e+02 6.192237996472907753e+02 9.206107121578024817e+02 1.071073430501962775e+03 1.128594023557288665e+03 1.274511476284838182e+03 1.427382253360647837e+03 1.088287269157503488e+03 8.364170149310614306e+02 7.775355531775717282e+02 1.068076759729402283e+03 9.288692626282330593e+02 6.187813761234126559e+02
9.714498240715944144e-01 1.640182664895336529e+03 1.361494667216334392e+03 1.633894203291828944e+03 1.677867059070054438e+03 1.540941799180178350e+03 1.411956820626108538e+03 1.168423427887267735e+03 8.251483396503081167e+02 9.468613672686849441e+02 1.098712524552153127e+03 9.554703603709141362e+02 6.459426862299656023e+02 7.250180904101481474e+02 8.086882323364336571e+02 9.354001658883363461e+02 1.097877011018521443e+03 1.353156523445126140e+03 1.694875765669707334e+03 1.587351236889134725e+03 1.410366696748147433e+03 1.267423114836054310e+03 1.177461920513977020e+03 1.098571682729282429e+03 9.913419534221128515e+02 6.581032446375907057e+02 6.661197985508863439e+02 1.007910384344608360e+03 1.198365188772003194e+03 1.404294659387461479e+03 1.439245812146248454e+03 1.094811580939737496e+03 1.176025907650438512e+03 8.987202133598304954e+02 1.238233709058605427e+03 1.110346726318307901e+03 9.592330754323555766e+02
8.115776120910033198e-01 1.853153951474609585e+03 1.712818357169888031e+03 1.754881050059008885e+03 1.412632950093076715e+03 1.202800608105398624e+03 1.073644961066787346e+03 9.639523627196014104e+02 1.171163367551416968e+03 1.284560918807399275e+03 1.189197946870438045e+03 1.008228083142733226e+03 6.691634003817722487e+02 1.004929150518434881e+03 1.149125394794615204e+03 1.280632326625384394e+03 1.425697099332527387e+03 1.590418663099031846e+03 1.751486986323805695e+03 1.576204064806303904e+03 1.431639011507845908e+03 1.303020381910033848e+03 1.189607412542086422e+03 1.056235628904395526e+03 7.158557596022501457e+02 9.993062534426160255e+02 1.004574824299907391e+03 7.132120522041032018e+02 9.219122113560744083e+02 1.273479740018468192e+03 1.571334428889717401e+03 1.443804439226993281e+03 1.379764522271717169e+03 1.062539325443401594e+03 1.374611840079986223e+03 1.213420534765751881e+03 1.015588834213967061e+03
