notebooks/tutorials/overland_flow/hugo_site_filled.asc
ncols 76
nrows 55
xllcorner 0.0
yllcorner 0.0
cellsize 10.0
[rows 16 to 31 of 55, columns 37 to 73 of 76]
1.680000000000000000e+03 1.680000000000000000e+03 1.680000000000000000e+03 1.680000000000000000e+03 1.679000000000000000e+03 1.677000000000000000e+03 1.677000000000000000e+03 1.679000000000000000e+03 1.680000000000000000e+03 1.680000000000000000e+03 1.681000000000000000e+03 1.680000000000000000e+03 1.679000000000000000e+03 1.680000000000000000e+03 1.681000000000000000e+03 1.683000000000000000e+03 1.684000000000000000e+03 1.684000000000000000e+03 1.683000000000000000e+03 1.681000000000000000e+03 1.681000000000000000e+03 1.682000000000000000e+03 1.685000000000000000e+03 1.687000000000000000e+03 1.689000000000000000e+03 1.691000000000000000e+03 1.693000000000000000e+03 1.694000000000000000e+03 1.691000000000000682e+03 1.693000000000000000e+03 -9.999000000000000000e+03 -9.999000000000000000e+03 -9.999000000000000000e+03 -9.999000000000000000e+03 -9.999000000000000000e+03 -9.999000000000000000e+03 -9.999000000000000000e+03
1.678000000000000455e+03 1.678000000000000227e+03 1.678000000000000000e+03 1.677000000000000000e+03 1.677000000000000000e+03 1.676000000000000000e+03 1.675000000000000682e+03 1.677000000000000000e+03 1.677000000000000000e+03 1.677000000000000000e+03 1.678000000000000000e+03 1.678000000000000000e+03 1.677000000000000000e+03 1.677000000000000000e+03 1.679000000000000000e+03 1.681000000000000000e+03 1.682000000000000000e+03 1.682000000000000000e+03 1.681000000000000000e+03 1.679000000000000000e+03 1.678000000000000000e+03 1.680000000000000000e+03 1.683000000000000000e+03 1.686000000000000000e+03 1.688000000000000000e+03 1.689000000000000000e+03 1.690000000000000000e+03 1.692000000000000000e+03 1.691000000000000455e+03 1.691000000000000227e+03 1.692000000000000000e+03 1.692000000000000000e+03 1.692000000000000000e+03 1.692000000000000000e+03 1.691000000000000000e+03 1.690000000000000227e+03 1.692000000000000000e+03
1.680000000000000000e+03 1.678000000000000455e+03 1.679000000000000000e+03 1.676000000000000455e+03 1.676000000000000227e+03 1.676000000000000000e+03 1.675000000000000455e+03 1.675000000000000227e+03 1.675000000000000000e+03 1.675000000000000000e+03 1.675000000000000000e+03 1.675000000000000000e+03 1.674000000000000000e+03 1.676000000000000000e+03 1.677000000000000000e+03 1.678000000000000000e+03 1.679000000000000000e+03 1.679000000000000000e+03 1.679000000000000000e+03 1.677000000000000000e+03 1.676000000000000000e+03 1.678000000000000000e+03 1.681000000000000000e+03 1.684000000000000000e+03 1.686000000000000000e+03 1.688000000000000000e+03 1.688000000000000000e+03 1.689000000000000000e+03 1.691000000000000000e+03 1.691000000000000000e+03 1.691000000000000000e+03 1.690000000000000000e+03 1.691000000000000000e+03 1.689000000000000000e+03 1.690000000000000000e+03 1.690000000000000000e+03 1.690000000000000000e+03
1.684000000000000000e+03 1.682000000000000000e+03 1.682000000000000000e+03 1.680000000000000000e+03 1.678000000000000000e+03 1.677000000000000000e+03 1.675000000000000682e+03 1.675000000000000000e+03 1.674000000000000227e+03 1.674000000000000000e+03 1.673000000000000227e+03 1.673000000000000000e+03 1.673000000000000000e+03 1.674000000000000000e+03 1.675000000000000000e+03 1.675000000000000000e+03 1.676000000000000000e+03 1.676000000000000000e+03 1.677000000000000000e+03 1.676000000000000000e+03 1.675000000000000000e+03 1.677000000000000000e+03 1.680000000000000000e+03 1.683000000000000000e+03 1.684000000000000000e+03 1.687000000000000000e+03 1.686000000000000000e+03 1.687000000000000000e+03 1.688000000000000000e+03 1.687000000000000000e+03 1.688000000000000000e+03 1.687000000000000000e+03 1.688000000000000000e+03 1.687000000000000000e+03 1.687000000000000000e+03 1.687000000000000000e+03 1.687000000000000000e+03
1.687000000000000000e+03 1.685000000000000000e+03 1.685000000000000000e+03 1.683000000000000000e+03 1.682000000000000000e+03 1.680000000000000000e+03 1.678000000000000000e+03 1.678000000000000000e+03 1.677000000000000000e+03 1.675000000000000000e+03 1.673000000000000000e+03 1.672000000000000455e+03 1.672000000000000227e+03 1.672000000000000000e+03 1.673000000000000000e+03 1.673000000000000000e+03 1.673000000000000000e+03 1.674000000000000000e+03 1.675000000000000000e+03 1.673000000000000000e+03 1.673000000000000000e+03 1.676000000000000000e+03 1.679000000000000000e+03 1.680000000000000000e+03 1.682000000000000000e+03 1.683000000000000000e+03 1.684000000000000000e+03 1.683000000000000000e+03 1.684000000000000000e+03 1.684000000000000000e+03 1.683000000000000000e+03 1.684000000000000000e+03 1.684000000000000000e+03 1.684000000000000000e+03 1.683000000000000000e+03 1.684000000000000000e+03 1.683000000000000000e+03
1.689000000000000000e+03 1.689000000000000000e+03 1.688000000000000000e+03 1.687000000000000000e+03 1.684000000000000000e+03 1.683000000000000000e+03 1.681000000000000000e+03 1.681000000000000000e+03 1.679000000000000000e+03 1.677000000000000000e+03 1.677000000000000000e+03 1.674000000000000000e+03 1.673000000000000000e+03 1.670000000000000909e+03 1.670000000000000682e+03 1.670000000000000455e+03 1.670000000000000227e+03 1.671000000000000000e+03 1.672000000000000000e+03 1.671000000000000000e+03 1.672000000000000000e+03 1.674000000000000000e+03 1.678000000000000000e+03 1.678000000000000000e+03 1.680000000000000000e+03 1.680000000000000000e+03 1.680000000000000000e+03 1.679000000000000000e+03 1.680000000000000000e+03 1.680000000000000000e+03 1.680000000000000000e+03 1.680000000000000000e+03 1.680000000000000000e+03 1.681000000000000000e+03 1.680000000000000000e+03 1.680000000000000000e+03 1.679000000000000000e+03
1.694000000000000000e+03 1.692000000000000000e+03 1.691000000000000000e+03 1.689000000000000000e+03 1.688000000000000000e+03 1.685000000000000000e+03 1.685000000000000000e+03 1.683000000000000000e+03 1.682000000000000000e+03 1.680000000000000000e+03 1.679000000000000000e+03 1.678000000000000000e+03 1.676000000000000000e+03 1.675000000000000000e+03 1.673000000000000000e+03 1.671000000000000000e+03 1.670000000000000000e+03 1.669000000000000227e+03 1.669000000000000000e+03 1.670000000000000000e+03 1.671000000000000000e+03 1.674000000000000000e+03 1.675000000000000000e+03 1.676000000000000000e+03 1.676000000000000000e+03 1.677000000000000000e+03 1.676000000000000000e+03 1.676000000000000000e+03 1.677000000000000000e+03 1.676000000000000000e+03 1.677000000000000000e+03 1.677000000000000000e+03 1.676000000000000000e+03 1.677000000000000000e+03 1.676000000000000000e+03 1.678000000000000000e+03 1.676000000000000000e+03
1.696000000000000000e+03 1.695000000000000000e+03 1.695000000000000000e+03 1.693000000000000000e+03 1.691000000000000000e+03 1.690000000000000000e+03 1.688000000000000000e+03 1.687000000000000000e+03 1.685000000000000000e+03 1.683000000000000000e+03 1.681000000000000000e+03 1.680000000000000000e+03 1.679000000000000000e+03 1.677000000000000000e+03 1.675000000000000000e+03 1.673000000000000000e+03 1.672000000000000000e+03 1.669000000000000000e+03 1.668000000000000682e+03 1.669000000000000000e+03 1.670000000000000000e+03 1.671000000000000000e+03 1.673000000000000000e+03 1.674000000000000000e+03 1.674000000000000000e+03 1.674000000000000000e+03 1.673000000000000000e+03 1.673000000000000000e+03 1.673000000000000000e+03 1.673000000000000000e+03 1.673000000000000000e+03 1.672000000000000000e+03 1.672000000000000000e+03 1.673000000000000000e+03 1.673000000000000000e+03 1.673000000000000000e+03 1.672000000000000000e+03
1.697000000000000000e+03 1.697000000000000000e+03 1.697000000000000000e+03 1.694000000000000000e+03 1.693000000000000000e+03 1.692000000000000000e+03 1.690000000000000000e+03 1.689000000000000000e+03 1.686000000000000000e+03 1.685000000000000000e+03 1.682000000000000000e+03 1.681000000000000000e+03 1.679000000000000000e+03 1.678000000000000000e+03 1.676000000000000000e+03 1.674000000000000000e+03 1.674000000000000000e+03 1.670000000000000000e+03 1.668000000000000455e+03 1.668000000000000227e+03 1.669000000000000000e+03 1.670000000000000000e+03 1.670000000000000000e+03 1.672000000000000000e+03 1.672000000000000000e+03 1.671000000000000000e+03 1.671000000000000000e+03 1.670000000000000000e+03 1.670000000000000000e+03 1.670000000000000000e+03 1.669000000000000000e+03 1.669000000000000000e+03 1.669000000000000000e+03 1.669000000000000000e+03 1.669000000000000000e+03 1.669000000000000000e+03 1.669000000000000000e+03
1.698000000000000000e+03 1.697000000000000000e+03 1.696000000000000000e+03 1.695000000000000000e+03 1.694000000000000000e+03 1.692000000000000000e+03 1.690000000000000000e+03 1.689000000000000000e+03 1.687000000000000000e+03 1.684000000000000000e+03 1.683000000000000000e+03 1.682000000000000000e+03 1.679000000000000000e+03 1.679000000000000000e+03 1.677000000000000000e+03 1.675000000000000000e+03 1.674000000000000000e+03 1.672000000000000000e+03 1.670000000000000000e+03 1.668000000000000000e+03 1.667000000000000682e+03 1.668000000000000000e+03 1.668000000000000000e+03 1.669000000000000000e+03 1.669000000000000000e+03 1.669000000000000000e+03 1.668000000000000000e+03 1.668000000000000000e+03 1.668000000000000000e+03 1.667000000000000000e+03 1.666000000000000000e+03 1.666000000000000000e+03 1.665000000000000000e+03 1.665000000000000000e+03 1.665000000000000000e+03 1.665000000000000000e+03 1.665000000000000000e+03
1.697000000000000000e+03 1.697000000000000000e+03 1.695000000000000000e+03 1.694000000000000000e+03 1.692000000000000000e+03 1.691000000000000000e+03 1.689000000000000000e+03 1.687000000000000000e+03 1.686000000000000000e+03 1.683000000000000000e+03 1.681000000000000000e+03 1.679000000000000000e+03 1.678000000000000000e+03 1.677000000000000000e+03 1.675000000000000000e+03 1.674000000000000000e+03 1.673000000000000000e+03 1.671000000000000000e+03 1.669000000000000000e+03 1.668000000000000000e+03 1.667000000000000455e+03 1.667000000000000227e+03 1.667000000000000000e+03 1.667000000000000000e+03 1.667000000000000000e+03 1.667000000000000000e+03 1.666000000000000000e+03 1.666000000000000000e+03 1.665000000000000227e+03 1.665000000000000000e+03 1.664000000000000000e+03 1.663000000000000909e+03 1.663000000000001137e+03 1.663000000000000000e+03 1.663000000000000000e+03 1.663000000000000000e+03 1.662000000000000000e+03
1.696000000000000000e+03 1.695000000000000000e+03 1.694000000000000000e+03 1.692000000000000000e+03 1.690000000000000000e+03 1.689000000000000000e+03 1.688000000000000000e+03 1.685000000000000000e+03 1.684000000000000000e+03 1.681000000000000000e+03 1.679000000000000000e+03 1.676000000000000000e+03 1.675000000000000000e+03 1.673000000000000000e+03 1.673000000000000000e+03 1.672000000000000000e+03 1.670000000000000000e+03 1.669000000000000000e+03 1.669000000000000000e+03 1.667000000000000909e+03 1.667000000000000682e+03 1.667000000000000000e+03 1.666000000000000455e+03 1.666000000000000227e+03 1.666000000000000000e+03 1.666000000000000000e+03 1.665000000000000000e+03 1.665000000000000000e+03 1.665000000000000000e+03 1.664000000000000000e+03 1.663000000000000909e+03 1.663000000000000682e+03 1.663000000000000000e+03 1.662000000000000909e+03 1.662000000000000682e+03 1.662000000000000000e+03 1.661000000000000455e+03
1.694000000000000000e+03 1.693000000000000000e+03 1.691000000000000000e+03 1.690000000000000000e+03 1.688000000000000000e+03 1.686000000000000000e+03 1.685000000000000000e+03 1.683000000000000000e+03 1.681000000000000000e+03 1.678000000000000000e+03 1.676000000000000000e+03 1.673000000000000000e+03 1.672000000000000000e+03 1.671000000000000000e+03 1.670000000000000227e+03 1.670000000000000000e+03 1.669000000000000000e+03 1.668000000000000455e+03 1.668000000000000227e+03 1.668000000000000000e+03 1.667000000000000909e+03 1.667000000000000000e+03 1.666000000000000682e+03 1.666000000000000000e+03 1.665000000000000227e+03 1.665000000000000000e+03 1.664000000000000909e+03 1.664000000000000682e+03 1.664000000000000455e+03 1.664000000000000227e+03 1.664000000000000000e+03 1.663000000000000455e+03 1.663000000000000227e+03 1.663000000000000000e+03 1.662000000000000455e+03 1.662000000000000227e+03 1.662000000000000000e+03
1.692000000000000000e+03 1.691000000000000000e+03 1.689000000000000000e+03 1.687000000000000000e+03 1.686000000000000000e+03 1.684000000000000000e+03 1.682000000000000000e+03 1.680000000000000000e+03 1.678000000000000000e+03 1.676000000000000000e+03 1.674000000000000000e+03 1.672000000000000000e+03 1.671000000000000455e+03 1.671000000000000227e+03 1.671000000000000000e+03 1.670000000000000227e+03 1.670000000000000000e+03 1.670000000000000000e+03 1.670000000000000000e+03 1.669000000000000000e+03 1.668000000000000000e+03 1.670000000000000000e+03 1.667000000000000000e+03 1.666000000000000000e+03 1.665000000000000455e+03 1.666000000000000000e+03 1.664000000000001137e+03 1.665000000000000000e+03 1.665000000000000000e+03 1.665000000000000000e+03 1.665000000000000000e+03 1.664000000000000000e+03 1.664000000000000000e+03 1.664000000000000000e+03 1.663000000000000000e+03 1.664000000000000000e+03 1.663000000000000000e+03
1.690000000000000000e+03 1.688000000000000000e+03 1.686000000000000000e+03 1.684000000000000000e+03 1.682000000000000000e+03 1.681000000000000000e+03 1.679000000000000000e+03 1.678000000000000000e+03 1.676000000000000000e+03 1.674000000000000000e+03 1.672000000000000455e+03 1.672000000000000227e+03 1.673000000000000000e+03 1.672000000000000000e+03 1.673000000000000000e+03 1.672000000000000000e+03 1.672000000000000000e+03 1.672000000000000000e+03 1.673000000000000000e+03 1.671000000000000000e+03 1.671000000000000000e+03 1.673000000000000000e+03 1.673000000000000000e+03 1.669000000000000000e+03 1.667000000000000000e+03 1.666000000000000227e+03 1.666000000000000000e+03 1.666000000000000000e+03 1.668000000000000000e+03 1.668000000000000000e+03 1.667000000000000000e+03 1.666000000000000000e+03 1.667000000000000000e+03 1.665000000000000000e+03 1.664000000000000000e+03 1.666000000000000000e+03 1.665000000000000000e+03
1.687000000000000000e+03 1.685000000000000000e+03 1.683000000000000000e+03 1.681000000000000000e+03 1.680000000000000000e+03 1.678000000000000000e+03 1.677000000000000000e+03 1.675000000000000000e+03 1.674000000000000000e+03 1.673000000000000227e+03 1.673000000000000000e+03 1.673000000000000000e+03 1.675000000000000000e+03 1.676000000000000000e+03 1.677000000000000000e+03 1.675000000000000000e+03 1.676000000000000000e+03 1.675000000000000000e+03 1.675000000000000000e+03 1.673000000000000000e+03 1.673000000000000000e+03 1.674000000000000000e+03 1.675000000000000000e+03 1.673000000000000000e+03 1.672000000000000000e+03 1.672000000000000000e+03 1.672000000000000000e+03 1.670000000000000000e+03 1.671000000000000000e+03 1.670000000000000000e+03 1.669000000000000000e+03 1.668000000000000000e+03 1.668000000000000000e+03 1.666000000000000000e+03 1.665000000000000000e+03 1.666000000000000000e+03 1.665000000000000227e+03
